0.69909 9.9964E-05 0.0287565 9.9964E-05 9.9964E-05 0.0907655 9.9964E-05 0.180988
0.722851 0.0437598 0.0257848 9.9982E-05 9.9982E-05 0.00237792 0.0249315 0.180096
0.706337 0.0683179 0.0301951 9.9982E-05 9.9982E-05 0.0921484 0.00428066 0.098521
0.689243 0.191016 0.0212249 0.0616752 9.9973E-05 9.9973E-05 0.0365412 9.9973E-05
0.679363 0.270656 0.0172212 9.9964E-05 9.9964E-05 9.9964E-05 0.0323604 9.9964E-05
0.736646 0.194572 0.0161135 9.9964E-05 9.9964E-05 0.0522692 9.9964E-05 9.9964E-05
0.638193 0.0804141 0.0414316 0.0943769 0.0213802 0.000841979 0.0252778 0.0980847
0.701446 0.050586 0.0217026 0.0540054 0.0182869 9.9991E-05 0.0136415 0.140231
0.705101 0.0400311 9.9982E-05 0.0454776 0.0418637 9.9982E-05 0.00843796 0.158888
9.994E-05 9.994E-05 0.9993 9.994E-05 9.994E-05 9.994E-05 9.994E-05 9.994E-05
9.9973E-05 0.144885 0.114007 9.9973E-05 9.9973E-05 0.0419709 0.0279338 0.670903
0.0233943 0.148678 0.0856017 0.0336648 0.0143743 9.9991E-05 0.00597719 0.68821
0.0295251 9.9973E-05 0.591281 0.0618866 0.0381188 9.9973E-05 9.9973E-05 0.278889
0.0814917 9.9982E-05 0.701198 0.0574459 0.00696953 9.9982E-05 0.00352732 0.149167
9.9946E-05 9.9946E-05 0.973513 9.9946E-05 9.9946E-05 9.9946E-05 0.0258877 9.9946E-05
0.0228042 9.9991E-05 0.37403 0.00441329 0.0109474 0.0767531 0.00312713 0.507825
9.994E-05 9.994E-05 0.9993 9.994E-05 9.994E-05 9.994E-05 9.994E-05 9.994E-05
0.0042637 9.9982E-05 0.68371 0.00655993 0.0231972 0.0416247 9.9982E-05 0.240444
0.038179 9.9982E-05 0.794774 0.0327559 0.0196967 9.9982E-05 0.00426462 0.11013
0.0690932 0.17404 0.083297 0.03382 9.9991E-05 0.0226949 0.0142817 0.602673
9.994E-05 9.994E-05 0.9993 9.994E-05 9.994E-05 9.994E-05 9.994E-05 9.994E-05
9.999E-05 0.0655378 0.00758408 0.0509776 0.0419621 0.163922 0.000752642 0.669164
0.0115381 0.16993 9.9991E-05 0.0199894 0.0243827 0.0634849 0.0238747 0.6867
9.999E-05 0.34365 0.0172736 0.0403292 0.0115955 0.0697313 0.0427659 0.474554
9.9946E-05 0.232296 9.9946E-05 9.9946E-05 9.9946E-05 9.9946E-05 9.9946E-05 0.767104
0.0101972 0.372808 0.0158407 0.0611387 9.9991E-05 0.108795 0.028438 0.402683
9.9991E-05 0.268615 0.018956 0.037505 0.0164011 0.119226 0.0170645 0.522133
9.9982E-05 0.0716721 9.9982E-05 0.0391505 0.0251166 0.0616426 0.00618256 0.796036
9.999E-05 0.221176 0.036836 0.00821511 0.015098 0.0987452 0.0109165 0.608913
9.9982E-05 0.098068 0.0240253 0.0277089 0.0440756 0.0309366 9.9982E-05 0.774986
9.9982E-05 0.0987505 0.0248156 0.0299702 9.9982E-05 0.0525005 0.0130243 0.780739
0.589248 9.9982E-05 0.010189 0.0174109 0.27045 0.0263422 9.9982E-05 0.08616
0.691134 9.9964E-05 9.9964E-05 9.9964E-05 0.104917 0.00245056 9.9964E-05 0.201098
0.636204 0.0103551 9.9982E-05 0.0059417 0.173979 0.0165175 9.9982E-05 0.156802
0.728872 0.0715514 9.9973E-05 0.015281 0.180338 9.9973E-05 0.00365799 9.9973E-05
0.628811 9.9964E-05 9.9964E-05 0.00411805 0.186275 9.9964E-05 9.9964E-05 0.180396
0.648051 0.0347189 9.9991E-05 0.0225714 0.230933 0.0515278 0.00924751 0.00285053
0.764282 9.9982E-05 0.00253283 0.0368868 0.122796 0.00017151 9.9982E-05 0.0731304
0.790753 0.0475296 0.00873617 0.0185861 0.134096 9.9973E-05 9.9973E-05 9.9973E-05
0.600381 0.173927 0.0353819 9.9973E-05 0.180542 9.9973E-05 0.00946768 9.9973E-05
0.765129 0.00161558 9.9964E-05 9.9964E-05 0.172011 0.0608445 9.9964E-05 9.9964E-05
9.9973E-05 0.0243965 0.0132539 0.918924 9.9973E-05 9.9973E-05 0.0250831 0.0180425
9.9955E-05 9.9955E-05 9.9955E-05 0.938316 9.9955E-05 0.0331086 9.9955E-05 0.0280756
9.9973E-05 0.00232635 9.9973E-05 0.902673 0.0273141 9.9973E-05 0.0176838 0.0497025
9.9946E-05 9.9946E-05 9.9946E-05 0.859622 9.9946E-05 9.9946E-05 9.9946E-05 0.139779
0.00753569 9.9973E-05 9.9973E-05 0.866251 0.00793438 9.9973E-05 0.0215211 0.0964575
9.9955E-05 9.9955E-05 9.9955E-05 0.881647 0.0190224 9.9955E-05 9.9955E-05 0.0988306
0.0113305 0.00821535 0.00946469 0.762501 0.0418855 0.0301701 0.00974848 0.126685
9.9964E-05 9.9964E-05 0.0353424 0.946735 9.9964E-05 0.0113187 9.9964E-05 0.00620411
9.9946E-05 0.0153972 9.9946E-05 0.984003 9.9946E-05 9.9946E-05 9.9946E-05 9.9946E-05
0.0133455 9.9955E-05 9.9955E-05 0.920827 9.9955E-05 9.9955E-05 9.9955E-05 0.0653275
9.994E-05 9.994E-05 9.994E-05 0.9993 9.994E-05 9.994E-05 9.994E-05 9.994E-05
9.9946E-05 9.9946E-05 9.9946E-05 0.987713 9.9946E-05 9.9946E-05 0.0116869 9.9946E-05
9.9946E-05 9.9946E-05 9.9946E-05 9.9946E-05 0.0289678 0.970433 9.9946E-05 9.9946E-05
9.9982E-05 0.121757 0.01861 9.9982E-05 0.0320201 0.727757 0.0150071 0.0846492
0.0543081 0.10267 0.0101203 0.0328593 0.0299077 0.500922 0.0502773 0.218936
9.9982E-05 9.9982E-05 0.0457908 0.00778144 0.00877454 0.834206 0.0361872 0.0670596
0.010963 0.0949385 9.9991E-05 0.0578652 0.0304031 0.62135 0.0241948 0.160185
9.999E-05 0.0820512 0.0335888 0.056491 0.0321406 0.728401 0.0413408 0.0258867
0.0252557 9.9973E-05 9.9973E-05 0.0229977 0.046067 0.843537 9.9973E-05 0.0618427
0.0197131 9.9982E-05 0.013995 0.0257947 0.0282165 0.800492 9.9982E-05 0.111588
0.460054 0.482291 0.0161797 9.9973E-05 9.9973E-05 0.0287534 0.0124221 9.9973E-05
0.46317 0.536231 9.9946E-05 9.9946E-05 9.9946E-05 9.9946E-05 9.9946E-05 9.9946E-05
0.501482 0.292007 0.000402336 0.0195724 0.0293023 9.9991E-05 0.0124545 0.144679
0.557124 0.334852 0.0175252 0.0152164 0.0346415 9.9982E-05 0.0404409 9.9982E-05
0.372225 0.578107 9.9964E-05 0.047541 9.9964E-05 0.00172687 9.9964E-05 9.9964E-05
0.479085 0.20009 0.0536442 0.00993288 0.0542313 0.096419 0.0323445 0.0742531
0.508951 0.278646 0.00642071 9.9982E-05 0.0192978 9.9982E-05 0.0222711 0.164214
0.479688 0.433091 0.00602338 0.0388144 0.0420832 9.9973E-05 9.9973E-05 9.9973E-05
0.530819 0.220548 9.9991E-05 0.0486091 0.0101295 0.000519899 0.00102118 0.188253
0.570499 0.252486 9.9991E-05 0.0148833 0.0121012 0.0296528 0.0407235 0.0795534
0.342792 0.656608 9.9946E-05 9.9946E-05 9.9946E-05 9.9946E-05 9.9946E-05 9.9946E-05
0.0535972 0.0445578 0.109212 0.062521 0.0528637 0.0297008 0.00335733 0.64419
0.0748955 9.9991E-05 0.0721546 0.0224639 0.0266015 0.021473 0.0306348 0.751677
0.0748173 9.9982E-05 0.10309 0.0293219 0.0695134 9.9982E-05 0.00598774 0.71707
0.103272 9.9991E-05 0.0950857 0.0419334 0.033195 0.020516 0.00024785 0.70565
9.9973E-05 0.368543 0.130747 0.0155535 9.9973E-05 9.9973E-05 0.0286383 0.456218
9.9973E-05 0.212372 0.114955 9.9973E-05 9.9973E-05 0.0208297 0.0365818 0.614961
9.9973E-05 0.211263 0.133517 9.9973E-05 9.9973E-05 0.0883753 0.0408929 0.525652
9.9973E-05 0.133129 0.13924 9.9973E-05 0.0136891 0.0351571 9.9973E-05 0.678485
0.0095438 0.239112 0.0989204 9.9982E-05 9.9982E-05 0.177984 0.0125968 0.461643
9.9982E-05 0.281717 0.0834121 9.9982E-05 0.0102721 0.00836698 0.0451096 0.570922
0.0753712 0.106729 0.0433267 0.0550765 0.00456154 0.0139765 0.0331271 0.667832
9.9982E-05 0.2254 0.101106 0.0201264 9.9982E-05 0.060837 0.0540248 0.538306
0.0308083 0.00331655 0.000951741 0.782406 0.0057369 0.104619 0.00195283 0.0702088
0.00224969 9.9982E-05 0.00939321 0.75034 0.0200421 0.0466944 9.9982E-05 0.171081
9.9964E-05 0.153305 9.9964E-05 0.802014 9.9964E-05 0.0408082 0.00347276 9.9964E-05
0.0385076 0.00204198 0.0032844 0.844779 9.9982E-05 0.00620167 9.9982E-05 0.104985
0.0208448 9.9964E-05 9.9964E-05 0.845205 9.9964E-05 0.0169561 9.9964E-05 0.116595
0.0232943 9.9964E-05 9.9964E-05 0.696823 0.0121914 9.9964E-05 9.9964E-05 0.267291
0.0531803 9.9973E-05 9.9973E-05 0.76107 0.00818707 0.0113671 9.9973E-05 0.165895
0.0813891 9.9973E-05 9.9973E-05 0.672234 0.000532016 0.0651921 9.9973E-05 0.180352
0.0243133 9.9973E-05 0.00801703 0.72371 0.0319294 9.9973E-05 9.9973E-05 0.211731
9.994E-05 0.9993 9.994E-05 9.994E-05 9.994E-05 9.994E-05 9.994E-05 9.994E-05
0.08333 0.871886 9.9964E-05 0.0227726 9.9964E-05 0.0216115 9.9964E-05 9.9964E-05
0.253179 0.686365 0.0231629 0.0306937 9.9973E-05 9.9973E-05 9.9973E-05 0.00629952
0.237032 0.593803 0.00554835 9.9973E-05 9.9973E-05 9.9973E-05 0.00298713 0.16033
0.279254 0.390686 0.0076192 0.0323329 0.0122942 9.9982E-05 9.9982E-05 0.277614
0.190101 0.325992 0.00393929 0.026773 0.0326923 0.0169489 9.9991E-05 0.403454
9.9982E-05 0.766717 0.0293006 0.0143673 0.0449653 9.9982E-05 0.00219825 0.142252
9.99459E-05 0.975564 9.99459E-05 9.99459E-05 9.99459E-05 9.99459E-05 9.99459E-05 0.0238366
0.230089 0.679041 0.0141507 9.9964E-05 9.9964E-05 0.0763196 9.9964E-05 9.9964E-05
9.9946E-05 0.895221 9.9946E-05 9.9946E-05 9.9946E-05 9.9946E-05 9.9946E-05 0.104179
0.102703 0.680485 9.9973E-05 9.9973E-05 0.00290627 0.0688554 9.9973E-05 0.14475
0.0820205 0.866984 0.015293 0.0303349 0.0044177 9.9982E-05 9.9982E-05 0.000750182
0.0476219 9.9991E-05 0.00761953 0.00546896 0.0133463 0.831747 0.00654774 0.0875483
9.9973E-05 9.9973E-05 0.0075197 9.9973E-05 0.00187551 0.874192 0.0262402 0.0898727
0.137243 0.00827693 9.9982E-05 0.0379001 0.00194193 0.546985 9.9982E-05 0.267453
0.0990475 9.9964E-05 9.9964E-05 0.0489927 9.9964E-05 0.73412 9.9964E-05 0.11744
9.9955E-05 0.264476 0.0218244 9.9955E-05 9.9955E-05 0.7132 9.9955E-05 9.9955E-05
0.0793325 9.99894E-05 0.0158937 0.0558579 0.0412665 0.62035 9.99894E-05 0.1871
9.9955E-05 9.9955E-05 9.9955E-05 0.0215602 9.9955E-05 0.714441 9.9955E-05 0.263499
0.0665119 9.9973E-05 9.9973E-05 0.042246 0.00405636 0.705428 9.9973E-05 0.181458
9.9973E-05 0.0517646 9.9973E-05 0.00101388 9.9973E-05 0.849679 0.020483 0.0767594
0.0024699 9.9964E-05 9.9964E-05 9.9964E-05 0.00864154 0.831917 9.9964E-05 0.156572
0.00369165 0.0178636 0.0409305 0.0103166 0.0223148 0.819923 0.0499623 0.0349974
0.0637317 0.197898 9.9955E-05 9.9955E-05 0.737871 9.9955E-05 9.9955E-05 9.9955E-05
0.153158 0.154227 0.014567 9.9973E-05 0.675496 9.9973E-05 0.00225252 9.9973E-05
0.224021 0.0172332 0.00969354 0.0393188 0.676118 0.0324612 0.0010547 9.9991E-05
0.253937 9.9982E-05 0.00203405 0.0316357 0.579666 9.9982E-05 0.032472 0.100055
0.206399 9.9964E-05 9.9964E-05 0.0461932 0.593853 9.9964E-05 9.9964E-05 0.153155
0.217142 9.99639E-05 9.99639E-05 0.0317872 0.574652 9.99639E-05 9.99639E-05 0.176019
0.187257 9.9964E-05 9.9964E-05 0.0252871 0.627383 9.9964E-05 9.9964E-05 0.159673
0.174743 9.9964E-05 0.0170228 9.9964E-05 0.747394 0.0604408 9.9964E-05 9.9964E-05
0.185552 0.136925 9.9964E-05 9.9964E-05 0.654189 9.9964E-05 0.0229339 9.9964E-05
0.221509 9.9973E-05 9.9973E-05 0.0111463 0.633156 9.9973E-05 0.0306669 0.103223
0.248449 0.00249032 9.9973E-05 0.0370784 0.60931 9.9973E-05 9.9973E-05 0.102371
0.110746 9.9964E-05 9.9964E-05 0.0257106 0.679173 9.9964E-05 9.9964E-05 0.18397
0.629487 9.9973E-05 0.00933853 9.9973E-05 0.158385 9.9973E-05 0.0226301 0.179859
0.779406 9.9991E-05 0.0358898 0.0222785 0.0757349 0.0263258 0.00482647 0.0554386
0.726776 0.0758486 0.0236101 0.00295761 0.121952 9.9982E-05 0.0486554 9.9982E-05
0.698537 0.0100475 0.0222723 0.0558073 0.143205 0.0501759 0.0198551 9.9991E-05
0.682142 9.9973E-05 0.0210596 0.0412496 0.136175 9.9973E-05 9.9973E-05 0.119073
0.663011 9.9982E-05 0.0362709 0.0213039 0.127234 9.9982E-05 0.00620929 0.145771
0.72873 0.0668771 0.0244449 9.9991E-05 0.0963637 0.00861849 0.0480529 0.0268129
0.701035 0.0642133 0.0153424 0.00939313 0.0939492 0.00275613 0.0148115 0.098499
0.738652 0.0362521 0.0155124 0.030979 0.122734 0.0319412 0.00516601 0.0187639
0.684697 0.0260869 9.9991E-05 0.0344853 0.14143 0.00329139 0.0130875 0.0968223
0.645618 0.112479 0.00950942 0.0064155 0.156311 0.028865 0.040702 9.9991E-05
0.685305 9.9964E-05 9.9964E-05 0.0358635 0.143286 9.9964E-05 9.9964E-05 0.135146
9.9964E-05 0.0245445 0.0112829 9.9964E-05 0.934947 0.0288259 9.9964E-05 9.9964E-05
9.9964E-05 0.0486005 0.000572474 9.9964E-05 0.948004 0.0024236 9.9964E-05 9.9964E-05
9.9955E-05 0.0290288 9.9955E-05 9.9955E-05 0.95784 9.9955E-05 0.0126313 9.9955E-05
9.9955E-05 9.9955E-05 9.9955E-05 0.0164664 0.928012 9.9955E-05 9.9955E-05 0.0550221
9.9946E-05 9.9946E-05 9.9946E-05 9.9946E-05 0.88693 9.9946E-05 9.9946E-05 0.112471
0.02787 9.9973E-05 9.9973E-05 0.027821 0.819543 9.9973E-05 0.00457857 0.119888
0.0479311 9.9955E-05 9.9955E-05 9.9955E-05 0.857994 9.9955E-05 9.9955E-05 0.0935749
0.0030215 9.9964E-05 9.9964E-05 0.0190826 0.8863 9.9964E-05 9.9964E-05 0.0911956
9.9955E-05 0.0733229 9.9955E-05 9.9955E-05 0.920868 9.9955E-05 0.00530959 9.9955E-05
9.9946E-05 0.0803816 9.9946E-05 9.9946E-05 0.919019 9.9946E-05 9.9946E-05 9.9946E-05
9.9964E-05 0.00245471 0.00403829 9.9964E-05 0.952164 0.0409434 9.9964E-05 9.9964E-05
9.9964E-05 9.9964E-05 9.9964E-05 0.0104889 0.889012 9.9964E-05 0.0053216 0.0947777
0.0215123 0.194304 9.9991E-05 0.0859261 0.0153132 0.536772 0.008994 0.137078
0.0378291 0.131846 0.0122597 0.0846654 9.9991E-05 0.666344 0.0489591 0.0179973
9.9973E-05 0.14217 0.0235753 0.0178353 9.9973E-05 0.779419 0.0367008 9.9973E-05
0.068982 0.0528016 9.9991E-05 0.0935955 0.0193061 0.591198 0.038916 0.135101
0.0451916 0.140696 0.0496746 0.0546731 9.9991E-05 0.574024 0.0603292 0.0753115
0.0847576 9.9982E-05 9.9982E-05 0.071602 0.0281145 0.531798 0.00426493 0.279263
9.9973E-05 9.9973E-05 0.0134265 9.9973E-05 0.0241096 0.794793 0.0290111 0.13836
0.0232884 0.00399745 0.0372282 9.9991E-05 0.0141968 0.753024 0.0386954 0.12947
9.9964E-05 0.172201 9.9964E-05 0.00181431 9.9964E-05 0.74636 0.079225 9.9964E-05
0.0061907 9.9991E-05 0.0159992 0.00123337 0.0359307 0.770764 0.0126516 0.15713
9.9973E-05 0.131504 9.9973E-05 0.0282225 0.013627 0.804009 9.9973E-05 0.0223373
9.9973E-05 0.0378965 0.00277388 9.9973E-05 0.00793264 0.886256 0.0648406 9.9973E-05
0.00657028 0.122517 9.9982E-05 0.0216565 9.9982E-05 0.766272 0.0144333 0.0683509
9.9955E-05 0.254131 9.9955E-05 9.9955E-05 9.9955E-05 0.671239 0.0741306 9.9955E-05
0.0683742 9.9973E-05 0.023252 0.023344 9.9973E-05 0.618486 9.9973E-05 0.266244
0.842074 9.9964E-05 0.00715544 9.9964E-05 9.9964E-05 0.103162 9.9964E-05 0.0472086
0.512075 9.9982E-05 0.0101235 0.0216783 0.253186 0.0214448 9.9982E-05 0.181292
0.825824 9.9991E-05 0.0123854 0.0105452 0.0018998 0.0844074 0.0220111 0.0428275
0.739185 0.0777532 0.00664197 0.0110634 0.044086 0.0424184 0.0166503 0.0622017
0.622221 9.9964E-05 9.9964E-05 9.9964E-05 0.0955403 9.9964E-05 0.000679907 0.281159
0.616786 0.0406129 9.9991E-05 0.0328427 0.211763 0.0647194 0.000983256 0.0321927
0.642302 0.0710632 0.0326346 9.9982E-05 0.11624 0.0975681 0.0399924 9.9982E-05
0.746688 0.0704509 0.0211194 0.0246146 0.0829909 9.9982E-05 0.0539363 9.9982E-05
0.0440596 0.121986 9.9982E-05 0.0604677 0.0364912 9.9982E-05 0.0347984 0.701997
9.9973E-05 0.286789 0.0228931 9.9973E-05 9.9973E-05 0.0333753 0.0592097 0.597433
9.994E-05 9.994E-05 9.994E-05 9.994E-05 9.994E-05 9.994E-05 0.9993 9.994E-05
0.132136 0.17866 9.9991E-05 0.0238767 0.0312302 0.119402 0.0201835 0.494412
0.0155801 0.198655 0.021498 9.9991E-05 0.0273461 0.171768 0.0333121 0.531741
0.0561066 0.0787824 0.0301693 0.00173437 9.9991E-05 0.111999 0.0417639 0.679345
9.994E-05 9.994E-05 9.994E-05 9.994E-05 9.994E-05 9.994E-05 0.9993 9.994E-05
0.00639105 9.9973E-05 9.9973E-05 0.00157852 0.0207805 9.9973E-05 0.90665 0.0642999
0.0829047 0.142116 0.0405413 0.0146572 9.9991E-05 0.080962 0.0758236 0.562895
0.0369986 0.191905 0.0428452 0.0549475 0.0116206 0.0351342 0.0335825 0.592967
0.0652502 0.121311 0.048094 0.036513 0.00861199 0.0739312 0.13996 0.506329
0.0347951 0.0588233 0.0397537 0.00773074 9.9991E-05 0.0754025 0.0526625 0.730732
9.9982E-05 0.230048 0.0639424 9.9982E-05 0.0112639 0.0287301 0.0520723 0.613744
0.0485259 9.9973E-05 9.9973E-05 0.0113524 0.0107836 9.9973E-05 0.0409026 0.888136
0.0215837 0.0386435 0.0369753 9.9982E-05 9.9982E-05 0.0282005 0.0351137 0.839283
9.9973E-05 0.0777555 0.00282942 0.010474 9.9973E-05 9.9973E-05 0.039778 0.868863
9.9973E-05 0.135818 0.0535362 9.9973E-05 9.9973E-05 0.0486262 0.0234552 0.738264
0.0192071 0.07646 0.0335636 0.0208771 9.9991E-05 0.0955732 0.0525401 0.701679
9.9982E-05 0.19203 0.0353047 0.0141402 9.9982E-05 0.0240471 0.0532008 0.681077
9.9982E-05 0.152313 0.0311376 0.051608 9.9982E-05 0.0409077 0.0202048 0.703628
0.0857968 9.9991E-05 0.0349959 0.0428318 0.0380272 0.0158138 0.00660604 0.775828
0.0671906 0.115612 0.0304047 0.059993 0.0250921 9.9991E-05 0.0593913 0.642216
0.0105004 0.0180629 9.9964E-05 9.9964E-05 9.9964E-05 9.9964E-05 0.0518636 0.919173
