0.634375 0.0360801 0.153698 0.0241855 0.137882 0.0137789
0.699892 0.00775852 0.179734 9.9991E-05 0.0927209 0.019794
0.697864 0.0260703 0.0941189 0.0524541 0.0987153 0.0307777
0.807706 0.0825223 0.00848741 9.9991E-05 0.0742953 0.0268894
0.90364 9.9991E-05 0.0664397 0.00894306 0.00237828 0.0184985
0.897279 0.0204301 9.9982E-05 0.0534834 9.9982E-05 0.0286075
0.615516 0.0942731 0.127375 9.9991E-05 0.134048 0.028688
0.656621 0.0690552 0.127455 9.9991E-05 0.141117 0.00565179
0.664377 0.0708186 0.102871 9.9982E-05 0.161734 9.9982E-05
9.996E-05 9.996E-05 9.996E-05 9.996E-05 9.996E-05 0.9995
0.073279 9.9982E-05 0.720816 0.0854298 9.9982E-05 0.120275
0.0643553 0.0513235 0.641435 0.0720736 0.0552108 0.115601
9.9982E-05 0.0814222 0.199752 9.9982E-05 0.0897811 0.628845
0.0264812 0.0598331 0.169053 9.9991E-05 0.0407195 0.703814
9.996E-05 9.996E-05 9.996E-05 9.996E-05 9.996E-05 0.9995
9.999E-05 0.0187842 0.493608 0.0836595 0.0398463 0.364002
9.996E-05 9.996E-05 9.996E-05 9.996E-05 9.996E-05 0.9995
9.999E-05 0.00831077 0.225999 0.0402923 0.0542046 0.671093
9.9982E-05 0.0381503 0.156995 9.9982E-05 0.0452953 0.759359
0.120877 0.0508358 0.608923 0.104201 0.0156953 0.099468
9.996E-05 9.996E-05 9.996E-05 9.996E-05 9.996E-05 0.9995
9.9991E-05 0.0734508 0.59796 0.222198 0.0862355 0.0200554
0.0501248 0.0465758 0.746458 0.0891028 0.0575876 0.0101511
0.126804 0.0398179 0.57591 0.183522 0.0206145 0.0533311
9.9982E-05 9.9982E-05 0.85161 0.117538 0.0218907 0.00876084
0.188564 0.041863 0.458997 0.259634 0.00512062 0.0458217
0.0469165 0.0444971 0.591723 0.234234 0.043021 0.0396087
9.9982E-05 0.0544433 0.7822 0.0855293 0.0776272 9.9982E-05
0.0681484 0.0237363 0.632101 0.159508 0.0556215 0.0608851
9.9991E-05 0.0303554 0.751226 0.112833 0.0776904 0.0277947
9.999E-05 0.0588064 0.751227 0.108032 0.0449407 0.0368945
0.444518 0.0412716 0.0721871 9.9982E-05 0.441823 9.9982E-05
0.524368 0.00606009 0.158819 9.9982E-05 0.310552 9.9982E-05
0.528658 0.0317122 0.109248 9.9982E-05 0.330182 9.9982E-05
0.651694 0.0151932 9.9973E-05 9.9973E-05 0.332813 9.9973E-05
0.499151 0.0400001 0.108412 9.9982E-05 0.352237 9.9982E-05
0.558918 0.032368 9.9982E-05 0.0114426 0.397071 9.9982E-05
0.639705 0.0460509 0.0298717 9.9982E-05 0.284173 9.9982E-05
0.672002 0.0289521 9.9982E-05 9.9982E-05 0.29568 0.0031662
0.663017 9.9973E-05 9.9973E-05 9.9973E-05 0.292238 0.0444448
0.642878 0.0165131 9.9982E-05 0.00492798 0.335481 9.9982E-05
9.9982E-05 0.934785 0.0409628 0.00378305 9.9982E-05 0.0202693
9.9982E-05 0.966333 0.0127414 0.0127222 0.00800368 9.9982E-05
9.9982E-05 0.920002 0.0434115 9.9982E-05 0.0299578 0.00642888
9.9973E-05 0.898875 0.0674993 9.9973E-05 0.0333253 9.9973E-05
9.9973E-05 0.885815 0.0946535 9.9973E-05 0.0192321 9.9973E-05
9.9973E-05 0.905763 0.0548514 9.9973E-05 0.0390857 9.9973E-05
9.9991E-05 0.78682 0.12256 0.0336649 0.0512723 0.00558308
9.9964E-05 0.962723 9.9964E-05 9.9964E-05 9.9964E-05 0.0368772
9.996E-05 0.9995 9.996E-05 9.996E-05 9.996E-05 9.996E-05
9.9973E-05 0.943242 0.0243103 9.9973E-05 0.0321476 9.9973E-05
9.996E-05 0.9995 9.996E-05 9.996E-05 9.996E-05 9.996E-05
9.996E-05 0.9995 9.996E-05 9.996E-05 9.996E-05 9.996E-05
9.9964E-05 9.9964E-05 9.9964E-05 0.941395 0.0582052 9.9964E-05
0.00021702 9.9991E-05 0.161007 0.759213 0.0563196 0.0231438
0.0982816 0.0416518 0.259103 0.539807 0.0401327 0.0210245
9.9991E-05 0.023044 0.0752537 0.818276 0.0349089 0.0484179
0.0334822 0.0669918 0.182665 0.661719 0.0550422 9.9991E-05
0.00893094 0.0674178 0.0780838 0.741245 0.0634558 0.0408665
9.9982E-05 0.0406635 0.0148009 0.83693 0.107406 9.9982E-05
9.9991E-05 0.0524207 0.0741034 0.790838 0.0757441 0.00679387
0.793188 9.9982E-05 9.9982E-05 0.149161 0.00985336 0.0475979
0.916253 0.00340996 9.9982E-05 0.0630423 9.9982E-05 0.0170947
0.661401 0.0446094 0.191748 9.9991E-05 0.0950628 0.00707927
0.786597 0.0350696 0.0488143 0.0267728 0.0809751 0.0217714
0.760702 0.0256136 0.0240639 0.182809 9.9991E-05 0.00671132
0.589123 0.0179411 0.119534 0.0991695 0.106154 0.068077
0.642393 0.00390391 0.222178 0.0467774 0.0756953 0.00905211
0.741797 0.0428559 0.0100734 0.0831558 0.0751599 0.0469575
0.640177 0.060089 0.167432 0.042598 0.0896044 9.9991E-05
0.667375 0.0337618 0.145838 0.0462059 0.0851518 0.0216672
0.950018 9.9964E-05 9.9964E-05 0.0495817 9.9964E-05 9.9964E-05
0.0225501 0.0874845 0.660447 0.0238647 0.0935885 0.112066
9.9991E-05 0.0536596 0.740286 0.0141362 0.112795 0.0790233
0.0109372 0.0664345 0.653819 9.9991E-05 0.151661 0.117048
0.0313935 0.0659333 0.659531 0.0383638 0.106321 0.0984576
0.123606 0.00194739 0.544997 0.151508 9.9991E-05 0.177841
0.113933 9.9982E-05 0.673003 0.0962642 9.9982E-05 0.1166
0.0637274 9.9982E-05 0.599476 0.179218 9.9982E-05 0.157379
9.9982E-05 9.9982E-05 0.700602 0.0936233 0.0555649 0.15001
0.121808 0.00422544 0.490985 0.25719 9.9991E-05 0.125692
0.0809568 9.9991E-05 0.690318 0.107062 0.0183304 0.103233
0.0658142 0.0762541 0.691747 0.0574319 0.0582107 0.0505424
0.0741145 0.0258166 0.603282 0.1668 9.9991E-05 0.129887
0.00912845 0.798676 0.0641935 0.105204 0.0226983 9.99949E-05
9.9991E-05 0.778295 0.113734 0.0542459 0.0371315 0.0164939
0.0360761 0.814193 9.9982E-05 0.139863 9.9982E-05 0.00966801
0.0286895 0.862032 0.0541302 0.022559 0.0304093 0.00217966
0.0208304 0.864102 0.0680959 0.0328367 0.0140351 9.9991E-05
9.9973E-05 0.731714 0.216839 9.9973E-05 0.051147 9.9973E-05
9.9982E-05 0.781474 0.134221 0.0193579 0.0647472 9.9982E-05
0.010315 0.705388 0.131526 0.0935268 0.0591443 9.9991E-05
9.9982E-05 0.761777 0.161063 9.9982E-05 0.0708172 0.00614329
0.429768 9.9982E-05 0.237232 0.248582 9.9982E-05 0.0842178
0.604649 9.9982E-05 0.00311359 0.312166 9.9982E-05 0.0798712
0.677763 0.0169189 0.12849 0.112506 9.9991E-05 0.0642216
0.560149 9.9982E-05 0.263387 0.132207 9.9982E-05 0.0440563
0.487986 0.0376064 0.337284 0.0578348 0.0413297 0.0379589
0.334863 0.0384209 0.452115 0.0817856 0.0663464 0.0264695
0.416932 0.00823836 0.336716 0.129825 0.00810773 0.100181
0.422401 9.9982E-05 0.223477 0.25979 9.9982E-05 0.0941312
0.641126 9.9982E-05 0.0143365 0.261476 9.9982E-05 0.0828616
0.398855 9.9982E-05 0.341166 0.195624 9.9982E-05 0.0641551
0.504957 9.9973E-05 0.251408 0.243335 9.9973E-05 9.9973E-05
0.591158 0.000713846 0.102312 0.214673 9.9991E-05 0.0910425
9.9982E-05 0.0308045 0.0757424 0.830874 0.0623795 9.9982E-05
9.9991E-05 0.0109323 0.105927 0.846979 0.0248618 0.0112001
0.111896 0.0659593 0.203428 0.555786 0.0628296 9.9991E-05
0.0792574 0.0710284 0.0520137 0.752072 0.0455287 9.9991E-05
0.0568116 9.9973E-05 9.9973E-05 0.872894 9.9973E-05 0.0699941
0.0376725 0.0823241 0.142352 0.628552 0.091064 0.018036
9.9982E-05 0.0584246 0.207747 0.696186 0.0374424 9.9982E-05
0.0558527 0.0774104 0.139112 0.682908 0.044617 9.9991E-05
0.0261507 0.00778832 0.0644125 0.901449 9.9982E-05 9.9982E-05
9.9973E-05 9.9973E-05 0.106179 0.840638 0.0528829 9.9973E-05
0.0242813 0.020698 0.0257034 0.853215 0.0273381 0.0487646
0.243922 9.9964E-05 9.9964E-05 9.9964E-05 0.755678 9.9964E-05
0.207066 9.9982E-05 9.9982E-05 0.0363523 0.731718 0.0246639
0.156722 0.0394647 9.9991E-05 0.0266896 0.768039 0.00898482
0.151499 0.0435667 0.112164 9.9982E-05 0.69257 9.9982E-05
0.100157 0.0525012 0.125796 9.9982E-05 0.721346 9.9982E-05
0.0624868 0.052346 0.173055 9.9982E-05 0.711913 9.9982E-05
0.0776022 0.0362595 0.12548 9.9982E-05 0.760458 9.9982E-05
0.112752 9.9982E-05 9.9982E-05 0.042923 0.83525 0.00887486
0.254584 9.9973E-05 9.9973E-05 0.028578 0.716538 9.9973E-05
0.13293 0.0260927 0.108406 9.9982E-05 0.732371 9.9982E-05
0.238401 0.0537489 0.0300253 9.9982E-05 0.677625 9.9982E-05
9.9982E-05 0.0517411 0.144742 9.9982E-05 0.801696 0.00162005
0.475395 0.0212409 0.169425 9.9991E-05 0.332127 0.00171185
0.625182 0.0378839 0.0303956 9.9991E-05 0.274469 0.0319693
0.651057 0.0185372 0.0606189 9.9991E-05 0.26648 0.00320711
0.589487 0.0823052 9.9991E-05 0.0120021 0.297906 0.0182006
0.530692 0.0609988 0.0693111 9.9991E-05 0.330246 0.00865151
0.498253 0.0380093 0.136122 9.9991E-05 0.308609 0.0189074
0.661658 0.0102383 0.0767909 9.9991E-05 0.235046 0.016167
0.630784 0.0272975 0.0867385 9.9991E-05 0.242021 0.0130592
0.619364 0.0476932 0.0159447 0.0204179 0.29648 9.9991E-05
0.577041 0.0540208 0.0769405 9.9982E-05 0.291798 9.9982E-05
0.629451 0.0126095 9.9991E-05 0.0361157 0.284492 0.0372318
0.531334 0.0631048 0.0727605 9.9982E-05 0.3326 9.9982E-05
9.9973E-05 9.9973E-05 9.9973E-05 0.0040663 0.974071 0.0215628
9.9973E-05 9.9973E-05 9.9973E-05 0.00541456 0.984681 0.00960469
9.996E-05 9.996E-05 9.996E-05 9.996E-05 0.9995 9.996E-05
9.9964E-05 0.0203077 9.9964E-05 9.9964E-05 0.979292 9.9964E-05
9.9973E-05 0.00732916 0.0500532 9.9973E-05 0.942318 9.9973E-05
9.9973E-05 0.0318201 0.0916169 9.9973E-05 0.876263 9.9973E-05
9.9982E-05 9.9982E-05 0.0479346 0.00947021 0.9348 0.00759536
9.9982E-05 0.0183884 0.0295371 0.0150762 0.936798 9.9982E-05
9.9964E-05 9.9964E-05 9.9964E-05 0.0274976 0.972103 9.9964E-05
9.9964E-05 9.9964E-05 9.9964E-05 0.0357918 0.963808 9.9964E-05
9.9973E-05 9.9973E-05 9.9973E-05 0.0231057 0.967304 0.00929013
9.9982E-05 0.0155353 0.0580773 9.9982E-05 0.92471 0.00147762
0.126083 0.0875445 0.139505 0.618875 0.0164258 0.0115666
0.119718 0.0963885 0.0741529 0.671006 0.0109249 0.0278094
0.0719054 0.0146771 9.9991E-05 0.865423 0.000784267 0.0471099
0.0766021 0.101363 0.156068 0.608683 0.0571835 9.9991E-05
0.115492 0.0588236 0.151441 0.633696 9.9991E-05 0.0404471
0.0139938 0.0853922 0.219437 0.586991 0.0940856 9.9991E-05
9.9991E-05 0.00678756 0.153517 0.788533 0.0361822 0.0148804
9.9991E-05 0.0205923 0.145609 0.749614 0.0524805 0.0316037
0.114487 0.00289438 0.0145705 0.846871 9.9991E-05 0.0210775
9.9991E-05 0.0294581 0.111986 0.777565 0.0702299 0.0106614
0.00879707 0.0255725 9.9991E-05 0.88636 0.0555923 0.0235784
0.0281389 0.0164014 9.9991E-05 0.923069 0.0255052 0.00678528
0.0613343 0.0251705 0.0655263 0.835656 0.00871122 0.003602
0.0817883 9.9973E-05 9.9973E-05 0.887489 9.9973E-05 0.0304224
9.9991E-05 0.0524463 0.205122 0.637353 0.0689501 0.0360293
0.741425 0.0135957 0.0403366 0.0551724 0.142085 0.00738496
0.384006 0.0529944 0.134872 0.00452065 0.413982 0.00962594
0.729306 0.0439161 0.0534985 0.00806163 0.164222 0.000995
0.684418 0.0262801 0.096942 0.0125911 0.179669 9.9991E-05
0.485639 0.0120094 0.244171 9.9982E-05 0.25798 9.9982E-05
0.581955 0.0536736 0.0140321 0.0172976 0.332942 9.9991E-05
0.640716 9.9982E-05 9.9982E-05 0.118898 0.224045 0.0161417
0.705405 0.046813 0.0343649 9.9991E-05 0.19741 0.0159076
0.0493239 0.0843327 0.758558 0.0137001 0.0817938 0.0122914
0.0557668 9.9982E-05 0.754755 0.141898 9.9982E-05 0.0473795
0.0136631 9.9964E-05 0.985937 9.9964E-05 9.9964E-05 9.9964E-05
0.196007 0.0376583 0.53539 0.170883 0.0599611 9.9991E-05
0.0973461 0.00255475 0.59983 0.207471 0.0610241 0.0317746
0.0858312 0.0246563 0.686841 0.155418 9.9991E-05 0.0471539
0.0679173 9.9982E-05 0.870614 0.0460339 9.9982E-05 0.0152347
0.074111 0.009568 0.898834 9.9982E-05 9.9982E-05 0.017287
0.138818 0.0233478 0.697174 0.0860927 0.010479 0.0440889
0.122516 0.0530477 0.629535 0.111631 0.0347173 0.0485531
0.095825 0.0405 0.677872 0.0999927 0.0340366 0.0517736
0.0343643 0.0130511 0.773679 0.102972 0.0306495 0.0452845
0.104004 9.9991E-05 0.683639 0.11596 0.0306159 0.0656807
9.9973E-05 0.0425991 0.893957 9.9973E-05 0.0631441 9.9973E-05
9.9991E-05 0.00556734 0.86646 0.0388398 0.0523546 0.0366786
0.0238282 0.0478405 0.902406 9.9991E-05 0.00678011 0.0190448
9.9982E-05 9.9982E-05 0.784984 0.120094 0.0339467 0.0607761
0.0405661 0.0553739 0.72779 0.112762 0.0236114 0.0398962
0.0849808 0.0300107 0.740929 0.0827882 0.00556586 0.0557252
0.0395952 0.0641428 0.773141 0.0543288 0.0205547 0.0482373
9.9991E-05 0.0709574 0.756846 0.024022 0.111065 0.0370096
0.0904577 0.0682308 0.708669 0.0441586 0.0549561 0.0335279
9.9982E-05 0.0308915 0.945045 9.9982E-05 0.0182758 0.00558768
