0.505339 0.0315763 0.463085
0.519053 0.000376929 0.48057
0.510336 0.0250499 0.464614
0.54882 0.0659747 0.385205
0.516487 9.9991E-05 0.483413
0.523486 0.0197217 0.456793
0.52903 0.100421 0.37055
0.543452 0.074215 0.382333
0.589042 0.0825387 0.328419
9.999E-05 9.999E-05 0.9998
0.0536058 0.039308 0.907086
0.126085 0.0822317 0.791683
0.108342 0.0842439 0.807414
0.0859417 0.0611537 0.852905
9.999E-05 9.999E-05 0.9998
0.0770259 0.0430527 0.879921
0.0286358 0.0270013 0.944363
0.0484407 0.0249587 0.926601
0.088085 0.0423674 0.869548
0.113525 0.0798175 0.806657
9.999E-05 9.999E-05 0.9998
0.111546 0.142657 0.745797
0.124628 0.0932335 0.782139
0.104258 0.0925492 0.803193
0.0520728 0.0621 0.885827
0.120919 0.107309 0.771772
0.0880205 0.110954 0.801026
0.127238 0.108364 0.764398
0.111912 0.0831836 0.804905
0.124499 0.0967382 0.778763
0.0967973 0.118303 0.784899
0.760475 0.0459092 0.193616
0.67055 0.00474259 0.324708
0.681503 0.0349984 0.283499
0.779361 0.0201775 0.200462
0.690176 0.0452471 0.264576
0.760523 0.0309451 0.208532
0.712215 0.0457871 0.241998
0.751645 0.0361903 0.212165
0.733533 9.9991E-05 0.266367
0.772598 0.016856 0.210546
9.9991E-05 0.954879 0.0450207
0.00448331 0.995417 9.9991E-05
0.0215917 0.955855 0.0225528
0.025332 0.95733 0.0173384
0.0303897 0.923563 0.0460477
0.0594823 0.940418 9.9991E-05
0.0642219 0.823254 0.112524
9.9991E-05 0.998722 0.00117754
9.999E-05 0.9998 9.999E-05
0.0411882 0.958712 9.9991E-05
9.999E-05 0.9998 9.999E-05
9.999E-05 0.9998 9.999E-05
0.0638011 0.22503 0.711169
0.0547924 0.172804 0.772404
0.104323 0.164753 0.730924
0.0182666 0.200761 0.780973
0.0726038 0.215489 0.711907
0.0649754 0.224645 0.710379
0.099656 0.232278 0.668066
0.0631013 0.219653 0.717245
0.462986 9.9991E-05 0.536914
0.507132 9.9991E-05 0.492768
0.4939 0.0487483 0.457352
0.542362 0.0273482 0.43029
0.407832 0.0536481 0.53852
0.453725 0.0439756 0.502299
0.468302 0.00752669 0.524172
0.509935 0.0387742 0.45129
0.480847 0.0680673 0.451086
0.488002 0.0384461 0.473552
0.521883 9.9991E-05 0.478017
0.150283 0.111266 0.738451
0.149617 0.0892208 0.761163
0.20123 0.0889112 0.709859
0.178606 0.0976879 0.723706
0.0617808 0.0498989 0.88832
0.0616152 0.02605 0.912335
0.0430545 0.0130225 0.943923
0.0906525 0.00585921 0.903488
0.0576343 0.0677688 0.874597
0.103172 0.0412478 0.85558
0.145456 0.109827 0.744716
0.0461706 0.0721916 0.881638
0.0413976 0.842223 0.116379
0.0429775 0.814017 0.143005
9.9991E-05 0.870337 0.129563
0.0519137 0.892886 0.0551999
0.0412973 0.907999 0.0507041
0.063131 0.782286 0.154583
0.072556 0.824899 0.102545
0.089922 0.760634 0.149444
0.0834627 0.793925 0.122612
0.209657 9.9991E-05 0.790243
0.291121 0.0486233 0.660256
0.344593 0.0250813 0.630326
0.330174 9.9991E-05 0.669726
0.352262 0.0471936 0.600545
0.283877 0.0663847 0.649738
0.236871 0.027909 0.73522
0.1884 0.0181763 0.793424
0.320492 9.9991E-05 0.679408
0.141873 0.0143729 0.843754
0.267192 0.014195 0.718613
0.271931 0.0345988 0.69347
0.0588422 0.210514 0.730643
0.00799327 0.207148 0.784859
0.139506 0.19106 0.669434
0.0814502 0.23824 0.68031
9.9991E-05 0.182049 0.817851
0.11756 0.215561 0.666878
0.0133774 0.229194 0.757428
0.0749556 0.232192 0.692853
9.9991E-05 0.199458 0.800442
0.0359176 0.178957 0.785126
0.0461136 0.194178 0.759709
0.9998 9.999E-05 9.999E-05
0.924745 9.9991E-05 0.0751546
0.916594 0.0487625 0.0346434
0.855126 0.0511732 0.0937007
0.844814 0.0739954 0.0811906
0.858029 0.0857032 0.056268
0.880719 0.0514689 0.0678119
0.967725 0.0140664 0.0182084
0.941789 9.9991E-05 0.0581106
0.91324 0.0306003 0.0561592
0.900196 0.0673172 0.0324866
0.877335 0.0627405 0.0599247
0.650099 0.0241106 0.325791
0.663308 0.0433993 0.293293
0.688324 0.0156243 0.296051
0.674495 0.0742724 0.251232
0.688943 0.0597778 0.251279
0.656323 0.0423483 0.301329
0.657986 9.9991E-05 0.341914
0.654515 0.0113656 0.33412
0.701619 0.0456727 0.252709
0.684663 0.0478539 0.267483
0.673201 0.00717718 0.319622
0.707901 0.0644207 0.227679
0.9998 9.999E-05 9.999E-05
0.9998 9.999E-05 9.999E-05
0.9998 9.999E-05 9.999E-05
0.982072 0.0178281 9.9991E-05
0.976939 0.0229613 9.9991E-05
0.934368 0.0563213 0.00931046
0.9998 9.999E-05 9.999E-05
0.973789 0.0261105 9.9991E-05
0.9998 9.999E-05 9.999E-05
0.9998 9.999E-05 9.999E-05
0.9998 9.999E-05 9.999E-05
0.961364 0.038536 9.9991E-05
0.0851595 0.225232 0.689608
0.0554535 0.243537 0.701009
0.0209991 0.196202 0.782799
0.108288 0.249797 0.641915
0.0560531 0.185962 0.757985
0.121456 0.223226 0.655318
0.0125234 0.188708 0.798769
0.0501644 0.177247 0.772589
0.0284563 0.171449 0.800095
0.0631109 0.194212 0.742677
0.0533574 0.221875 0.724768
0.0110594 0.19463 0.794311
0.0192989 0.203936 0.776765
0.00866971 0.157088 0.834243
0.0795638 0.192555 0.727882
0.593196 0.0123472 0.394457
0.68499 0.0513921 0.263618
0.60851 0.0502009 0.341289
0.594321 0.017452 0.388227
0.592762 0.0264305 0.380807
0.697214 0.0603916 0.242395
0.628748 9.9991E-05 0.371152
0.645882 0.0219384 0.332179
0.173438 0.112915 0.713648
0.0529663 0.0436998 0.903334
0.0243619 0.0156723 0.959966
0.208051 0.0891639 0.702785
0.149777 0.0692683 0.780955
0.0837836 0.0726372 0.843579
0.0291531 0.024886 0.945961
0.0901127 0.0342656 0.875622
0.11739 0.0715117 0.811098
0.131768 0.0999734 0.768259
0.131302 0.0854215 0.783276
0.0973293 0.0796509 0.82302
0.116145 0.0413432 0.842512
0.146611 0.0942902 0.759099
0.102056 0.0513413 0.846602
0.0837486 0.0867778 0.829474
0.070632 0.0464634 0.882905
0.0861013 0.103426 0.810473
0.0889549 0.0794087 0.831636
0.0836591 0.117428 0.798913
0.169798 0.110606 0.719596
0.168387 0.104797 0.726816
0.0973072 0.0799767 0.822716
