0.174178 0.642626 0.0295739 0.153623
0.148497 0.701288 9.9991E-05 0.150115
0.123043 0.735007 0.0217353 0.120215
0.114175 0.82518 0.0604122 0.000232505
0.018006 0.953752 9.9991E-05 0.0281415
0.0174233 0.952065 0.016168 0.0143437
0.178926 0.649077 0.0846354 0.0873622
0.171459 0.707265 0.0805258 0.0407495
0.2018 0.70639 0.0632844 0.0285261
9.998E-05 9.998E-05 9.998E-05 0.9997
0.0475879 0.121971 0.0247135 0.805728
0.093755 0.119193 0.0668418 0.72021
0.144732 9.9991E-05 0.0511842 0.803983
0.12029 0.00990391 0.0384941 0.831312
0.0326159 9.9982E-05 9.9982E-05 0.967184
0.110501 9.9991E-05 0.037067 0.852332
0.0794645 9.9982E-05 9.9982E-05 0.920336
0.105215 9.9982E-05 9.9982E-05 0.894585
0.116378 9.9991E-05 0.0286664 0.854856
0.0561982 0.19968 0.0753859 0.668736
0.034714 9.9982E-05 9.9982E-05 0.965086
0.121199 0.0410087 0.127782 0.71001
0.0975227 0.146483 0.0874222 0.668572
0.0456224 0.210224 0.0868239 0.65733
0.081869 0.0471792 0.0453271 0.825625
0.0195516 0.286747 0.099576 0.594126
0.0647133 0.140174 0.104108 0.691005
0.14136 0.0395775 0.0994182 0.719645
0.086302 0.146485 0.0649556 0.702258
0.138331 0.0315718 0.0876143 0.742483
0.107911 0.0530704 0.0884154 0.750603
0.489657 0.429015 0.0368517 0.0444763
0.344434 0.558378 9.9991E-05 0.0970885
0.378475 0.541825 0.0261215 0.0535788
0.356105 0.643695 9.9982E-05 9.9982E-05
0.39663 0.528305 0.0384009 0.0366643
0.406686 0.569192 0.0240212 9.9991E-05
0.330465 0.640492 0.0289434 9.9991E-05
0.319857 0.664909 0.0151344 9.9991E-05
0.318769 0.681031 9.9982E-05 9.9982E-05
0.372688 0.62638 0.000832209 9.9991E-05
0.00555709 9.9991E-05 0.951589 0.0427542
0.0214913 9.9982E-05 0.978309 9.9982E-05
0.0518387 9.9991E-05 0.938725 0.0093362
0.0505829 9.9991E-05 0.926419 0.0228982
0.0611404 9.9991E-05 0.90561 0.0331498
0.0634519 9.9991E-05 0.928526 0.0079224
0.0726037 0.0136786 0.810032 0.103685
0.00970828 9.9991E-05 0.972605 0.0175865
9.998E-05 9.998E-05 0.9997 9.998E-05
0.0545656 9.9982E-05 0.945234 9.9982E-05
9.998E-05 9.998E-05 0.9997 9.998E-05
9.998E-05 9.998E-05 0.9997 9.998E-05
0.091455 0.0274126 0.202911 0.678221
0.0478533 0.0943451 0.151935 0.705867
0.0416683 0.185938 0.159047 0.613347
0.0303362 0.0709309 0.186291 0.712442
0.0519244 0.136675 0.196908 0.614492
0.0417447 0.117718 0.214031 0.626506
0.0955346 0.0804054 0.211857 0.612203
0.0715934 0.0671039 0.210269 0.651034
0.0360569 0.831934 9.9991E-05 0.131909
0.00119989 0.987758 9.9991E-05 0.0109423
0.12147 0.718782 0.0455315 0.114217
0.0988434 0.822172 0.0149177 0.064067
9.9991E-05 0.812137 0.0474932 0.14027
0.13989 0.598829 0.0338995 0.227382
0.126393 0.692203 9.9991E-05 0.181304
0.0937953 0.774475 0.0481758 0.0835538
0.114243 0.695101 0.0586657 0.13199
0.117502 0.714713 0.0325578 0.135227
9.998E-05 0.9997 9.998E-05 9.998E-05
0.140456 0.0796216 0.0981905 0.681732
0.180576 0.0267019 0.0692355 0.723487
0.208843 0.0435132 0.0740059 0.673638
0.167111 0.0655155 0.0962266 0.671147
0.0021063 0.207088 0.0468634 0.743942
0.00827464 0.204896 0.0126235 0.774206
0.0159123 0.154541 0.00885771 0.820689
0.116946 0.0353051 9.9991E-05 0.847649
0.0159186 0.179368 0.0593431 0.745371
0.0727061 0.157333 0.0152269 0.754734
0.112527 0.13399 0.102836 0.650647
0.0272249 0.142353 0.0559285 0.774494
0.0321271 0.0375428 0.83684 0.0934897
0.0593723 9.9991E-05 0.802503 0.138024
9.9991E-05 0.063663 0.85537 0.0808674
0.0489573 0.0359617 0.878149 0.0369318
0.0386866 0.022396 0.896784 0.0421337
0.0775096 9.9991E-05 0.756766 0.165625
0.096291 9.9991E-05 0.812414 0.0911947
0.082014 0.0411347 0.742288 0.134564
0.0988081 9.9991E-05 0.767775 0.133317
9.9982E-05 0.547141 9.9982E-05 0.452659
9.9991E-05 0.677074 0.0271961 0.29563
9.9991E-05 0.748806 0.0186672 0.232426
0.00665873 0.655566 9.9991E-05 0.337676
0.074922 0.550669 0.0396903 0.334718
0.103524 0.406157 0.0560773 0.434241
0.0308952 0.489486 0.0169475 0.462671
9.9991E-05 0.541007 0.00115925 0.457734
9.9982E-05 0.711363 9.9982E-05 0.288437
9.9991E-05 0.500141 0.0004334 0.499325
9.9982E-05 0.595313 9.9982E-05 0.404487
9.9991E-05 0.669224 0.0164087 0.314267
0.0440919 0.10685 0.202534 0.646525
0.0206755 0.0635255 0.189826 0.725973
0.0757328 0.181338 0.178742 0.564187
0.0488629 0.168498 0.221921 0.560718
9.9991E-05 0.209884 0.181189 0.608826
0.0875943 0.119324 0.206152 0.58693
0.0563367 0.010108 0.20674 0.726815
0.0427847 0.139243 0.222108 0.595864
9.9991E-05 0.117088 0.196412 0.6864
0.0583804 0.0803678 0.167665 0.693586
0.0302429 0.122893 0.179244 0.66762
0.766729 0.233071 9.9982E-05 9.9982E-05
0.757824 0.23813 9.9991E-05 0.00394567
0.789405 0.16765 0.0428447 9.9991E-05
0.732951 0.193752 0.0494277 0.0238693
0.744798 0.146768 0.0651798 0.0432542
0.775156 0.0858339 0.0775097 0.0615003
0.789694 0.109197 0.0407995 0.060309
0.864227 0.117222 9.9991E-05 0.0184506
0.714856 0.284944 9.9982E-05 9.9982E-05
0.775131 0.189804 0.0314035 0.00366116
0.734405 0.217529 0.0479659 9.9991E-05
0.842193 9.9991E-05 0.0582591 0.0994475
0.375007 0.475528 0.0232469 0.126218
0.320285 0.614214 0.0281418 0.0373592
0.297317 0.682711 0.0179077 0.0020642
0.327302 0.607214 0.0653844 9.9991E-05
0.3698 0.558703 0.0584852 0.0130124
0.369331 0.523139 0.0299721 0.0775574
0.273282 0.680748 9.9991E-05 0.0458696
0.276869 0.677239 0.0134447 0.032447
0.326445 0.63576 0.0376952 9.9991E-05
0.312309 0.63557 0.0403356 0.0117858
0.312322 0.651642 0.0033042 0.0327325
0.37716 0.541458 0.0540581 0.027324
0.991403 9.9982E-05 9.9982E-05 0.00839704
0.9997 9.998E-05 9.998E-05 9.998E-05
0.9997 9.998E-05 9.998E-05 9.998E-05
0.976705 9.9982E-05 0.0230949 9.9982E-05
0.981769 9.9991E-05 0.0148922 0.00323911
0.926155 9.9991E-05 0.0360901 0.0376552
0.964755 9.9991E-05 0.00872615 0.0264192
0.969153 9.9982E-05 0.0306466 9.9982E-05
0.9997 9.998E-05 9.998E-05 9.998E-05
0.9997 9.998E-05 9.998E-05 9.998E-05
0.9997 9.998E-05 9.998E-05 9.998E-05
0.95931 9.9991E-05 0.0270079 0.0135817
0.015777 0.223645 0.219468 0.54111
9.9991E-05 0.203336 0.233827 0.562737
9.9991E-05 0.166571 0.188864 0.644465
0.0640016 0.138871 0.234194 0.562933
9.9991E-05 0.214418 0.184855 0.600627
0.114585 0.0880353 0.21875 0.57863
0.0792574 9.9991E-05 0.166478 0.754165
0.0469415 0.0908091 0.157855 0.704394
9.9991E-05 0.206745 0.161106 0.632049
0.0763586 0.0573163 0.179281 0.687044
0.0277346 0.119096 0.217446 0.635723
9.9991E-05 0.124357 0.192929 0.682614
9.9991E-05 0.168852 0.195912 0.635136
9.9991E-05 0.235301 0.148526 0.616073
0.102798 0.043089 0.188372 0.665741
0.188355 0.75518 0.0215783 0.0348874
0.448993 0.380248 0.0540551 0.116704
0.210134 0.744056 0.0451109 0.000698961
0.210146 0.719393 0.0225469 0.0479142
0.303648 0.517873 0.0188855 0.159593
0.362903 0.586448 0.0434356 0.00721409
0.254906 0.668521 9.9991E-05 0.076473
0.232518 0.739539 0.0278436 9.9991E-05
0.133539 0.137729 0.115426 0.613306
0.0139241 0.17862 0.03825 0.769206
9.9991E-05 0.189607 0.0100199 0.800273
0.103119 0.265229 0.0789513 0.5527
0.0890337 0.188567 0.0525507 0.669848
0.0409342 0.166323 0.0651279 0.727614
9.9991E-05 0.235529 0.0155368 0.748834
0.0220576 0.187162 0.0392768 0.751504
0.0454591 0.229905 0.0683328 0.656303
0.0774471 0.179694 0.0972801 0.645579
0.0575203 0.199582 0.0828697 0.660028
0.0952846 0.0995022 0.0665768 0.738636
0.0669545 0.16838 0.041198 0.723468
0.137977 0.0833709 0.0790227 0.699629
0.128609 0.0386229 0.0350838 0.797685
0.0371657 0.152492 0.0730037 0.737339
0.0830363 0.0742355 0.031378 0.81135
0.0640017 0.116163 0.0878259 0.732009
0.0518879 0.171754 0.0672562 0.709102
0.0668004 0.118228 0.0989565 0.716015
0.170035 0.0459721 0.0965097 0.687483
0.117178 0.13688 0.0940772 0.651865
0.0832376 0.108041 0.0548335 0.753888
