9.9973E-05 0.142699 9.9973E-05 0.044072 0.707445 0.105485 9.9973E-05
9.9982E-05 0.17387 0.087794 0.0310402 0.685157 0.0219389 9.9982E-05
9.9982E-05 0.105379 0.0956882 0.0199683 0.688264 0.0905011 9.9982E-05
9.9982E-05 0.000524616 0.213449 0.0171307 0.704654 9.9982E-05 0.0640415
9.9964E-05 9.9964E-05 0.336068 0.00735286 0.65618 9.9964E-05 9.9964E-05
9.9973E-05 9.9973E-05 0.233092 0.019634 0.707536 0.0394386 9.9973E-05
0.00124545 0.103137 0.0869682 0.0456545 0.669481 9.9991E-05 0.0934145
0.0014732 0.123335 0.0820132 0.0258404 0.713154 9.9991E-05 0.0540842
0.0203436 0.153467 0.0611428 9.9991E-05 0.722916 0.00729376 0.034737
9.995E-05 9.995E-05 9.995E-05 0.9994 9.995E-05 9.995E-05 9.995E-05
9.9973E-05 0.639418 0.170803 0.117018 9.9973E-05 0.0724609 9.9973E-05
0.0165277 0.642515 0.142223 0.0995267 0.0415791 0.0314686 0.0261598
0.0422259 0.264113 9.9982E-05 0.581743 0.0521872 9.9982E-05 0.0595312
9.9973E-05 0.156876 9.9973E-05 0.702391 0.104437 9.9973E-05 0.0359961
9.9955E-05 9.9955E-05 0.0345083 0.964992 9.9955E-05 9.9955E-05 9.9955E-05
0.0175886 0.500486 9.9991E-05 0.349787 0.0203853 0.105135 0.00651871
9.995E-05 9.995E-05 9.995E-05 0.9994 9.995E-05 9.995E-05 9.995E-05
0.021369 0.221918 9.9991E-05 0.672024 0.0178954 0.0614902 0.00520414
0.00681639 0.140795 9.9982E-05 0.77029 0.0554956 9.9982E-05 0.0264029
9.999E-05 0.604526 0.172255 0.0903946 0.071632 0.0309274 0.0301651
9.995E-05 9.995E-05 9.995E-05 0.9994 9.995E-05 9.995E-05 9.995E-05
0.0317966 0.629982 0.0570932 0.0142201 0.023864 0.18516 0.0578839
0.0329618 0.661415 0.15599 0.00284028 0.0378021 0.0776197 0.0313715
0.0270214 0.471566 0.377311 0.0191713 9.9991E-05 0.061575 0.0432551
9.9964E-05 0.752323 0.245644 9.9964E-05 9.9964E-05 0.00163277 9.9964E-05
9.999E-05 0.443589 0.338117 0.0170971 0.0405376 0.105256 0.055304
0.0260768 0.520028 0.265051 0.0155499 9.9991E-05 0.130886 0.0423084
0.0346299 0.777654 0.0520533 9.9991E-05 0.0161865 0.0904537 0.0289228
0.0503236 0.561449 0.225988 0.0406053 9.9991E-05 0.10642 0.0151142
0.0343702 0.735584 0.1001 0.0276962 9.9991E-05 0.0722695 0.0298794
0.0166324 0.716655 0.106319 0.038569 9.9991E-05 0.0788158 0.042909
0.260772 0.0968586 9.9982E-05 9.9982E-05 0.594953 0.0383707 0.00884592
0.116426 0.168121 9.9982E-05 0.0053729 0.692918 0.0169623 9.9982E-05
0.160824 0.142562 0.0185116 0.00583486 0.639117 0.0139312 0.0192186
0.177276 9.9982E-05 0.0756427 0.00207388 0.741213 9.9982E-05 0.00359463
0.171166 0.157459 9.9973E-05 9.9973E-05 0.65404 9.9973E-05 0.0170353
0.205389 9.9982E-05 0.0299049 9.9982E-05 0.703951 0.039938 0.0206177
0.0956749 0.0690136 9.9982E-05 9.9982E-05 0.807278 0.00557144 0.0222623
0.111601 9.9982E-05 0.0439486 0.00870573 0.813295 9.9982E-05 0.0222488
0.188785 9.9973E-05 0.214097 0.0366131 0.560205 9.9973E-05 9.9973E-05
0.141384 9.9973E-05 0.00702245 9.9973E-05 0.803239 0.0480546 9.9973E-05
9.9973E-05 0.0298994 0.0336421 0.0181143 9.9973E-05 9.9973E-05 0.918044
9.9964E-05 0.0237765 9.9964E-05 9.9964E-05 9.9964E-05 0.027569 0.948255
0.025974 0.0530013 0.0191403 9.9973E-05 9.9973E-05 9.9973E-05 0.901584
0.00354304 0.112206 9.9964E-05 9.9964E-05 9.9964E-05 9.9964E-05 0.883851
0.0184835 0.105614 9.9964E-05 9.9964E-05 9.9964E-05 9.9964E-05 0.875502
0.0213092 0.0940117 9.99694E-05 9.99694E-05 9.99694E-05 9.99694E-05 0.884279
0.0233368 0.119938 9.9982E-05 9.9982E-05 0.037315 0.0425735 0.776637
9.9964E-05 9.9964E-05 9.9964E-05 0.0300866 9.9964E-05 0.0302121 0.939301
9.9955E-05 9.9955E-05 0.0174591 9.9955E-05 9.9955E-05 9.9955E-05 0.982041
0.00940324 0.0508997 9.9973E-05 9.9973E-05 0.0221878 9.9973E-05 0.917209
9.995E-05 9.995E-05 9.995E-05 9.995E-05 9.995E-05 9.995E-05 0.9994
9.995E-05 9.995E-05 9.995E-05 9.995E-05 9.995E-05 9.995E-05 0.9994
0.0284339 9.9955E-05 9.9955E-05 9.9955E-05 9.9955E-05 0.971066 9.9955E-05
0.0335846 0.0943052 0.134654 0.0146119 9.9982E-05 0.722644 9.9982E-05
0.00950298 0.239654 0.14987 0.00583325 0.0682329 0.494997 0.0319106
0.0105177 0.0634635 0.0197444 0.0354889 9.9991E-05 0.867892 0.00279391
0.0321499 0.158794 0.126067 9.9982E-05 9.9982E-05 0.62017 0.06262
0.04278 0.0574095 0.132216 0.0242953 9.9991E-05 0.693393 0.0498063
0.0435793 0.0505508 9.9982E-05 9.9982E-05 0.0362888 0.855463 0.013918
0.0343473 0.0890115 9.9991E-05 0.00734606 0.031214 0.816352 0.0216292
9.9973E-05 9.9973E-05 0.480859 0.0203407 0.455505 0.0429955 9.9973E-05
9.9955E-05 9.9955E-05 0.532052 9.9955E-05 0.467448 9.9955E-05 9.9955E-05
0.0228179 0.125228 0.297602 9.9982E-05 0.528213 9.9982E-05 0.0259392
0.0218445 9.9982E-05 0.353372 0.0325746 0.570823 9.9982E-05 0.0211863
9.9973E-05 9.9973E-05 0.53803 9.9973E-05 0.392581 0.0203868 0.0487023
0.0343828 0.0981489 0.260273 0.0504687 0.49241 0.0472887 0.0170281
0.0158983 0.161767 0.296236 9.9991E-05 0.520278 0.00378028 0.00194076
0.0180713 9.9982E-05 0.394655 0.016626 0.525442 9.9982E-05 0.0450057
9.9982E-05 0.0981856 0.2167 9.9982E-05 0.58675 0.0421853 0.0559799
0.003962 0.094655 0.2642 0.00885823 0.574069 0.0338076 0.0204482
9.9955E-05 9.9955E-05 0.63072 9.9955E-05 0.36878 9.9955E-05 9.9955E-05
0.0284714 0.627647 0.0487446 0.112713 0.0816531 0.0403952 0.0603756
0.0178302 0.750875 9.9982E-05 0.0801065 0.110415 9.9982E-05 0.0405733
0.081606 0.680807 9.9982E-05 0.127584 0.0804386 9.9982E-05 0.029364
0.0417224 0.673888 9.9991E-05 0.0931296 0.114472 0.0387179 0.0379704
9.9982E-05 0.467772 0.353441 0.140309 9.9982E-05 0.0212806 0.0169976
9.9982E-05 0.608667 0.248087 0.105627 0.00170725 0.0357121 9.9982E-05
9.9973E-05 0.491562 0.219579 0.151202 9.9973E-05 0.137356 9.9973E-05
0.0293714 0.644527 0.105895 0.153502 9.9982E-05 0.0665046 9.9982E-05
9.9982E-05 0.464737 0.196595 0.0933116 0.0308868 0.214269 9.9982E-05
0.0121789 0.557619 0.293929 0.0840581 9.9982E-05 0.0520148 9.9982E-05
0.01283 0.676973 0.0748215 0.0481276 0.0994714 0.0489187 0.0388574
9.9982E-05 0.540189 0.282166 0.109672 9.9982E-05 0.0340362 0.0337363
0.00215691 0.0782305 9.9982E-05 9.9982E-05 0.0412337 0.104373 0.773806
0.0178772 0.172154 9.9991E-05 0.00938096 0.00414679 0.0466926 0.749649
9.9964E-05 9.9964E-05 0.161398 9.9964E-05 9.9964E-05 0.0397712 0.798431
0.0127365 0.0950876 0.0022259 0.00488609 0.0292725 0.00949442 0.846297
9.9973E-05 0.118135 9.9973E-05 9.9973E-05 0.0221006 0.00762004 0.851845
0.00373999 0.249223 9.9982E-05 0.0015445 0.0407471 9.9982E-05 0.704545
0.0126544 0.168984 9.9982E-05 9.9982E-05 0.0582688 0.0052868 0.754606
9.9973E-05 0.171275 9.9973E-05 9.9973E-05 0.0894564 0.0655678 0.673401
0.0336658 0.191186 9.9982E-05 0.0192652 0.0250662 9.9982E-05 0.730617
0.0141821 9.99549E-05 0.985318 9.99549E-05 9.99549E-05 9.99549E-05 9.99549E-05
0.0128938 9.9982E-05 0.839299 9.9982E-05 0.0993829 0.0212494 0.0269754
9.9982E-05 0.00537426 0.649527 0.0235252 0.289313 9.9982E-05 0.0320602
0.0163727 0.1619 0.596917 0.00644178 0.218169 9.9982E-05 9.9982E-05
0.0171144 0.260074 0.364253 0.0197003 0.310386 9.9991E-05 0.0283714
0.0321433 0.403581 0.310423 0.011018 0.210747 0.00158598 0.0305017
0.0654204 0.153905 0.729823 0.0310895 9.9982E-05 9.9982E-05 0.0195619
9.99639E-05 0.0233012 0.967206 9.99639E-05 9.99639E-05 9.99639E-05 0.00909322
9.9973E-05 9.9973E-05 0.691561 0.0163772 0.24285 0.048912 9.9973E-05
9.9955E-05 0.122331 0.877169 9.9955E-05 9.9955E-05 9.9955E-05 9.9955E-05
9.9973E-05 0.117808 0.638868 9.9973E-05 0.156982 0.0860421 9.9973E-05
0.0108321 9.9982E-05 0.844302 0.0106601 0.102979 9.9982E-05 0.0310268
0.00893192 0.0640907 9.9991E-05 0.00736243 0.0598519 0.856271 0.00339158
0.00441809 0.102238 0.00326953 0.00166041 9.9982E-05 0.888214 9.9982E-05
9.9973E-05 0.226998 9.9973E-05 9.9973E-05 0.162988 0.568523 0.0411907
9.9973E-05 0.0936868 9.9973E-05 9.9973E-05 0.12178 0.734244 0.0499886
9.9964E-05 9.9964E-05 0.274062 0.0244573 9.9964E-05 0.701081 9.9964E-05
0.0252446 0.187847 9.9991E-05 0.0109986 0.0941796 0.607568 0.074062
9.9964E-05 0.230523 9.9964E-05 9.9964E-05 9.9964E-05 0.742102 0.0269755
9.9973E-05 0.151934 9.9973E-05 9.9973E-05 0.103705 0.696147 0.0479134
9.9973E-05 0.058765 0.0713614 9.9973E-05 9.9973E-05 0.863447 0.00612685
9.9964E-05 0.122147 9.9964E-05 9.9964E-05 0.0266702 0.850783 9.9964E-05
0.0182251 0.0242201 0.0739237 0.0410617 9.9991E-05 0.828425 0.0140442
0.723913 9.9964E-05 0.192931 9.9964E-05 0.0827561 9.9964E-05 9.9964E-05
0.678316 9.9982E-05 0.159118 0.00126161 0.159083 0.00202175 9.9982E-05
0.69131 9.9991E-05 0.0145058 0.0123963 0.200481 0.0510158 0.0301906
0.593524 0.138687 0.0101218 9.9982E-05 0.223302 9.9982E-05 0.0341648
0.594036 0.139436 9.9973E-05 9.9973E-05 0.224244 9.9973E-05 0.0419838
0.574549 0.179432 9.9973E-05 9.9973E-05 0.215036 9.9973E-05 0.0306834
0.632458 0.174345 9.9973E-05 9.9973E-05 0.183272 9.9973E-05 0.00962608
0.756871 9.9973E-05 9.9973E-05 0.014661 0.168498 0.0596703 9.9973E-05
0.654248 9.9964E-05 0.158213 9.9964E-05 0.187139 9.9964E-05 9.9964E-05
0.639373 0.103749 9.9973E-05 9.9973E-05 0.23865 9.9973E-05 0.0179281
0.597354 0.0836524 0.00765524 9.9982E-05 0.281773 9.9982E-05 0.0293653
0.672318 0.167435 9.9973E-05 9.9973E-05 0.139669 9.9973E-05 0.020279
0.152551 0.191205 9.9982E-05 0.0193989 0.62635 0.0102952 9.9982E-05
0.060239 0.0849718 9.9991E-05 0.0313762 0.799155 0.00965551 0.0145026
0.125928 0.0203764 0.143241 0.0185109 0.685017 9.9991E-05 0.00682728
0.13875 0.00765232 0.0465757 0.0328944 0.70105 0.0187748 0.0543031
0.126364 0.128792 9.9982E-05 0.0209618 0.693459 9.9982E-05 0.0302237
0.141824 0.168482 9.9982E-05 0.015723 0.653171 9.9982E-05 0.0205993
0.0991662 0.0364464 0.135817 0.0274094 0.700961 9.9982E-05 9.9982E-05
0.107827 0.088728 0.090739 0.0273503 0.681139 9.9991E-05 0.00411646
0.107372 0.0220837 0.0419794 0.0118457 0.757524 0.0255155 0.0336798
0.111566 0.0982399 0.0289595 9.9991E-05 0.719197 0.0123263 0.0296108
0.144627 9.9991E-05 0.168134 0.0169284 0.644189 0.0254239 0.000598035
0.140254 0.123426 9.9973E-05 9.9973E-05 0.698374 9.9973E-05 0.037646
0.930228 9.9973E-05 0.0276595 0.0103113 9.9973E-05 0.0315017 9.9973E-05
0.94966 9.9964E-05 0.0462086 0.00373169 9.9964E-05 9.9964E-05 9.9964E-05
0.94443 9.9955E-05 0.0550704 9.9955E-05 9.9955E-05 9.9955E-05 9.9955E-05
0.92001 0.0257512 9.9973E-05 9.9973E-05 0.0254897 9.9973E-05 0.0284491
0.890635 0.0987511 9.9964E-05 9.9964E-05 9.9964E-05 9.9964E-05 0.0102137
0.816825 0.144369 9.9973E-05 9.9973E-05 0.00926588 9.9973E-05 0.0292399
0.87446 0.0806448 9.9973E-05 0.00209429 0.0425007 9.9973E-05 9.9973E-05
0.872961 0.0785979 9.9982E-05 9.9982E-05 0.0253676 0.0103028 0.0125705
0.903883 9.9955E-05 0.0956172 9.9955E-05 9.9955E-05 9.9955E-05 9.9955E-05
0.920581 9.9955E-05 0.0789191 9.9955E-05 9.9955E-05 9.9955E-05 9.9955E-05
0.945609 9.9964E-05 9.9964E-05 0.00971745 9.9964E-05 0.0442737 9.9964E-05
0.889225 0.09702 9.9973E-05 0.00385943 9.9973E-05 9.9973E-05 0.00959527
0.00740565 0.112731 0.18648 9.9991E-05 0.0414633 0.561802 0.0900187
9.9991E-05 0.0571275 0.155731 0.019498 0.0382828 0.639938 0.0893225
9.9973E-05 9.9973E-05 0.217706 0.01673 9.9973E-05 0.739572 0.0256923
0.0172216 0.170069 0.0724997 9.9991E-05 0.0675513 0.568458 0.1041
9.9991E-05 0.0996606 0.190339 0.0329223 0.0402575 0.587537 0.049184
0.0205366 0.252908 9.9982E-05 9.9982E-05 0.0929941 0.563304 0.0700574
0.0214014 0.13061 0.00717796 0.018213 9.9982E-05 0.822398 9.9982E-05
0.0195312 0.115256 0.0174551 0.03405 0.029859 0.783749 9.9991E-05
9.9955E-05 9.9955E-05 0.268239 9.9955E-05 9.9955E-05 0.731261 9.9955E-05
0.0404551 0.139976 9.9991E-05 0.0148967 0.00585158 0.78311 0.0156102
0.0190343 9.9982E-05 0.125874 0.00350519 9.9982E-05 0.817771 0.0336154
9.9964E-05 9.9964E-05 0.124287 0.00575718 9.9964E-05 0.869556 9.9964E-05
0.00176717 0.0165583 0.170945 0.0046549 9.9991E-05 0.782154 0.023821
9.9955E-05 9.9955E-05 0.328997 9.9955E-05 9.9955E-05 0.670503 9.9955E-05
9.9982E-05 0.243784 9.9982E-05 0.0184456 0.0763282 0.641361 0.0198817
9.9964E-05 9.9964E-05 9.9964E-05 0.0237671 0.837 0.138833 9.9964E-05
0.270306 0.150707 9.9991E-05 0.0233869 0.482417 0.0557005 0.0173834
0.00247671 0.000794386 9.9991E-05 0.0272038 0.835725 0.126511 0.00718861
0.0538294 0.0766966 0.114386 0.000794738 0.698608 0.0537202 0.00196543
0.108292 0.256211 9.9973E-05 9.9973E-05 0.621147 0.0140506 9.9973E-05
0.208101 0.0272526 0.0478275 0.000549628 0.616404 0.0699831 0.0298818
0.126691 9.9982E-05 0.160918 0.0324633 0.578402 0.101326 9.9982E-05
0.086813 0.0131481 0.151305 0.0142574 0.709032 9.9991E-05 0.0253441
0.0350136 0.73141 0.106695 9.9982E-05 0.0682644 9.9982E-05 0.0584168
9.9973E-05 0.672143 0.277073 0.0279805 9.9973E-05 0.022504 9.9973E-05
9.9955E-05 0.507736 0.491764 9.9955E-05 9.9955E-05 9.9955E-05 9.9955E-05
0.0169394 0.502036 0.161155 9.9991E-05 0.173829 0.131384 0.0145559
0.0415796 0.509903 0.220463 0.0243578 0.0450046 0.158592 9.9991E-05
9.9982E-05 0.656659 0.0749214 0.0258665 0.0719704 0.170383 9.9982E-05
9.9964E-05 0.488262 0.510046 0.00129273 9.9964E-05 9.9964E-05 9.9964E-05
9.9973E-05 0.589659 0.402379 0.00207425 9.9973E-05 9.9973E-05 0.00558782
9.9991E-05 0.585203 0.188592 0.0464207 0.0938629 0.0648342 0.0209875
0.00185161 0.601214 0.174697 0.0353725 0.0829601 0.0610888 0.0428154
0.0424104 0.57593 0.239519 0.0412974 0.00757702 0.0523519 0.0409138
0.0015734 0.785112 0.0826136 0.0365092 0.0338271 0.0564433 0.00392168
0.0184759 0.607523 0.236315 0.0583969 0.00709221 0.0712912 0.000906389
0.0290211 0.927079 9.9973E-05 9.9973E-05 0.0398794 9.9973E-05 0.0037202
0.0129705 0.810531 0.0379408 0.0390936 0.0400198 0.0593442 9.9991E-05
9.9982E-05 0.88618 0.0570655 0.00489229 0.0278442 9.9982E-05 0.0238179
9.9973E-05 0.763233 0.109736 0.052105 9.9973E-05 0.0746266 9.9973E-05
9.9991E-05 0.685382 0.080491 0.0377283 0.0414379 0.118875 0.0359852
9.9991E-05 0.669732 0.198707 0.0355859 0.0281838 0.0429133 0.0247782
9.9991E-05 0.733966 0.130272 0.0311715 0.0094704 0.0399639 0.0550567
0.0254972 0.762136 9.9991E-05 0.0382916 0.0952939 0.0356885 0.0429925
0.0113058 0.672873 0.113703 0.0361927 0.093805 0.0195431 0.0525773
9.9973E-05 0.968034 0.00729184 0.000151469 0.0242224 9.9973E-05 9.9973E-05
