0.0127111 0.0240383 9.9955E-05 0.0426308 9.9955E-05 9.9955E-05 9.9955E-05 0.653184 0.266936 9.9955E-05
0.0366224 9.9964E-05 0.0319013 0.020419 9.9964E-05 0.0336042 9.9964E-05 0.687678 0.189376 9.9964E-05
0.0154129 0.0684633 9.9946E-05 9.9946E-05 9.9946E-05 9.9946E-05 9.9946E-05 0.699111 0.216413 9.9946E-05
0.0153169 9.9964E-05 0.0270644 9.9964E-05 9.9964E-05 0.109202 0.0511041 0.659563 9.9964E-05 0.137349
0.0165627 0.0381298 0.035849 9.9964E-05 9.9964E-05 9.9964E-05 9.9964E-05 0.687895 0.0463053 0.174858
0.0210185 0.0736245 9.9955E-05 9.9955E-05 9.9955E-05 9.9955E-05 9.9955E-05 0.726495 0.0672602 0.111102
0.018998 9.9991E-05 0.0286619 0.0190221 0.0144494 0.198642 0.0556598 0.596514 0.00584643 0.0621063
0.0129431 9.9982E-05 0.00385104 0.0174357 9.9982E-05 0.171963 0.0415394 0.663212 0.0683534 0.0205026
9.9973E-05 9.9973E-05 0.00223549 0.0103901 0.0402643 0.180916 0.0354509 0.655559 0.0748844 9.9973E-05
0.999101 9.99201E-05 9.99201E-05 9.99201E-05 9.99201E-05 9.99201E-05 9.99201E-05 9.99201E-05 9.99201E-05 9.99201E-05
0.117778 0.00077121 0.0276206 0.0493358 9.9973E-05 0.394274 9.9973E-05 9.9973E-05 0.296389 0.113532
0.0897272 9.9982E-05 0.00469875 0.0476307 0.00071129 0.561301 0.00190166 9.9982E-05 0.177285 0.116544
0.560686 9.99549E-05 9.99549E-05 0.0388846 0.0357689 0.332335 0.0318258 9.99549E-05 9.99549E-05 9.99549E-05
0.685 9.99459E-05 9.99459E-05 9.99459E-05 9.99459E-05 0.232574 0.0321855 0.0496414 9.99459E-05 9.99459E-05
0.958242 9.9946E-05 0.0267499 0.00349354 9.9946E-05 9.9946E-05 9.9946E-05 9.9946E-05 9.9946E-05 0.0109153
0.358195 9.9964E-05 0.00599149 0.0983114 0.00454923 0.317796 9.9964E-05 9.9964E-05 0.214757 9.9964E-05
0.999101 9.99201E-05 9.99201E-05 9.99201E-05 9.99201E-05 9.99201E-05 9.99201E-05 9.99201E-05 9.99201E-05 9.99201E-05
0.661897 9.9955E-05 9.9955E-05 0.0555035 0.0256976 0.10359 9.9955E-05 9.9955E-05 0.152813 9.9955E-05
0.763031 9.99639E-05 9.99639E-05 9.99639E-05 0.015402 0.170153 0.0247866 0.0160297 0.0101979 9.99639E-05
0.0759071 9.9982E-05 0.00384746 0.0497749 9.9982E-05 0.581067 0.0160294 0.000468214 0.111141 0.161565
0.999101 9.99201E-05 9.99201E-05 9.99201E-05 9.99201E-05 9.99201E-05 9.99201E-05 9.99201E-05 9.99201E-05 9.99201E-05
0.00111155 0.130181 9.9973E-05 0.0200737 0.0260648 0.114087 0.0402063 9.9973E-05 0.667976 9.9973E-05
0.0101093 0.0451111 0.017083 0.0129052 0.0083799 0.0620334 0.0119573 0.0466763 0.752795 0.0329489
9.995E-05 0.00897797 0.0268103 9.995E-05 9.995E-05 9.995E-05 0.0248649 9.995E-05 0.750233 0.188614
9.99201E-05 9.99201E-05 9.99201E-05 9.99201E-05 9.99201E-05 9.99201E-05 9.99201E-05 9.99201E-05 0.999101 9.99201E-05
0.00468746 0.109774 0.00518333 0.00536237 9.9982E-05 0.242932 0.0282156 9.9982E-05 0.331105 0.27254
9.9964E-05 0.0109573 0.000555209 0.0325234 9.9964E-05 9.9964E-05 0.0287035 9.9964E-05 0.820525 0.106336
9.9955E-05 9.9955E-05 9.9955E-05 0.0340353 0.00746526 0.0244662 0.00372877 9.9955E-05 0.929805 9.9955E-05
0.0283937 0.0512521 9.9964E-05 9.9964E-05 0.0113156 9.9964E-05 0.00406513 9.9964E-05 0.810259 0.0943146
9.99201E-05 9.99201E-05 9.99201E-05 9.99201E-05 9.99201E-05 9.99201E-05 9.99201E-05 9.99201E-05 0.999101 9.99201E-05
0.00786112 9.99369E-05 9.99369E-05 9.99369E-05 9.99369E-05 9.99369E-05 0.0167614 9.99369E-05 0.974678 9.99369E-05
9.9955E-05 9.9955E-05 9.9955E-05 0.0292136 0.263463 9.9955E-05 0.0136757 0.546519 0.14663 9.9955E-05
9.9955E-05 9.9955E-05 9.9955E-05 0.0249699 0.114438 0.0812082 9.9955E-05 0.639153 0.139731 9.9955E-05
9.9955E-05 9.9955E-05 9.9955E-05 0.0507501 0.165431 0.0497111 9.9955E-05 0.597916 0.135692 9.9955E-05
9.99666E-05 9.99666E-05 0.00226664 9.99666E-05 0.177121 0.0607386 0.00107162 0.687806 9.99666E-05 0.0705962
9.9937E-05 9.9937E-05 9.9937E-05 9.9937E-05 0.185959 0.264328 9.9937E-05 0.549013 9.9937E-05 9.9937E-05
9.9973E-05 0.0220823 0.00404831 9.9973E-05 0.216261 0.120842 0.0121705 0.603387 9.9973E-05 0.0209096
9.9955E-05 9.9955E-05 9.9955E-05 0.00520101 0.112026 0.197199 0.00822163 0.676853 9.9955E-05 9.9955E-05
9.9955E-05 9.9955E-05 9.9955E-05 9.9955E-05 0.131483 0.155307 0.00524359 0.688036 9.9955E-05 0.0194303
0.0472135 9.9955E-05 0.0213255 9.9955E-05 0.174102 9.9955E-05 9.9955E-05 0.635527 9.9955E-05 0.121333
9.9964E-05 0.0229319 0.00126539 0.0338721 0.183958 0.067232 9.9964E-05 0.690341 9.9964E-05 9.9964E-05
0.0226405 9.9955E-05 0.0251732 9.9955E-05 9.9955E-05 9.9955E-05 0.899339 9.9955E-05 0.0414942 0.0108534
9.9955E-05 0.000467894 9.9955E-05 9.9955E-05 9.9955E-05 0.0437278 0.937115 9.9955E-05 0.00978186 0.00840812
0.000218374 9.9955E-05 0.0105293 9.9955E-05 0.024932 9.9955E-05 0.898223 9.9955E-05 0.0655979 9.9955E-05
9.9946E-05 9.9946E-05 9.9946E-05 9.9946E-05 0.0035604 0.0147294 0.875145 9.9946E-05 0.105965 9.9946E-05
9.9955E-05 9.9955E-05 0.0139992 9.9955E-05 0.00936019 0.00907908 0.868673 9.9955E-05 0.0983892 9.9955E-05
9.9955E-05 9.9955E-05 9.9955E-05 9.9955E-05 0.0280799 0.0578107 0.873399 0.00487134 0.0353393 9.9955E-05
9.9964E-05 9.9964E-05 0.0211547 0.0309537 0.0365844 0.107924 0.756375 9.9964E-05 0.0466081 9.9964E-05
0.00960973 9.9937E-05 9.9937E-05 9.9937E-05 9.9937E-05 9.9937E-05 0.918448 9.9937E-05 0.071243 9.9937E-05
9.99281E-05 9.99281E-05 9.99281E-05 9.99281E-05 9.99281E-05 9.99281E-05 0.982731 9.99281E-05 9.99281E-05 0.0164694
9.9946E-05 9.9946E-05 9.9946E-05 0.0150153 0.00541291 0.0887046 0.890267 9.9946E-05 9.9946E-05 9.9946E-05
9.99201E-05 9.99201E-05 9.99201E-05 9.99201E-05 9.99201E-05 9.99201E-05 0.999101 9.99201E-05 9.99201E-05 9.99201E-05
9.9928E-05 9.9928E-05 0.00680988 9.9928E-05 9.9928E-05 9.9928E-05 0.992391 9.9928E-05 9.9928E-05 9.9928E-05
9.99201E-05 9.99201E-05 9.99201E-05 0.999101 9.99201E-05 9.99201E-05 9.99201E-05 9.99201E-05 9.99201E-05 9.99201E-05
0.0222778 0.509594 9.9964E-05 0.161328 0.0226511 9.9964E-05 9.9964E-05 9.9964E-05 0.238925 0.0448247
0.00725257 0.481355 0.0356658 0.0419488 0.0133358 0.205896 0.0343646 0.040042 0.0660023 0.0741377
0.0320302 0.120422 0.0339037 0.767416 9.9964E-05 9.9964E-05 0.00640115 9.9964E-05 0.0394265 9.9964E-05
9.998E-05 0.482984 0.0308852 0.110269 0.0147333 0.132569 0.0682623 9.998E-05 0.0890413 0.0710559
0.0329167 0.473827 0.039057 0.205305 0.0393561 9.9982E-05 0.059157 9.9982E-05 0.100998 0.0491826
9.99201E-05 9.99201E-05 9.99201E-05 0.999101 9.99201E-05 9.99201E-05 9.99201E-05 9.99201E-05 9.99201E-05 9.99201E-05
0.0059403 0.0646066 9.9964E-05 0.805094 9.9964E-05 0.0760715 0.0253966 9.9964E-05 0.0224915 9.9964E-05
0.0186736 0.0722314 9.9955E-05 9.9955E-05 9.9955E-05 9.9955E-05 9.9955E-05 0.484011 0.0555001 0.369084
9.9928E-05 9.9928E-05 9.9928E-05 9.9928E-05 9.9928E-05 9.9928E-05 9.9928E-05 0.486609 9.9928E-05 0.512592
9.9955E-05 9.9955E-05 9.9955E-05 9.9955E-05 0.0271317 0.234084 0.0138932 0.462247 9.9955E-05 0.262144
0.0239971 0.00144771 0.0291701 9.9982E-05 0.0252779 0.0577322 0.0205094 0.544894 9.9982E-05 0.296772
9.9955E-05 9.9955E-05 9.9955E-05 0.0129455 9.9955E-05 0.0986579 0.0230316 0.317299 9.9955E-05 0.547567
0.0442545 0.0355414 0.0317056 0.0251496 0.0516102 0.131456 0.00208668 0.431338 0.0287576 0.2181
0.00979197 0.0199446 0.0192204 0.0144031 0.0164782 0.0866943 9.9991E-05 0.500126 0.129972 0.203269
0.0202233 0.00619975 9.9973E-05 9.9973E-05 0.0473926 0.0623514 0.039461 0.451405 9.9973E-05 0.372667
9.9964E-05 9.9964E-05 9.9964E-05 0.038274 0.00801522 0.261154 0.0260743 0.468945 9.9964E-05 0.197138
0.0131195 0.0518351 0.0250252 0.0208598 0.00897842 0.126051 0.00852873 0.520932 0.00937327 0.215297
9.9928E-05 9.9928E-05 9.9928E-05 9.9928E-05 9.9928E-05 9.9928E-05 9.9928E-05 0.379632 9.9928E-05 0.619568
0.0997925 0.00879879 0.0131155 0.0280237 0.0434809 0.625812 0.0258532 0.000841056 0.154182 9.9991E-05
0.0781782 9.9982E-05 0.0119776 0.0418831 0.0196527 0.45954 0.0108971 0.0495663 0.328105 9.9982E-05
0.110403 9.9982E-05 0.00171204 0.0367881 0.0744667 0.399248 0.0210845 0.0445479 0.31155 9.9982E-05
0.0878751 0.0121445 9.9982E-05 0.0210323 0.0531275 0.659184 0.00739059 0.0172413 0.141805 9.9982E-05
0.140155 0.030536 0.0290557 0.00643112 9.9982E-05 0.283239 0.00396675 9.9982E-05 0.222649 0.283769
0.111766 0.00535374 0.0219149 0.00949647 9.9973E-05 0.20061 9.9973E-05 9.9973E-05 0.505699 0.144859
0.148092 0.0755703 0.0530898 0.0502593 9.9973E-05 0.0919266 9.9973E-05 9.9973E-05 0.463455 0.117308
0.146619 9.9964E-05 9.9964E-05 0.0791254 0.00819548 0.324436 9.9964E-05 9.9964E-05 0.397334 0.0438905
0.0917789 0.106435 0.00879085 0.0612142 9.9982E-05 0.0266872 9.9982E-05 0.0125836 0.54997 0.14234
0.0878393 9.9973E-05 0.052509 0.0198086 0.0105307 0.160299 9.9973E-05 9.9973E-05 0.472461 0.196252
0.045521 0.0158266 0.022145 0.0310993 0.00957699 0.776406 0.0153946 0.011592 0.0249645 0.0474745
0.0995912 0.0755513 0.0329244 0.00530626 9.9982E-05 0.346847 0.00353413 9.9982E-05 0.281003 0.155043
9.9964E-05 0.0197642 0.00413245 0.0673152 9.9964E-05 0.133469 0.770168 9.9964E-05 9.9964E-05 0.00475101
0.0156778 0.049837 9.9973E-05 0.00262791 0.00486803 0.16952 0.73083 9.9973E-05 0.026339 9.9973E-05
9.9955E-05 0.044639 0.0010076 0.0232604 9.9955E-05 9.9955E-05 0.784525 9.9955E-05 9.9955E-05 0.146068
9.9937E-05 9.9937E-05 9.9937E-05 9.9937E-05 0.00475222 0.177754 0.816794 9.9937E-05 9.9937E-05 9.9937E-05
9.9937E-05 9.9937E-05 9.9937E-05 0.0104384 9.9937E-05 0.183154 0.805708 9.9937E-05 9.9937E-05 9.9937E-05
0.00259067 9.9982E-05 0.00728321 0.0170283 0.00529061 0.117532 0.692369 0.0251643 0.132542 9.9982E-05
9.9946E-05 9.9946E-05 9.9946E-05 0.0155159 0.010338 0.251675 0.721871 9.9946E-05 9.9946E-05 9.9946E-05
9.9964E-05 0.0418275 9.9964E-05 0.0112775 0.00131449 0.27408 0.646526 0.0245741 9.9964E-05 9.9964E-05
0.000431797 9.9955E-05 9.9955E-05 0.00516221 0.0226781 0.269916 0.701312 9.9955E-05 9.9955E-05 9.9955E-05
9.99201E-05 9.99201E-05 9.99201E-05 9.99201E-05 9.99201E-05 9.99201E-05 9.99201E-05 9.99201E-05 9.99201E-05 0.999101
9.9946E-05 9.9946E-05 9.9946E-05 0.0421474 9.9946E-05 9.9946E-05 0.0200029 0.0760108 9.9946E-05 0.861239
0.0366259 9.9964E-05 0.00562565 9.9964E-05 9.9964E-05 0.0246899 0.0239229 0.28763 9.9964E-05 0.621106
0.0109436 9.9964E-05 0.0062443 0.0314517 9.9964E-05 9.9964E-05 9.9964E-05 0.232129 0.200349 0.518483
0.0124081 9.9964E-05 9.9964E-05 9.9964E-05 0.0189186 0.374822 0.00735795 0.198526 9.9964E-05 0.387568
9.9973E-05 9.9973E-05 9.9973E-05 0.0173268 0.0250889 0.409601 0.00862904 0.133721 0.0843395 0.320994
0.0278335 9.9973E-05 0.00364345 0.0227329 0.0434946 0.138386 9.9973E-05 9.9973E-05 0.0141342 0.749476
9.99369E-05 9.99369E-05 9.99369E-05 0.000605868 9.99369E-05 9.99369E-05 9.99369E-05 9.99369E-05 0.0340597 0.964635
0.00987742 0.0470918 9.9964E-05 0.000953573 9.9964E-05 0.0650314 9.9964E-05 0.205753 9.9964E-05 0.670893
9.9928E-05 9.9928E-05 9.9928E-05 9.9928E-05 9.9928E-05 0.090264 9.9928E-05 9.9928E-05 9.9928E-05 0.908937
9.9964E-05 0.00837893 9.9964E-05 0.0242894 0.00531915 0.214504 9.9964E-05 0.0442985 9.9964E-05 0.70281
0.0161898 9.9955E-05 9.9955E-05 9.9955E-05 9.9955E-05 0.00898284 0.026506 0.0489853 9.9955E-05 0.898836
9.9946E-05 0.739098 9.9946E-05 0.0505416 0.0125742 0.197186 9.9946E-05 9.9946E-05 9.9946E-05 9.9946E-05
9.9937E-05 0.902564 9.9937E-05 9.9937E-05 9.9937E-05 0.0512582 9.9937E-05 9.9937E-05 0.0454779 9.9937E-05
9.9973E-05 0.503428 9.9973E-05 0.0332747 0.0174133 0.369083 0.0265008 0.0458356 9.9973E-05 0.00416533
9.9955E-05 0.645442 9.9955E-05 0.0459075 9.9955E-05 0.245701 0.0324331 0.0300173 9.9955E-05 9.9955E-05
0.0273991 0.774826 9.9937E-05 9.9937E-05 9.9937E-05 9.9937E-05 9.9937E-05 9.9937E-05 9.9937E-05 0.197075
9.9964E-05 0.584979 9.9964E-05 0.0177446 0.0502519 0.309415 0.0344497 0.00276015 9.9964E-05 9.9964E-05
9.995E-05 0.655556 9.995E-05 0.0536927 9.995E-05 0.092792 0.0182581 9.995E-05 0.179201 9.995E-05
9.9955E-05 0.61524 9.9955E-05 0.0392753 9.9955E-05 0.307162 0.0210449 0.0167783 9.9955E-05 9.9955E-05
9.9955E-05 0.863431 9.9955E-05 0.0109852 9.9955E-05 0.0345018 9.9955E-05 0.00411382 0.0864688 9.9955E-05
9.9946E-05 0.837177 9.9946E-05 0.00765861 0.000962268 0.153602 9.9946E-05 9.9946E-05 9.9946E-05 9.9946E-05
0.0243791 0.826636 0.00764467 9.9955E-05 0.0172222 0.123619 9.9955E-05 9.9955E-05 9.9955E-05 9.9955E-05
9.9937E-05 9.9937E-05 9.9937E-05 9.9937E-05 0.7208 9.9937E-05 9.9937E-05 0.0927492 9.9937E-05 0.185751
0.0128752 0.0281291 0.0130568 9.9964E-05 0.671792 9.9964E-05 9.9964E-05 0.159804 9.9964E-05 0.113943
9.9964E-05 9.9964E-05 9.9964E-05 0.00775347 0.670454 0.102201 0.019911 0.159404 9.9964E-05 0.0398764
9.9955E-05 9.9955E-05 0.0372792 9.9955E-05 0.567445 0.164567 0.0142843 0.215924 9.9955E-05 9.9955E-05
9.9946E-05 9.9946E-05 9.9946E-05 9.9946E-05 0.586087 0.210539 0.0284371 0.174337 9.9946E-05 9.9946E-05
9.99459E-05 9.99459E-05 9.99459E-05 9.99459E-05 0.561844 0.223657 0.0305592 0.18334 9.99459E-05 9.99459E-05
9.9964E-05 9.9964E-05 9.9964E-05 0.00888123 0.626291 0.176321 0.00769875 0.155858 0.0245503 9.9964E-05
0.0138356 0.0201414 9.9964E-05 0.0124868 0.729065 9.9964E-05 9.9964E-05 0.174822 0.0492498 9.9964E-05
9.9946E-05 9.9946E-05 0.0222141 9.9946E-05 0.621518 9.9946E-05 9.9946E-05 0.210948 9.9946E-05 0.14472
9.9955E-05 9.9955E-05 0.0193042 9.9955E-05 0.630101 0.155028 0.00966173 0.185405 9.9955E-05 9.9955E-05
9.9955E-05 9.9955E-05 9.9955E-05 9.9955E-05 0.606081 0.167582 0.0250857 0.192157 9.9955E-05 0.0085948
9.99639E-05 9.99639E-05 9.99639E-05 0.0490579 0.675984 0.132553 0.0176724 0.0833593 0.0409731 9.99639E-05
0.0061611 9.9982E-05 0.0345978 0.000398312 0.152945 0.033014 0.00617185 0.599562 0.16695 9.9982E-05
0.00717526 9.9955E-05 9.9955E-05 0.0275915 0.0914884 0.223972 9.9955E-05 0.649273 9.9955E-05 9.9955E-05
0.0108755 0.00604218 0.0296973 9.9973E-05 0.125883 9.9973E-05 9.9973E-05 0.665784 0.119328 0.0420902
0.0180368 0.0222686 0.0111691 9.9982E-05 0.141667 0.130569 0.041667 0.612155 9.9982E-05 0.0222674
9.9946E-05 9.9946E-05 9.9946E-05 9.9946E-05 0.143177 0.286536 0.00750911 0.562178 9.9946E-05 9.9946E-05
0.0260886 9.9973E-05 0.00429764 9.9973E-05 0.135948 0.0852058 0.00865551 0.611923 0.127581 9.9973E-05
0.0220013 9.9973E-05 0.0391848 0.0297381 0.106155 0.109824 9.9973E-05 0.638325 9.9973E-05 0.0544713
0.0067997 9.9973E-05 0.00437857 0.0101827 0.10076 0.175461 9.9973E-05 0.638652 9.9973E-05 0.063466
9.9964E-05 9.9964E-05 9.9964E-05 0.0328802 0.132217 0.161427 0.0148042 0.648081 9.9964E-05 0.0101915
9.9973E-05 0.00633259 0.00866154 9.9973E-05 0.126615 0.224095 0.0164673 0.606646 9.9973E-05 0.0108817
0.0142304 0.0322056 0.0344605 9.9982E-05 0.144713 9.9982E-05 0.000360681 0.610962 0.0738464 0.0890209
9.9946E-05 9.9946E-05 9.9946E-05 9.9946E-05 0.14832 0.232619 0.0111567 0.607305 9.9946E-05 9.9946E-05
0.00560135 9.9946E-05 9.9946E-05 0.0178508 0.913865 9.9946E-05 9.9946E-05 9.9946E-05 0.062083 9.9946E-05
0.00889818 9.9946E-05 9.9946E-05 9.9946E-05 0.921513 9.9946E-05 9.9946E-05 9.9946E-05 0.0614173 0.00757148
9.9937E-05 9.9937E-05 0.0210235 9.9937E-05 0.954451 9.9937E-05 9.9937E-05 9.9937E-05 9.9937E-05 0.0238257
9.9937E-05 9.9937E-05 9.9937E-05 9.9937E-05 0.905944 0.0837346 0.00962173 9.9937E-05 9.9937E-05 9.9937E-05
9.9937E-05 9.9937E-05 9.9937E-05 9.9937E-05 0.875422 9.9937E-05 0.0017468 9.9937E-05 0.122132 9.9937E-05
9.9955E-05 9.9955E-05 0.00328556 9.9955E-05 0.814205 0.12616 0.0293791 9.9955E-05 0.02647 9.9955E-05
9.9946E-05 9.9946E-05 9.9946E-05 0.00293852 0.841639 0.115485 9.9946E-05 0.0393381 9.9946E-05 9.9946E-05
9.9928E-05 9.9928E-05 9.9928E-05 9.9928E-05 0.834927 0.164274 9.9928E-05 9.9928E-05 9.9928E-05 9.9928E-05
9.9937E-05 9.9937E-05 0.0146776 9.9937E-05 0.917459 9.9937E-05 9.9937E-05 9.9937E-05 9.9937E-05 0.0671642
9.9937E-05 9.9937E-05 9.9937E-05 9.9937E-05 0.899939 0.0191949 9.9937E-05 9.9937E-05 9.9937E-05 0.0801661
0.0123481 0.0258045 9.9946E-05 9.9946E-05 0.932962 9.9946E-05 9.9946E-05 9.9946E-05 0.0282862 9.9946E-05
0.0070256 9.9955E-05 0.00525898 9.9955E-05 0.877606 0.0970673 0.0125423 9.9955E-05 9.9955E-05 9.9955E-05
9.9964E-05 0.468635 9.9964E-05 0.0688197 0.00505738 0.23921 0.0775479 9.9964E-05 9.9964E-05 0.140331
0.00100744 0.530209 0.0286399 0.0923142 9.9991E-05 0.0525204 0.0993148 0.0244345 0.0607548 0.110705
0.0126155 0.635656 0.0232182 0.117814 9.9973E-05 9.9973E-05 0.0192562 9.9973E-05 0.0645499 0.12659
9.9991E-05 0.530409 0.0286634 0.0672279 0.0314694 0.153699 0.0814829 0.0514653 0.0425884 0.0128951
0.0337839 0.438023 0.0448118 0.113588 9.999E-05 0.0594098 0.0539774 0.0209965 0.104941 0.130368
9.9982E-05 0.385407 0.00223413 0.147031 0.0219563 0.138712 0.0691868 0.0618508 0.173423 9.9982E-05
9.9946E-05 0.794004 0.0108757 9.9946E-05 0.0147498 9.9946E-05 9.9946E-05 9.9946E-05 0.17977 9.9946E-05
0.0169967 0.728793 0.0301744 0.0422714 0.0258594 0.0234817 9.9982E-05 0.0164318 0.115791 9.9982E-05
9.9937E-05 0.813898 0.0466649 9.9937E-05 9.9937E-05 9.9937E-05 9.9937E-05 9.9937E-05 9.9937E-05 0.138737
0.00283625 0.657505 0.0149529 0.0997366 0.0194506 0.0616776 0.0206127 0.000308706 0.12282 9.9991E-05
9.9964E-05 0.764151 9.9964E-05 0.081937 0.00806007 0.0527915 0.0143573 9.9964E-05 9.9964E-05 0.0783031
0.00378806 0.942628 0.0401453 9.9955E-05 0.0115449 9.9955E-05 9.9955E-05 9.9955E-05 9.9955E-05 0.00139375
9.9955E-05 0.819322 0.00843283 9.9955E-05 9.9955E-05 9.9955E-05 0.00596882 9.9955E-05 0.101263 0.0645129
9.9937E-05 0.787687 0.0546838 9.9937E-05 9.9937E-05 9.9937E-05 9.9937E-05 9.9937E-05 9.9937E-05 0.15693
0.0269198 0.593422 9.9973E-05 0.0478339 9.9973E-05 0.104729 0.0175992 0.0499332 0.159263 9.9973E-05
9.9946E-05 0.0635216 9.9946E-05 0.0239399 9.9946E-05 9.9946E-05 9.9946E-05 0.777421 0.134517 9.9946E-05
0.010519 9.9973E-05 9.9973E-05 0.0317503 0.240534 0.0356793 0.0152143 0.49237 0.173633 9.9973E-05
0.000852166 0.105061 0.00719803 9.9964E-05 9.9964E-05 0.0267968 9.9964E-05 0.784328 0.0753645 9.9964E-05
9.9973E-05 0.0310412 0.0227572 0.0237916 0.0470923 9.9973E-05 9.9973E-05 0.704253 0.167999 0.00276501
9.99584E-05 9.99584E-05 9.99584E-05 0.0361243 0.098232 0.098762 9.99584E-05 0.573694 0.192687 9.99584E-05
0.00129814 0.0166194 0.00396459 0.024085 0.200325 0.0648111 0.0247187 0.596148 0.0604581 0.00757235
0.0264197 0.085671 0.0203288 0.0135665 0.102591 9.9982E-05 9.9982E-05 0.618928 0.0790637 0.0532322
0.0219206 0.00715184 0.0687681 0.000529487 0.0855451 9.9991E-05 0.0186487 0.698064 0.0444331 0.0548392
9.9955E-05 9.9955E-05 0.022826 9.9955E-05 0.0108872 0.854818 0.0226415 9.9955E-05 9.9955E-05 0.0883272
0.0171029 0.0535975 0.0423216 9.9955E-05 9.9955E-05 0.675728 9.9955E-05 9.9955E-05 9.9955E-05 0.210751
9.99201E-05 9.99201E-05 0.999101 9.99201E-05 9.99201E-05 9.99201E-05 9.99201E-05 9.99201E-05 9.99201E-05 9.99201E-05
9.999E-05 0.101239 0.0171393 0.0226327 0.00696537 0.210329 0.0133912 0.171217 0.384155 0.0728315
0.0300723 0.0405706 0.0229873 0.0940688 0.038824 0.239331 9.9991E-05 0.00931388 0.385465 0.139268
0.0388963 0.0842066 0.0420013 0.0606816 9.9982E-05 0.449823 9.9982E-05 0.033823 0.256181 0.0341874
9.99201E-05 9.99201E-05 0.999101 9.99201E-05 9.99201E-05 9.99201E-05 9.99201E-05 9.99201E-05 9.99201E-05 9.99201E-05
0.00608637 9.9973E-05 0.902856 0.00337659 0.00976428 0.0659446 0.00386413 0.00780813 9.9973E-05 9.9973E-05
0.0337428 0.111794 0.055042 9.997E-05 9.997E-05 0.52266 9.997E-05 0.0474705 0.136176 0.092815
0.0330364 9.9982E-05 0.0161319 0.0514376 0.00636131 0.632665 0.0189859 9.9982E-05 0.0657135 0.175469
0.0214512 0.061421 0.122714 0.00700621 0.00601024 0.365089 0.0239587 0.0124146 0.248395 0.13154
0.034329 0.0484934 0.0491753 0.0426702 9.9982E-05 0.415655 9.9982E-05 0.0246856 0.367885 0.016906
0.0692936 0.0040383 0.0596596 0.0424038 0.000681672 0.120734 9.9991E-05 0.0274435 0.547789 0.127856
9.9946E-05 9.9946E-05 0.0160917 9.9946E-05 0.00293594 0.902705 9.9946E-05 9.9946E-05 0.0776674 9.9946E-05
0.0442516 9.9964E-05 0.0391156 0.0268202 0.00137726 0.433361 9.9964E-05 9.9964E-05 0.454675 9.9964E-05
9.99201E-05 9.99201E-05 9.99201E-05 9.99201E-05 9.99201E-05 0.999101 9.99201E-05 9.99201E-05 9.99201E-05 9.99201E-05
0.0584402 9.9964E-05 0.0278364 0.0496688 9.9964E-05 0.26245 9.9964E-05 9.9964E-05 0.566084 0.035121
0.0515478 0.0963811 0.0447907 0.0188555 9.9982E-05 0.363567 0.0120608 0.0246568 0.38794 9.9982E-05
0.042233 0.0802681 0.0381996 9.9964E-05 9.9964E-05 0.540758 9.9964E-05 9.9964E-05 0.162141 0.136
0.0268242 9.9973E-05 0.0112957 0.0565187 9.9973E-05 0.701058 0.00845693 9.9973E-05 0.106721 0.0888253
0.0409263 9.9973E-05 9.9973E-05 0.0215096 0.0357577 0.495549 0.01459 0.0190194 0.372348 9.9973E-05
0.0194169 9.9991E-05 0.0417976 0.0418555 0.00449668 0.651043 0.0148075 0.0240431 0.136408 0.0660321
9.99201E-05 9.99201E-05 9.99201E-05 9.99201E-05 9.99201E-05 0.999101 9.99201E-05 9.99201E-05 9.99201E-05 9.99201E-05
