0.0305649 0.457174 0.512261
0.00630544 0.484594 0.509101
0.0273442 0.453947 0.518708
0.0614913 0.390677 0.547832
9.9991E-05 0.481464 0.518436
0.0138139 0.466171 0.520015
0.0872666 0.391778 0.520955
0.0761958 0.380296 0.543508
0.0759973 0.328748 0.595255
9.999E-05 0.9998 9.999E-05
0.0403272 0.897246 0.0624266
0.0854978 0.789206 0.125296
0.0878167 0.807641 0.104542
0.0598305 0.863798 0.0763711
9.999E-05 0.9998 9.999E-05
0.0608559 0.869618 0.0695264
0.0263898 0.957875 0.0157348
0.0202977 0.926867 0.0528348
0.0467151 0.880134 0.0731506
0.0938521 0.780559 0.125588
9.999E-05 0.9998 9.999E-05
0.136859 0.749433 0.113708
0.0875997 0.776491 0.135909
0.0956661 0.778922 0.125412
0.067937 0.873284 0.0587791
0.10201 0.767738 0.130252
0.118778 0.788562 0.0926602
0.121859 0.752191 0.12595
0.0864892 0.794536 0.118975
0.100588 0.76268 0.136733
0.108674 0.797665 0.0936617
0.0456699 0.195854 0.758476
9.9991E-05 0.343517 0.656383
0.0264959 0.285647 0.687857
0.0200437 0.195653 0.784303
0.0514902 0.248404 0.700106
0.0372421 0.196546 0.766212
0.0362107 0.242298 0.721492
0.0357262 0.21093 0.753343
9.9991E-05 0.260901 0.738999
0.00794591 0.215901 0.776153
0.957621 0.042279 9.9991E-05
0.99523 9.9991E-05 0.00466952
0.949196 0.00775993 0.043044
0.952077 0.0248249 0.0230978
0.920436 0.048728 0.0308363
0.939829 9.9991E-05 0.060071
0.823382 0.107322 0.0692952
0.992369 0.00753094 9.9991E-05
0.9998 9.999E-05 9.999E-05
0.95882 9.9991E-05 0.0410802
0.9998 9.999E-05 9.999E-05
0.9998 9.999E-05 9.999E-05
0.213242 0.720994 0.0657644
0.163073 0.77705 0.0598767
0.1735 0.721271 0.105228
0.201761 0.796798 0.00144048
0.214559 0.710147 0.0752938
0.222869 0.714515 0.0626161
0.223286 0.675265 0.101449
0.218108 0.717657 0.0642354
9.9991E-05 0.54381 0.45609
9.9991E-05 0.489306 0.510594
0.0488384 0.456996 0.494166
0.0281341 0.430286 0.54158
0.0558858 0.532901 0.411213
0.0314978 0.503929 0.464573
0.0125761 0.5182 0.469223
0.0439809 0.448314 0.507705
0.0617883 0.457426 0.480786
0.027822 0.483672 0.488506
9.9991E-05 0.486126 0.513774
0.123119 0.726374 0.150506
0.0901724 0.753724 0.156103
0.100996 0.696979 0.202025
0.100098 0.722343 0.17756
0.0555203 0.883497 0.0609825
0.0292288 0.902991 0.0677801
0.0179241 0.939618 0.0424582
0.0142952 0.897379 0.0883256
0.0659706 0.863969 0.0700606
0.0372174 0.860055 0.102727
0.105818 0.742743 0.151439
0.0765102 0.863044 0.0604461
0.84929 0.118529 0.0321816
0.819617 0.14337 0.0370128
0.862064 0.137836 9.9991E-05
0.887251 0.0647774 0.0479719
0.911464 0.0581737 0.0303621
0.773236 0.157846 0.0689185
0.822292 0.106084 0.0716234
0.755672 0.155721 0.0886069
0.80061 0.13001 0.0693808
9.9991E-05 0.779922 0.219978
0.0385793 0.664645 0.296776
0.0282276 0.626245 0.345527
9.9991E-05 0.67587 0.32403
0.0523298 0.604613 0.343057
0.0583158 0.654887 0.286797
0.0249887 0.738663 0.236348
0.0183081 0.779679 0.202013
9.9991E-05 0.666921 0.332979
0.0170724 0.838133 0.144795
0.000824876 0.737053 0.262122
0.0296845 0.687958 0.282358
0.202646 0.745433 0.051921
0.19513 0.800706 0.00416362
0.18735 0.670389 0.142261
0.241078 0.666512 0.0924104
0.181046 0.818854 9.9991E-05
0.216186 0.662867 0.120946
0.213788 0.770312 0.0158999
0.227973 0.69258 0.0794469
0.191377 0.79708 0.0115431
0.185682 0.776499 0.0378185
0.19086 0.766693 0.0424472
9.999E-05 9.999E-05 0.9998
9.9991E-05 0.0835753 0.916325
0.0558731 0.0175502 0.926577
0.0568535 0.0794006 0.863746
0.0740035 0.0800057 0.845991
0.0794163 0.0671963 0.853387
0.0510637 0.0745635 0.874373
0.0124969 0.0272966 0.960206
9.9991E-05 0.0561257 0.943774
0.0375392 0.048379 0.914082
0.058249 0.0591568 0.882594
0.0620358 0.0623226 0.875642
0.0327025 0.311252 0.656045
0.039858 0.295925 0.664217
0.0148389 0.300911 0.68425
0.0742476 0.247703 0.67805
0.0586997 0.252823 0.688477
0.0576992 0.281486 0.660814
9.9991E-05 0.341804 0.658096
0.0230644 0.328245 0.648691
0.0512627 0.25097 0.697767
0.0461118 0.280493 0.673395
0.0176124 0.306178 0.67621
0.0637486 0.245315 0.690936
9.999E-05 9.999E-05 0.9998
9.999E-05 9.999E-05 0.9998
9.999E-05 9.999E-05 0.9998
0.0147359 9.9991E-05 0.985164
0.021095 9.9991E-05 0.978805
0.0630228 9.9991E-05 0.936877
0.0107661 9.9991E-05 0.989134
0.0235366 9.9991E-05 0.976363
9.999E-05 9.999E-05 0.9998
9.999E-05 9.999E-05 0.9998
0.00023524 9.9991E-05 0.999665
0.0376456 9.9991E-05 0.962254
0.224992 0.683178 0.0918306
0.245197 0.693201 0.0616018
0.199389 0.773538 0.0270733
0.237188 0.664636 0.0981763
0.186842 0.756196 0.0569618
0.218241 0.673095 0.108663
0.186214 0.795681 0.0181043
0.18184 0.755833 0.0623265
0.166125 0.811565 0.0223098
0.197999 0.739012 0.0629891
0.213467 0.727666 0.0588671
0.20082 0.785498 0.0136824
0.197645 0.776547 0.025808
0.156145 0.82988 0.013975
0.188497 0.726534 0.0849691
0.0120616 0.384099 0.60384
0.0483207 0.252398 0.699281
0.0403094 0.353993 0.605697
0.0223791 0.365458 0.612163
0.0244045 0.386405 0.58919
0.0520104 0.249361 0.698629
9.9991E-05 0.381842 0.618058
0.0339689 0.321436 0.644595
0.125448 0.706071 0.168482
0.0558743 0.879761 0.0643646
0.0191916 0.948362 0.0324467
0.0880488 0.698678 0.213273
0.0664871 0.771301 0.162212
0.0820996 0.824734 0.0931667
0.0289877 0.936898 0.0341143
0.0532534 0.85926 0.0874871
0.0700101 0.805191 0.124799
0.100852 0.764092 0.135056
0.0963776 0.779464 0.124159
0.0700026 0.8243 0.105697
0.0496517 0.840615 0.109733
0.0937265 0.746256 0.160017
0.062778 0.832287 0.104935
0.086637 0.831677 0.0816857
0.0478512 0.877751 0.0743975
0.0961434 0.81108 0.092777
0.0776502 0.825629 0.0967211
0.120519 0.795897 0.0835842
0.120443 0.708469 0.171088
0.103382 0.729897 0.166721
0.0824775 0.829055 0.0884674
