0.0333151 9.9973E-05 0.701889 0.0855225 9.9973E-05 0.178973 9.9973E-05
0.0361655 0.06442 0.704347 9.9973E-05 9.9973E-05 0.194768 9.9973E-05
0.0309018 0.081188 0.713111 0.0543037 9.9991E-05 0.11952 0.000875066
0.0240817 0.178592 0.739209 9.9973E-05 9.9973E-05 9.9973E-05 0.0578166
0.0183207 0.297174 0.684106 9.9964E-05 9.9964E-05 9.9964E-05 9.9964E-05
0.0084004 0.205466 0.741049 0.0447846 9.9973E-05 9.9973E-05 9.9973E-05
0.0401215 0.0718234 0.676538 9.9991E-05 0.00100005 0.128629 0.0817878
0.014573 0.0634092 0.712874 9.9982E-05 9.9982E-05 0.152291 0.0566523
9.9982E-05 0.0274222 0.742337 9.9982E-05 0.0294633 0.155516 0.0450619
0.9994 9.995E-05 9.995E-05 9.995E-05 9.995E-05 9.995E-05 9.995E-05
0.122274 0.189761 9.9973E-05 0.0446812 9.9973E-05 0.642984 9.9973E-05
0.103328 0.180191 0.0389254 0.0271063 0.00729619 0.611812 0.031341
0.592911 9.9991E-05 0.0603817 0.00329356 0.0251652 0.255724 0.0624249
0.691166 9.9973E-05 0.0897573 9.9973E-05 9.9973E-05 0.175293 0.0434832
0.96342 0.0360803 9.9955E-05 9.9955E-05 9.9955E-05 9.9955E-05 9.9955E-05
0.360394 9.9991E-05 0.00603662 0.0840562 0.020495 0.522403 0.00651447
0.9994 9.995E-05 9.995E-05 9.995E-05 9.995E-05 9.995E-05 9.995E-05
0.664421 9.9982E-05 0.0184227 0.0686423 0.0150515 0.233263 9.9982E-05
0.771665 9.9982E-05 0.0246434 9.9982E-05 0.0274116 0.145576 0.0305041
0.085052 0.179254 0.0788852 0.04234 9.9991E-05 0.579415 0.0349534
0.9994 9.995E-05 9.995E-05 9.995E-05 9.995E-05 9.995E-05 9.995E-05
9.999E-05 0.0613206 0.00552493 0.157242 0.0349169 0.685002 0.0558935
0.00833981 0.173416 0.0173693 0.0571981 0.0387598 0.681354 0.0235631
0.0253922 0.385852 9.9991E-05 0.0712535 0.025236 0.455269 0.0368973
9.9955E-05 0.26316 9.9955E-05 9.9955E-05 9.9955E-05 0.73634 9.9955E-05
0.0205461 0.348862 0.0514372 0.123058 0.00418077 0.397465 0.0544517
0.0115229 0.303877 9.9991E-05 0.119901 0.00847785 0.512081 0.0440399
9.9982E-05 0.0753593 9.9982E-05 0.0745504 0.0477858 0.774607 0.0274974
0.0287437 0.264916 9.9991E-05 0.0907689 0.030106 0.569158 0.016208
0.0113851 0.113844 0.00256655 0.0577283 0.0387493 0.74186 0.0338668
0.0204493 0.120401 9.9991E-05 0.0799948 0.0170413 0.724749 0.0372655
0.00461659 9.9991E-05 0.577423 0.0108855 0.283652 0.106462 0.0168602
9.9973E-05 9.9973E-05 0.675198 0.00526663 0.129467 0.189768 9.9973E-05
0.00726718 9.9991E-05 0.635976 0.0237442 0.179835 0.14951 0.00356768
0.00418515 0.0551227 0.74687 9.9982E-05 0.183623 9.9982E-05 0.00999859
9.9973E-05 9.9973E-05 0.633516 9.9973E-05 0.19165 0.156054 0.0184803
9.999E-05 0.0255801 0.66029 0.0430252 0.229753 0.0241445 0.017108
9.9973E-05 9.9973E-05 0.771618 9.9973E-05 0.129528 0.0651768 0.0333775
0.00939559 0.0217899 0.798409 9.9982E-05 0.143732 9.9982E-05 0.0264739
0.0235773 0.210902 0.573915 9.9973E-05 0.191305 9.9973E-05 9.9973E-05
9.9964E-05 9.9964E-05 0.789964 0.0554352 0.154201 9.9964E-05 9.9964E-05
0.0100472 0.0480972 9.9973E-05 9.9973E-05 9.9973E-05 0.0320496 0.909506
9.9973E-05 9.9973E-05 9.9973E-05 0.0156011 0.00165977 0.0251829 0.957256
9.9973E-05 0.0217932 9.9973E-05 9.9973E-05 0.0296028 0.0460514 0.902253
9.9964E-05 9.9964E-05 9.9964E-05 9.9964E-05 0.00415816 0.110919 0.884523
9.9964E-05 9.9964E-05 9.9964E-05 9.9964E-05 0.0180168 0.105283 0.8763
9.9964E-05 9.9964E-05 9.9964E-05 9.9964E-05 0.0282829 0.0980531 0.873264
0.0103351 0.0105899 0.0205906 0.0336634 0.0303652 0.121692 0.772764
0.0237584 9.9964E-05 9.9964E-05 0.0349107 9.9964E-05 9.9964E-05 0.940931
9.9955E-05 0.0140084 9.9955E-05 9.9955E-05 9.9955E-05 9.9955E-05 0.985492
9.9964E-05 9.9964E-05 0.0218561 9.9964E-05 9.9964E-05 0.0711297 0.906614
9.995E-05 9.995E-05 9.995E-05 9.995E-05 9.995E-05 9.995E-05 0.9994
9.9955E-05 0.0108508 9.9955E-05 9.9955E-05 9.9955E-05 9.9955E-05 0.988649
9.9955E-05 9.9955E-05 9.9955E-05 0.971103 0.0283971 9.9955E-05 9.9955E-05
0.0210428 0.122598 9.9982E-05 0.733078 0.0385108 0.0845704 9.9982E-05
0.0186657 0.134454 0.0602613 0.507564 0.0281105 0.221177 0.029768
0.0463253 0.0340445 9.9991E-05 0.841411 0.00697782 0.0604046 0.0107366
9.9991E-05 0.137515 0.00527959 0.610818 0.028184 0.157806 0.0602982
0.0429634 0.146869 9.9991E-05 0.690962 0.0382574 0.0183898 0.062458
9.9982E-05 9.9982E-05 0.0306517 0.86837 0.04393 0.0414264 0.0154224
9.9982E-05 9.9982E-05 0.0412188 0.797703 0.0113637 0.124406 0.0251086
0.0181964 0.464401 0.485122 0.0319814 9.9973E-05 9.9973E-05 9.9973E-05
9.9955E-05 0.465295 0.534205 9.9955E-05 9.9955E-05 9.9955E-05 9.9955E-05
0.0122428 0.268383 0.523012 9.9991E-05 0.0283916 0.140491 0.0273798
0.0310878 0.320136 0.602166 9.9982E-05 0.0255401 9.9982E-05 0.0208703
9.9973E-05 0.508008 0.423618 0.0255258 9.9973E-05 9.9973E-05 0.0425483
0.0485292 0.246797 0.475819 0.0551685 0.0604828 0.0975457 0.0156571
0.00521214 0.272543 0.528175 0.00708052 0.0234283 0.160654 0.00290724
0.0323647 0.371641 0.533129 9.9982E-05 0.0220871 9.9982E-05 0.0405783
9.9991E-05 0.191592 0.579989 0.0180743 0.000968755 0.158123 0.0511534
0.00221211 0.286275 0.570865 0.0286367 0.0129589 0.091133 0.00791857
9.9955E-05 0.616753 0.382747 9.9955E-05 9.9955E-05 9.9955E-05 9.9955E-05
0.105041 0.0301884 0.0719566 0.0613873 0.0301543 0.646274 0.054999
0.0839676 9.9991E-05 0.106877 0.0219708 0.00567274 0.759508 0.021904
0.108895 9.9991E-05 0.0886024 0.000140876 0.0768667 0.70026 0.0251343
0.0887692 9.9991E-05 0.115169 0.0347457 0.032103 0.698147 0.0309667
0.134058 0.381104 9.9982E-05 0.00346809 9.9982E-05 0.455362 0.025807
0.106051 0.260048 9.9973E-05 0.0224233 9.9973E-05 0.611178 9.9973E-05
0.13335 0.260321 9.9973E-05 0.100708 9.9973E-05 0.505321 9.9973E-05
0.144237 0.12157 9.9982E-05 0.0507761 0.0241964 0.659021 9.9982E-05
0.0909796 0.22278 0.0209175 0.197847 9.9982E-05 0.467276 9.9982E-05
0.0684616 0.336259 9.9973E-05 9.9973E-05 0.0166979 0.578282 9.9973E-05
0.057782 0.0820912 0.0902866 0.0325006 0.00765628 0.683917 0.0457662
0.10334 0.298612 9.9982E-05 0.0622357 9.9982E-05 0.51074 0.0248726
9.9973E-05 9.9973E-05 0.0327752 0.0980462 9.9973E-05 0.0899331 0.778946
0.000885083 9.9982E-05 9.9982E-05 0.0505104 0.00948998 0.188397 0.750518
9.9964E-05 0.161535 9.9964E-05 0.0430449 9.9964E-05 9.9964E-05 0.79502
9.9982E-05 9.9982E-05 0.0595709 0.0123353 0.00161702 0.0828041 0.843473
9.9964E-05 9.9964E-05 0.0296829 9.9964E-05 9.9964E-05 0.120143 0.849774
9.9973E-05 9.9973E-05 0.0201793 9.9973E-05 0.0113013 0.267111 0.701108
9.9982E-05 9.9982E-05 0.031705 0.0174094 0.0192568 0.180322 0.751107
9.9973E-05 9.9973E-05 0.0801182 0.0887301 9.9973E-05 0.164604 0.666248
0.00452299 9.9982E-05 0.0362385 9.9982E-05 0.0249568 0.199444 0.734637
9.99549E-05 0.983993 9.99549E-05 9.99549E-05 0.0155072 9.99549E-05 9.99549E-05
9.9973E-05 0.786729 0.170352 0.0209652 9.9973E-05 9.9973E-05 0.0216533
0.027002 0.644006 0.293626 9.9973E-05 9.9973E-05 9.9973E-05 0.0350665
0.00121823 0.581101 0.231156 9.9982E-05 0.0159132 0.170411 9.9982E-05
0.020855 0.348057 0.333785 9.9982E-05 9.9982E-05 0.268609 0.0284937
0.00236202 0.325612 0.193142 0.00795097 0.0476838 0.392941 0.030307
0.0197279 0.74147 0.0124399 9.9991E-05 0.0713289 0.135781 0.0191522
9.99639E-05 0.96774 9.99639E-05 9.99639E-05 0.0219836 9.99639E-05 0.00987652
0.0168167 0.649185 0.276629 0.0570703 9.9973E-05 9.9973E-05 9.9973E-05
9.9964E-05 0.900202 9.9964E-05 9.9964E-05 9.9964E-05 0.0889096 0.0104889
9.9982E-05 0.631803 0.176424 0.0834793 0.00154316 0.106551 9.9982E-05
0.00930436 0.830612 0.113607 9.9982E-05 0.0171666 9.9982E-05 0.0291101
0.00830207 9.9991E-05 0.0668038 0.848662 0.00288415 0.0698846 0.00336296
9.9955E-05 9.9955E-05 9.9955E-05 0.857301 9.9955E-05 0.142199 9.9955E-05
9.9982E-05 9.9982E-05 0.150319 0.559786 0.0156103 0.231656 0.0424296
9.9973E-05 9.9973E-05 0.114866 0.751377 9.9973E-05 0.0889798 0.0444768
0.0259287 0.289935 9.9964E-05 0.683736 9.9964E-05 9.9964E-05 9.9964E-05
0.018941 9.9991E-05 0.0890257 0.612998 0.0306503 0.195149 0.0531363
0.00347332 9.9973E-05 9.9973E-05 0.718773 9.9973E-05 0.256398 0.0210561
9.9973E-05 9.9973E-05 0.0826096 0.713693 9.9973E-05 0.167072 0.0363245
9.9973E-05 0.0730045 9.9973E-05 0.846518 9.9973E-05 0.0783773 0.00180042
9.9973E-05 9.9973E-05 0.0177826 0.82168 0.00541588 0.154822 9.9973E-05
0.0357057 0.0678787 0.0057476 0.798319 0.020601 0.0523834 0.0193643
9.9964E-05 0.177079 0.0815847 9.9964E-05 0.740936 9.9964E-05 9.9964E-05
0.0115891 0.14026 0.159215 9.9973E-05 0.688636 9.9973E-05 9.9973E-05
0.020454 0.0165482 0.208769 0.0361056 0.679927 9.9991E-05 0.0380955
9.9982E-05 0.0071053 0.241677 9.9982E-05 0.582604 0.130153 0.0382609
9.9973E-05 9.9973E-05 0.201362 9.9973E-05 0.595401 0.15877 0.0441675
9.9973E-05 9.9973E-05 0.202986 9.9973E-05 0.574429 0.199535 0.0227504
9.9973E-05 9.9973E-05 0.182853 9.9973E-05 0.627573 0.175593 0.0136819
0.0172467 9.9973E-05 0.174081 0.0562521 0.75212 9.9973E-05 9.9973E-05
9.9964E-05 0.162843 0.177293 9.9964E-05 0.659464 9.9964E-05 9.9964E-05
9.9973E-05 9.9973E-05 0.228021 9.9973E-05 0.64836 0.115437 0.0078825
9.9973E-05 9.9973E-05 0.261718 9.9973E-05 0.610751 0.0954722 0.031759
9.9973E-05 9.9973E-05 0.104898 9.9973E-05 0.691837 0.179555 0.0234105
0.00941146 9.9982E-05 0.605587 0.00059352 0.165315 0.218893 9.9982E-05
0.0435564 9.9991E-05 0.762739 0.0262993 0.0809114 0.0618256 0.0245681
0.000977501 0.137324 0.661437 9.9991E-05 0.154447 0.0328997 0.0128147
0.0295497 0.03629 0.683162 0.0495636 0.14451 9.9991E-05 0.0568248
0.0250265 9.9982E-05 0.674179 9.9982E-05 0.145497 0.114933 0.040165
0.0273337 9.9982E-05 0.640295 9.9982E-05 0.155105 0.157963 0.0191029
0.0396914 0.133219 0.683165 9.9982E-05 0.117207 0.0265179 9.9982E-05
0.0197502 0.0861333 0.659984 0.0213223 0.125177 0.0757623 0.0118713
0.00440993 0.0136699 0.742999 0.033802 0.139814 0.0338909 0.0314143
9.9991E-05 0.0461261 0.67563 0.0269948 0.134751 0.0900603 0.0263373
0.019232 0.199884 0.591463 0.00707 0.176262 9.9991E-05 0.00598815
9.9973E-05 9.9973E-05 0.672328 9.9973E-05 0.161684 0.134414 0.0312735
0.0154039 0.0283635 9.9973E-05 0.016311 0.939622 9.9973E-05 9.9973E-05
0.00511385 0.0388955 9.9964E-05 9.9964E-05 0.955591 9.9964E-05 9.9964E-05
9.9955E-05 0.0491835 9.9955E-05 9.9955E-05 0.950317 9.9955E-05 9.9955E-05
9.9973E-05 9.9973E-05 0.00588577 9.9973E-05 0.933151 0.0334141 0.0272495
9.99575E-05 9.99575E-05 9.99575E-05 9.99575E-05 0.892849 0.106651 9.99575E-05
9.9973E-05 9.9973E-05 0.0123209 9.9973E-05 0.827292 0.13011 0.0299781
9.9964E-05 9.9964E-05 0.0436782 9.9964E-05 0.871773 0.0841489 9.9964E-05
9.9982E-05 9.9982E-05 0.0202924 0.00302717 0.88685 0.0822662 0.00736381
9.9955E-05 0.0908184 9.9955E-05 9.9955E-05 0.908682 9.9955E-05 9.9955E-05
9.9955E-05 0.0891232 9.9955E-05 9.9955E-05 0.910377 9.9955E-05 9.9955E-05
0.0113041 9.9964E-05 9.9964E-05 0.0389097 0.949386 9.9964E-05 9.9964E-05
0.00399756 9.9973E-05 9.9973E-05 9.9973E-05 0.892447 0.0961366 0.00711849
9.9991E-05 0.179059 0.0642179 0.562776 0.00258422 0.0993597 0.0919034
0.0182622 0.158393 0.0360977 0.638927 9.9991E-05 0.054237 0.0939829
0.0254451 0.214034 9.9973E-05 0.750937 9.9973E-05 9.9973E-05 0.00928393
0.0100683 0.0907324 0.0289438 0.575095 0.0323117 0.165996 0.0968535
0.0377452 0.20514 0.0431651 0.579898 9.9991E-05 0.0753241 0.0586276
9.9982E-05 9.9982E-05 0.0568051 0.557082 0.0378068 0.274357 0.0737499
0.0121766 0.0214554 9.9982E-05 0.783331 0.0136834 0.169154 9.9982E-05
0.0323228 0.0352068 0.0111235 0.764923 0.0177558 0.138568 9.9991E-05
9.9955E-05 0.249126 9.9955E-05 0.750374 9.9955E-05 9.9955E-05 9.9955E-05
0.0229324 9.9991E-05 0.00627417 0.778761 0.0362404 0.151063 0.00462945
0.00920395 0.0907793 9.9982E-05 0.863003 0.0215546 9.9982E-05 0.0152591
0.0116941 0.107973 9.9964E-05 0.879933 9.9964E-05 9.9964E-05 9.9964E-05
0.0128415 0.136997 0.0223999 0.777566 9.9991E-05 0.0335453 0.0165498
9.9955E-05 0.31288 9.9955E-05 0.68662 9.9955E-05 9.9955E-05 9.9955E-05
0.030569 9.9982E-05 0.0692392 0.60635 9.9982E-05 0.269534 0.024108
0.0150531 0.00333518 0.823508 0.119935 9.9982E-05 0.0379683 9.9982E-05
0.0140571 9.9991E-05 0.49294 0.0233914 0.270583 0.170072 0.0288568
0.0206857 0.00915439 0.820386 0.0798078 0.0122207 0.04395 0.013795
9.9991E-05 0.0990336 0.723963 0.0450695 0.0493204 0.0763168 0.00619683
9.9964E-05 9.9964E-05 0.649376 9.9964E-05 0.0854249 0.264799 9.9964E-05
0.0109579 0.0250971 0.631182 0.0425275 0.210988 0.0448206 0.0344267
0.0304403 0.140589 0.623676 0.079126 0.125969 9.9982E-05 9.9982E-05
0.010366 0.130986 0.727772 9.9991E-05 0.0820228 0.0208656 0.0278876
9.9982E-05 0.143289 0.0464321 9.9982E-05 0.0327963 0.714402 0.0628814
0.0178122 0.321474 9.9973E-05 0.0279457 9.9973E-05 0.632468 9.9973E-05
9.9955E-05 0.583479 9.9955E-05 9.9955E-05 9.9955E-05 0.416021 9.9955E-05
9.9991E-05 0.162655 0.166859 0.150936 0.0209522 0.477425 0.0210727
0.0183748 0.227634 0.0387434 0.145725 0.0351826 0.533256 0.00108443
0.023817 0.10563 0.0793188 0.130489 9.9991E-05 0.660271 0.000373487
9.9955E-05 0.601224 9.9955E-05 9.9955E-05 9.9955E-05 0.398276 9.9955E-05
0.0202998 0.47614 9.9973E-05 9.9973E-05 9.9973E-05 0.494548 0.00871224
0.0394192 0.19053 0.0660483 0.079367 9.9991E-05 0.608386 0.0161494
0.0388049 0.193166 0.0647695 0.0754549 0.0172686 0.571849 0.0386871
0.0365143 0.268941 0.0157023 0.0691656 0.0198143 0.554426 0.0354374
0.0361567 0.12008 0.0401859 0.0645406 9.9991E-05 0.736314 0.00262311
0.0459964 0.24554 9.9982E-05 0.0550586 0.029592 0.623613 9.9982E-05
9.9973E-05 9.9973E-05 0.0286193 9.9973E-05 0.015155 0.93996 0.0159662
0.0210021 0.0556376 0.00741734 0.0300353 0.00572495 0.880083 9.9991E-05
0.0113062 0.0837632 9.9973E-05 9.9973E-05 9.9973E-05 0.877708 0.0269228
0.0573726 0.130111 9.9973E-05 0.0691513 9.9973E-05 0.743065 9.9973E-05
0.0428186 0.0822209 0.0276145 0.124074 0.00430758 0.701279 0.0176845
0.0337873 0.221217 0.0345274 0.0308402 9.9991E-05 0.654632 0.0248963
0.0311583 0.13588 9.9982E-05 0.0344893 9.9982E-05 0.753043 0.0452299
0.0505213 9.9991E-05 0.0844091 0.0138403 0.0302048 0.790562 0.0303626
0.0205186 0.108158 0.123679 0.0212869 9.9991E-05 0.681808 0.0444494
0.00572378 0.0273987 9.9964E-05 9.9964E-05 9.9964E-05 0.966478 9.9964E-05
