0.0326475 0.515403 0.45195
0.00342492 0.528264 0.468311
0.0290601 0.51074 0.4602
0.0750372 0.553386 0.371576
9.9991E-05 0.515948 0.483952
0.0192554 0.516991 0.463754
0.0969262 0.525543 0.377531
0.082499 0.543687 0.373814
0.0844901 0.585213 0.330296
9.999E-05 9.999E-05 0.9998
0.0306557 0.0702253 0.899119
0.0814743 0.132206 0.786319
0.0845093 0.101892 0.813599
0.0666261 0.0864737 0.8469
9.999E-05 9.999E-05 0.9998
0.0556034 0.0628881 0.881509
0.0267362 0.0198319 0.953432
0.021961 0.0520116 0.926027
0.0460118 0.0730083 0.88098
0.0885937 0.117713 0.793694
9.999E-05 9.999E-05 0.9998
0.149339 0.113565 0.737096
0.101416 0.122984 0.775599
0.090861 0.11971 0.789429
0.0681704 0.0493752 0.882454
0.0987959 0.124582 0.776622
0.117241 0.102873 0.779886
0.122241 0.0978601 0.779899
0.0779945 0.133719 0.788286
0.104331 0.1347 0.76097
0.109982 0.0904458 0.799572
0.0479098 0.758224 0.193866
0.000363293 0.666818 0.332819
0.0238908 0.676344 0.299766
0.0089418 0.785491 0.205567
0.0335762 0.707286 0.259138
0.0374061 0.763876 0.198717
0.0528546 0.713146 0.233999
0.0369718 0.754912 0.208116
9.9991E-05 0.735141 0.264759
0.0132655 0.781073 0.205662
0.958113 9.9991E-05 0.0417871
0.9998 9.999E-05 9.999E-05
0.941751 0.0475947 0.0106539
0.952268 0.0278846 0.0198473
0.92373 0.0365058 0.039764
0.946768 0.0500143 0.00321741
0.832443 0.0629009 0.104656
0.99892 9.9991E-05 0.000980312
0.9998 9.999E-05 9.999E-05
0.966335 0.0335647 9.9991E-05
0.9998 9.999E-05 9.999E-05
0.9998 9.999E-05 9.999E-05
0.225747 0.068094 0.706159
0.159113 0.0579598 0.782927
0.156983 0.112709 0.730308
0.203529 0.0157422 0.780729
0.212611 0.0682175 0.719172
0.226458 0.0616627 0.711879
0.233575 0.107937 0.658488
0.217789 0.068431 0.71378
9.9991E-05 0.464462 0.535438
9.9991E-05 0.503675 0.496225
0.0436027 0.49736 0.459038
0.0246735 0.52055 0.454776
0.0568991 0.413296 0.529805
0.0417797 0.4583 0.49992
9.9991E-05 0.468627 0.531273
0.0479963 0.508959 0.443044
0.075205 0.478576 0.446219
0.0405788 0.491933 0.467488
9.9991E-05 0.512595 0.487305
0.119565 0.148828 0.731607
0.0849028 0.158152 0.756945
0.102515 0.193852 0.703632
0.1089 0.172165 0.718935
0.0534978 0.0703516 0.876151
0.0256447 0.0754884 0.898867
0.0148196 0.0461824 0.938998
0.0082903 0.0857499 0.90596
0.0619165 0.0744472 0.863636
0.035752 0.106739 0.857509
0.106822 0.146187 0.746991
0.0759998 0.0545346 0.869466
0.853795 0.0416487 0.104556
0.819332 0.0329157 0.147753
0.872138 9.9991E-05 0.127762
0.895997 0.0512043 0.0527985
0.911583 0.0351328 0.0532842
0.77355 0.0663719 0.160078
0.822888 0.0767584 0.100353
0.759313 0.0864422 0.154245
0.793792 0.0836086 0.122599
9.9991E-05 0.218932 0.780968
0.0337509 0.289812 0.676437
0.0254438 0.356449 0.618107
9.9991E-05 0.32741 0.67249
0.0477398 0.345956 0.606305
0.0590275 0.301868 0.639105
0.0240755 0.242867 0.733057
0.014598 0.201321 0.784081
9.9991E-05 0.327092 0.672808
0.0173293 0.134815 0.847856
9.9991E-05 0.267088 0.732812
0.0380042 0.265978 0.696017
0.215877 0.0591831 0.724939
0.192079 0.0111115 0.79681
0.196774 0.139912 0.663314
0.236851 0.0963952 0.666754
0.18469 9.9991E-05 0.81521
0.222411 0.120722 0.656867
0.221236 0.0203669 0.758397
0.229576 0.0819107 0.688514
0.194098 0.011631 0.794271
0.182838 0.0433712 0.773791
0.197883 0.0378845 0.764232
9.999E-05 0.9998 9.999E-05
9.9991E-05 0.926285 0.0736155
0.0532117 0.92335 0.0234386
0.0508762 0.855303 0.0938209
0.0706798 0.859443 0.0698773
0.0915609 0.841949 0.0664898
0.0633998 0.867826 0.0687746
0.0118034 0.963163 0.025034
9.9991E-05 0.941629 0.0582705
0.0386933 0.911969 0.0493375
0.0663828 0.893391 0.0402259
0.0641321 0.870146 0.0657221
0.0274014 0.660728 0.31187
0.0406891 0.673662 0.285649
0.0124074 0.683266 0.304326
0.0752713 0.673859 0.25087
0.0681673 0.670447 0.261385
0.041363 0.660593 0.298044
9.9991E-05 0.66362 0.33628
0.00986668 0.656126 0.334007
0.0489776 0.696939 0.254084
0.056465 0.678464 0.265071
0.00201682 0.680294 0.317689
0.0645737 0.702599 0.232828
9.999E-05 0.9998 9.999E-05
9.999E-05 0.9998 9.999E-05
9.999E-05 0.9998 9.999E-05
0.0195595 0.98034 9.9991E-05
0.0264781 0.973422 9.9991E-05
0.0516974 0.930859 0.0174438
0.0076039 0.992296 9.9991E-05
0.0282357 0.971664 9.9991E-05
9.999E-05 0.9998 9.999E-05
9.999E-05 0.9998 9.999E-05
9.999E-05 0.9998 9.999E-05
0.0403428 0.959557 9.9991E-05
0.228427 0.0860513 0.685522
0.245579 0.0564366 0.697984
0.199791 0.0353092 0.764899
0.231847 0.101974 0.666179
0.196974 0.0512688 0.751757
0.234518 0.115552 0.64993
0.186584 0.033776 0.77964
0.173992 0.0533968 0.772611
0.168271 0.0295737 0.802155
0.192186 0.0689381 0.738876
0.222068 0.0510096 0.726923
0.193256 0.0137785 0.792965
0.204954 0.0206249 0.774421
0.163992 0.0214004 0.814608
0.199912 0.0765691 0.723519
0.0134887 0.606753 0.379759
0.0590683 0.678969 0.261963
0.0403749 0.611264 0.348361
0.0137658 0.60206 0.384174
0.0227002 0.599003 0.378296
0.0578954 0.704233 0.237871
9.9991E-05 0.630812 0.369088
0.0350394 0.6578 0.307161
0.119418 0.167468 0.713113
0.0515124 0.0563288 0.892159
0.0282314 0.0361373 0.935631
0.0823128 0.207934 0.709754
0.0615141 0.15303 0.785456
0.0739314 0.0869069 0.839162
0.0266222 0.0372747 0.936103
0.0444677 0.0911265 0.864406
0.0735106 0.117929 0.808561
0.096258 0.128423 0.775319
0.0866491 0.125931 0.787419
0.0768517 0.093513 0.829635
0.0598446 0.112577 0.827578
0.0930541 0.14408 0.762866
0.0572227 0.105827 0.83695
0.0848691 0.078607 0.836524
0.049991 0.0665865 0.883422
0.102684 0.0911702 0.806146
0.0890996 0.0801492 0.830751
0.114993 0.0824286 0.802578
0.111886 0.158986 0.729128
0.108813 0.166985 0.724203
0.0729046 0.107676 0.81942
