9.9955E-05 0.022287 0.184571 0.741628 9.9955E-05 9.9955E-05 0.0510146 9.9955E-05 9.9955E-05
0.0173894 9.9964E-05 0.142927 0.789427 9.9964E-05 9.9964E-05 0.0420529 0.00780338 9.9964E-05
0.0184055 0.0314464 0.095365 0.80404 9.9973E-05 0.00530392 0.0451389 9.9973E-05 9.9973E-05
0.000667708 9.9973E-05 9.9973E-05 0.60863 9.9973E-05 0.0488035 0.192127 0.0174932 0.131979
9.9946E-05 9.9946E-05 9.9946E-05 0.863755 9.9946E-05 9.9946E-05 9.9946E-05 0.0112024 0.124443
9.9937E-05 9.9937E-05 9.9937E-05 0.943289 9.9937E-05 9.9937E-05 9.9937E-05 9.9937E-05 0.0560118
0.0305413 9.9982E-05 0.0732871 0.373161 9.9982E-05 0.0808904 0.360015 0.025796 0.0561088
0.00321253 9.9991E-05 0.0891652 0.671436 0.000146384 0.0593576 0.170643 0.00576243 0.000176481
9.9964E-05 9.9964E-05 0.0857551 0.662527 0.0256695 0.047565 0.178084 9.9964E-05 9.9964E-05
0.999201 9.993E-05 9.993E-05 9.993E-05 9.993E-05 9.993E-05 9.993E-05 9.993E-05 9.993E-05
0.118242 0.0133031 0.651707 0.0268279 9.9973E-05 9.9973E-05 9.9973E-05 0.0227651 0.166854
0.0989927 9.99806E-05 0.604364 9.99806E-05 9.99806E-05 0.03214 0.105399 0.0123386 0.146466
0.607235 9.9964E-05 0.230019 9.9964E-05 0.0281151 0.0592754 0.0749563 9.9964E-05 9.9964E-05
0.712447 9.9955E-05 0.14596 9.9955E-05 9.9955E-05 0.0374858 0.103608 9.9955E-05 9.9955E-05
0.982043 9.9937E-05 9.9937E-05 9.9937E-05 9.9937E-05 9.9937E-05 9.9937E-05 0.0172577 9.9937E-05
0.351854 0.0911221 0.50099 9.9973E-05 0.012369 9.9973E-05 0.0365198 0.00684508 9.9973E-05
0.999201 9.993E-05 9.993E-05 9.993E-05 9.993E-05 9.993E-05 9.993E-05 9.993E-05 9.993E-05
0.676583 0.0252487 0.238513 9.9964E-05 0.0213453 9.9964E-05 0.0379104 9.9964E-05 9.9964E-05
0.78392 9.9964E-05 0.124331 9.9964E-05 0.00280365 0.016581 0.0719644 9.9964E-05 9.9964E-05
0.0837028 0.0382076 0.574126 0.0377802 9.9991E-05 0.0317921 0.0635145 0.0144281 0.156349
0.999201 9.993E-05 9.993E-05 9.993E-05 9.993E-05 9.993E-05 9.993E-05 9.993E-05 9.993E-05
0.00888211 0.168737 0.643426 0.0136258 0.0350129 0.0575648 0.0161277 0.00386481 0.0527595
0.00232381 0.0450126 0.639561 0.122936 0.00726736 0.0282638 9.9991E-05 0.0267886 0.127747
0.00850457 0.0590891 0.480934 9.9982E-05 0.0281298 0.0437209 9.9982E-05 0.0368084 0.342614
9.9937E-05 9.9937E-05 0.779747 9.9937E-05 9.9937E-05 9.9937E-05 9.9937E-05 9.9937E-05 0.219553
0.004417 0.114953 0.401225 9.9982E-05 9.9982E-05 0.0450963 0.0830834 0.0180194 0.333006
0.00808658 0.116974 0.514607 9.9982E-05 0.0353505 0.0428128 9.9982E-05 0.0212053 0.260764
9.9982E-05 0.0480739 0.805241 0.00168629 0.0444458 0.0283825 0.00142101 9.9982E-05 0.0705491
0.0326897 0.0972033 0.58683 0.00868124 0.0400372 0.00694529 9.9991E-05 0.00167291 0.22584
0.0169818 0.0342166 0.772059 9.9982E-05 0.01188 0.0241051 0.0462385 9.9982E-05 0.0943195
0.0137304 0.0334707 0.751846 0.056932 9.9982E-05 0.0406612 9.9982E-05 0.0100313 0.0931284
0.000870813 0.0226716 0.067065 0.0875278 0.186994 0.00723214 0.627439 9.9982E-05 9.9982E-05
9.9955E-05 9.9955E-05 0.176283 0.127124 0.0355373 9.9955E-05 0.660556 9.9955E-05 9.9955E-05
9.9973E-05 9.9973E-05 0.159253 0.108955 0.081976 0.0035631 0.633823 9.9973E-05 0.0121298
9.9946E-05 9.9946E-05 9.9946E-05 9.9946E-05 0.0225898 9.9946E-05 0.941093 9.9946E-05 0.0357173
9.9973E-05 0.00189912 0.140479 0.0144636 0.080205 0.00180125 0.760852 9.9973E-05 9.9973E-05
9.9973E-05 0.0162768 9.9973E-05 9.9973E-05 0.0997408 0.00196625 0.816825 0.0186883 0.0462033
9.9964E-05 9.9964E-05 0.0588421 9.9964E-05 0.00586238 0.018642 0.904238 9.9964E-05 0.0120155
0.00227104 9.9955E-05 9.9955E-05 9.9955E-05 9.9955E-05 0.00515564 0.968452 9.9955E-05 0.0236215
0.0169296 9.9973E-05 9.9973E-05 0.0490536 0.106776 9.9973E-05 0.631447 0.0101829 0.185311
9.9955E-05 0.0278118 9.9955E-05 9.9955E-05 0.029623 9.9955E-05 0.937775 0.00429 9.9955E-05
0.0261526 9.9964E-05 0.019299 9.9964E-05 9.9964E-05 0.912136 9.9964E-05 0.032107 0.00990532
9.9955E-05 0.0249587 0.00286701 9.9955E-05 9.9955E-05 0.941076 0.0305986 9.9955E-05 9.9955E-05
0.00216658 9.9964E-05 0.039873 9.9964E-05 0.0397507 0.899971 9.9964E-05 0.0178386 9.9964E-05
9.9946E-05 9.9946E-05 0.106653 9.9946E-05 0.0183358 0.874412 9.9946E-05 9.9946E-05 9.9946E-05
9.9964E-05 9.9964E-05 0.0985627 0.00973836 0.0184043 0.858415 9.9964E-05 0.0144793 9.9964E-05
9.9955E-05 9.9955E-05 0.0675164 0.0223947 0.0276568 0.881932 9.9955E-05 9.9955E-05 9.9955E-05
0.00932801 0.0277737 0.100214 9.9982E-05 0.0236295 0.772294 0.0584995 0.00806087 9.9982E-05
0.0253913 0.00278948 9.9955E-05 0.0310416 9.9955E-05 0.940278 9.9955E-05 9.9955E-05 9.9955E-05
9.9937E-05 9.9937E-05 9.9937E-05 9.9937E-05 9.9937E-05 0.982481 9.9937E-05 9.9937E-05 0.016819
9.9955E-05 9.9955E-05 0.0543568 9.9955E-05 0.0124136 0.905083 0.0276466 9.9955E-05 9.9955E-05
9.993E-05 9.993E-05 9.993E-05 9.993E-05 9.993E-05 0.999201 9.993E-05 9.993E-05 9.993E-05
9.9937E-05 9.9937E-05 9.9937E-05 9.9937E-05 9.9937E-05 0.993627 9.9937E-05 0.00567314 9.9937E-05
9.9946E-05 0.957107 9.9946E-05 9.9946E-05 0.0364444 9.9946E-05 0.00584884 9.9946E-05 9.9946E-05
0.015808 0.702055 0.0974363 0.0325582 0.0404452 9.9982E-05 9.9982E-05 0.0143855 0.0971116
0.022278 0.532328 0.177592 9.9982E-05 9.9982E-05 0.0187823 0.128169 0.0414882 0.0791622
0.0434887 0.81926 0.0559256 0.0332079 0.0169332 0.000729885 9.9982E-05 0.030255 9.9982E-05
9.9982E-05 0.588224 0.165698 0.0464643 0.0381818 0.0526417 9.9982E-05 0.0272655 0.0813252
0.0249607 0.709399 0.0200435 0.0510888 0.0398544 0.0469771 9.9991E-05 0.0332032 0.0743734
9.9964E-05 0.82267 0.0393386 9.9964E-05 0.0391793 0.010792 0.0876199 9.9964E-05 9.9964E-05
9.9964E-05 0.771378 0.114042 9.9964E-05 0.0124169 0.0281323 0.0736315 9.9964E-05 9.9964E-05
0.0153077 0.0279473 9.9964E-05 0.375416 9.9964E-05 9.9964E-05 0.130402 9.9964E-05 0.450528
9.9946E-05 9.9946E-05 9.9946E-05 0.145343 9.9946E-05 9.9946E-05 0.302961 9.9946E-05 0.551096
9.9973E-05 9.9973E-05 0.116835 0.199176 9.9973E-05 0.0155229 0.384943 0.00794975 0.275273
0.0129019 9.9982E-05 9.9982E-05 0.263389 0.0128398 0.0077152 0.338424 0.0203751 0.344155
9.9964E-05 0.0152715 9.9964E-05 0.0293153 9.9964E-05 0.0347205 0.337153 9.9964E-05 0.58314
0.0451159 0.046692 0.0657907 0.194443 0.0142621 0.00828896 0.347629 0.036269 0.241509
9.9964E-05 9.9964E-05 0.152298 0.274224 9.9964E-05 9.9964E-05 0.307827 0.00773075 0.25752
0.0238944 9.9973E-05 9.9973E-05 0.0969463 9.9973E-05 0.0289469 0.44835 0.00173179 0.399831
9.9973E-05 0.0210106 0.139374 0.129064 9.9973E-05 0.0387907 0.456214 9.9973E-05 0.215246
0.00578993 0.0156196 0.0655175 0.388945 9.9991E-05 0.0215164 0.264488 0.022621 0.215402
9.9946E-05 9.9946E-05 9.9946E-05 0.119987 9.9946E-05 9.9946E-05 0.217493 9.9946E-05 0.66192
0.110852 0.0077938 0.635137 9.9991E-05 0.0051048 0.0473566 0.140645 0.0178166 0.0351934
0.0722292 0.00625351 0.750554 0.00969866 9.9982E-05 0.0130357 0.125647 0.0223813 9.9982E-05
0.103453 9.99722E-05 0.690947 0.122275 0.0614113 0.0215151 9.99722E-05 9.99722E-05 9.99722E-05
0.106701 0.0320669 0.641975 9.9982E-05 0.00124371 0.025286 0.186406 0.00612105 9.9982E-05
0.127676 9.9964E-05 0.481134 9.9964E-05 9.9964E-05 0.0148674 9.9964E-05 0.0180282 0.357895
0.0926253 9.9964E-05 0.630574 0.0175519 9.9964E-05 9.9964E-05 9.9964E-05 0.03736 0.221489
0.129616 0.101502 0.548515 9.9964E-05 9.9964E-05 9.9964E-05 9.9964E-05 0.0335667 0.1864
0.13129 0.0112095 0.709905 9.9964E-05 0.0253506 9.9964E-05 9.9964E-05 9.9964E-05 0.121845
0.085929 0.152539 0.478644 0.0344207 9.9982E-05 0.00259227 9.9982E-05 0.0096312 0.236044
0.0727566 9.9964E-05 0.564511 9.9964E-05 0.0204259 9.9964E-05 9.9964E-05 0.0502122 0.291695
0.0503592 0.0202842 0.63355 9.9982E-05 9.9982E-05 0.0383693 0.132166 0.0336257 0.0914455
0.100464 0.0458066 0.551986 9.9973E-05 9.9973E-05 0.0222025 9.9973E-05 0.0370781 0.242163
9.9973E-05 0.0956412 0.0528698 9.9973E-05 9.9973E-05 0.783612 0.0443214 0.0160778 0.00717769
0.0100096 0.0251169 0.160504 0.0486941 0.00123526 0.749717 0.00452315 9.9982E-05 9.9982E-05
9.9946E-05 0.0556856 9.9946E-05 9.9946E-05 9.9946E-05 0.791127 9.9946E-05 9.9946E-05 0.152588
0.000311854 9.9973E-05 0.0884947 0.020106 9.9973E-05 0.838626 0.0517433 9.9973E-05 0.000418216
9.9946E-05 9.9946E-05 0.106509 9.9946E-05 9.9946E-05 0.842835 0.0500558 9.9946E-05 9.9946E-05
9.9955E-05 9.9955E-05 0.224101 0.0750544 0.0008994 0.699445 9.9955E-05 9.9955E-05 9.9955E-05
9.9964E-05 0.0072818 0.163875 9.9964E-05 0.00730849 0.742074 0.0790608 9.9964E-05 9.9964E-05
9.9955E-05 0.0695746 0.159002 9.9955E-05 9.9955E-05 0.668385 0.102539 9.9955E-05 9.9955E-05
0.0155313 9.9973E-05 0.174328 0.0260531 0.0277237 0.726753 0.0293108 9.9973E-05 9.9973E-05
9.993E-05 9.993E-05 9.993E-05 9.993E-05 9.993E-05 9.993E-05 9.993E-05 9.993E-05 0.999201
9.9955E-05 0.0251854 9.9955E-05 9.9955E-05 9.9955E-05 0.0206421 0.0955108 9.9955E-05 0.858162
0.0104424 9.9982E-05 0.0087646 0.292198 9.9982E-05 0.0311434 0.0159267 0.00579296 0.635532
9.9973E-05 9.9973E-05 0.176669 0.177214 0.0110807 9.9973E-05 0.0674154 0.000728276 0.566593
0.0158525 9.9982E-05 0.265741 0.0531482 0.00847648 0.0327467 0.259908 9.9982E-05 0.363928
0.0018976 9.9982E-05 0.410666 0.0562082 0.00415791 0.0188243 0.179145 9.9982E-05 0.328901
0.0266969 9.9973E-05 0.156321 0.0268396 0.0423387 0.0049055 9.9973E-05 9.9973E-05 0.742598
9.99369E-05 9.99369E-05 0.0198822 9.99369E-05 9.99369E-05 9.99369E-05 9.99369E-05 9.99369E-05 0.979418
0.0101073 0.0543333 0.00697796 0.080656 9.9973E-05 9.9973E-05 0.142278 9.9973E-05 0.705348
9.9946E-05 9.9946E-05 0.139148 9.9946E-05 9.9946E-05 9.9946E-05 9.9946E-05 0.00374739 0.856505
9.9955E-05 0.0533472 0.135354 9.9955E-05 9.9955E-05 9.9955E-05 0.113891 9.9955E-05 0.696907
0.00783537 9.9955E-05 9.9955E-05 9.9955E-05 9.9955E-05 0.0218049 0.113415 9.9955E-05 0.856445
0.00730291 0.803224 0.0483085 9.9973E-05 9.9973E-05 0.00174216 0.12319 0.0159317 9.9973E-05
0.00707149 0.858186 0.0926222 0.00182747 0.0155386 9.9973E-05 9.9973E-05 0.0244543 9.9973E-05
9.9964E-05 0.532921 0.238628 9.9964E-05 9.9964E-05 0.0230413 0.19626 9.9964E-05 0.00874998
9.9955E-05 0.723259 0.0930806 9.9955E-05 9.9955E-05 0.0476451 0.135515 9.9955E-05 9.9955E-05
0.0258817 0.717986 9.9946E-05 9.9946E-05 9.9946E-05 9.9946E-05 9.9946E-05 9.9946E-05 0.255533
0.00632294 0.6084 0.174282 9.9973E-05 0.0152164 0.0499869 0.145491 9.9973E-05 9.9973E-05
9.9955E-05 0.703048 0.253927 0.0166314 9.9955E-05 0.0258935 9.9955E-05 9.9955E-05 9.9955E-05
9.9955E-05 0.662808 0.155182 9.9955E-05 9.9955E-05 0.0412804 0.14023 9.9955E-05 9.9955E-05
9.9964E-05 0.836643 0.0746373 0.0533172 9.9964E-05 9.9964E-05 9.9964E-05 0.0166502 0.0183527
9.9964E-05 0.801426 0.145563 0.0113769 9.9964E-05 9.9964E-05 0.0371784 0.00405613 9.9964E-05
0.0488512 0.793206 0.0251717 9.9982E-05 9.9982E-05 0.00638063 0.0583789 0.0373581 0.0304533
9.9955E-05 9.9955E-05 9.9955E-05 0.0506529 0.7412 9.9955E-05 0.00808709 9.9955E-05 0.19956
0.0107715 9.9973E-05 9.9973E-05 0.0279828 0.658329 9.9973E-05 0.156076 0.0157375 0.130803
0.00944694 0.0276163 9.9973E-05 9.9973E-05 0.618784 0.0317842 0.280294 9.9973E-05 0.0317751
9.9973E-05 9.9973E-05 0.067118 0.0921642 0.568855 0.0276118 0.20194 0.0420112 9.9973E-05
9.9964E-05 9.9964E-05 0.139724 0.0627407 0.571212 0.0361083 0.189815 9.9964E-05 9.9964E-05
9.99639E-05 9.99639E-05 0.14302 0.0572535 0.543736 0.0281688 0.227421 9.99639E-05 9.99639E-05
9.9964E-05 9.9964E-05 0.147247 0.00860395 0.606257 0.0174015 0.22009 9.9964E-05 9.9964E-05
0.0018191 0.0635751 9.9964E-05 0.102259 0.727383 9.9964E-05 0.104564 9.9964E-05 9.9964E-05
9.9964E-05 9.9964E-05 9.9964E-05 0.0619169 0.630425 9.9964E-05 0.154124 0.0194091 0.133725
9.9973E-05 9.9973E-05 0.0904731 0.0313313 0.616076 0.015069 0.216863 0.0298883 9.9973E-05
9.9973E-05 9.9973E-05 0.0668845 0.0459377 0.571742 0.0389759 0.269001 9.9973E-05 0.00715927
9.9964E-05 9.9964E-05 0.181614 0.0113305 0.640251 0.0171319 0.149273 9.9964E-05 9.9964E-05
0.00803619 9.9973E-05 0.154653 0.1222 0.0804941 9.9973E-05 0.609593 0.0247237 9.9973E-05
0.0490373 9.9964E-05 0.045096 9.9964E-05 9.9964E-05 0.00511474 0.896827 0.00352551 9.9964E-05
0.0152485 9.9982E-05 0.000420127 0.161367 0.0446792 9.9982E-05 0.653898 0.0412104 0.0829765
0.0241596 0.0342256 9.9991E-05 0.00950096 0.0289634 0.0412594 0.795156 0.0197635 0.046872
0.0218836 9.9955E-05 0.0707726 9.9955E-05 9.9955E-05 0.026972 0.879872 9.9955E-05 9.9955E-05
0.0272159 9.9982E-05 0.14055 0.137989 0.0491619 0.00321555 0.63468 0.00698796 9.9982E-05
0.0314933 9.9973E-05 9.9973E-05 0.111576 0.0138928 9.9973E-05 0.717968 0.0385474 0.0862224
0.0155475 9.9982E-05 0.087624 0.131639 0.0432281 9.9982E-05 0.644829 0.015682 0.0612509
0.00890771 0.0278111 9.9973E-05 9.9973E-05 9.9973E-05 0.0165313 0.894148 0.0253576 0.0269442
9.9982E-05 0.0247449 0.0424945 9.9982E-05 0.00194491 0.0235046 0.86055 0.0169687 0.0295927
0.0141494 0.00800927 9.9982E-05 0.0332091 0.0464541 9.9982E-05 0.722165 0.0412006 0.134612
9.9973E-05 0.0148371 0.0831828 9.9973E-05 0.0195378 0.0196364 0.859339 0.00316645 9.9973E-05
0.00419479 0.0291442 9.9955E-05 0.03519 0.930971 9.9955E-05 9.9955E-05 9.9955E-05 9.9955E-05
0.00107873 0.0115408 9.9955E-05 9.9955E-05 0.955341 9.9955E-05 9.9955E-05 9.9955E-05 0.0315392
9.9946E-05 9.9946E-05 9.9946E-05 9.9946E-05 0.963143 9.9946E-05 9.9946E-05 0.014607 0.0216503
9.9955E-05 9.9955E-05 0.0188535 9.9955E-05 0.895333 0.0225147 0.0627988 9.9955E-05 9.9955E-05
9.9955E-05 9.9955E-05 0.108328 0.000758144 0.886054 0.00435954 9.9955E-05 9.9955E-05 9.9955E-05
9.9964E-05 9.9964E-05 0.118285 9.9964E-05 0.821751 0.029244 0.0234522 0.00686804 9.9964E-05
9.9955E-05 9.9955E-05 0.0918895 0.0213539 0.859313 9.9955E-05 0.0269441 9.9955E-05 9.9955E-05
9.9946E-05 9.9946E-05 0.0717664 9.9946E-05 0.859415 9.9946E-05 0.0682186 9.9946E-05 9.9946E-05
9.9946E-05 9.9946E-05 9.9946E-05 9.9946E-05 0.922403 9.9946E-05 9.9946E-05 0.00594616 0.0710514
9.9937E-05 9.9937E-05 9.9937E-05 9.9937E-05 0.913446 9.9937E-05 9.9937E-05 9.9937E-05 0.0858547
0.00320938 0.0466662 9.9946E-05 9.9946E-05 0.949525 9.9946E-05 9.9946E-05 9.9946E-05 9.9946E-05
0.00171959 9.9964E-05 0.0979683 9.9964E-05 0.885615 0.0101417 9.9964E-05 0.00415594 9.9964E-05
9.9982E-05 0.556089 0.12607 9.9982E-05 0.0121653 0.0764885 0.0575678 0.00506351 0.166356
0.0153552 0.659005 0.021923 0.0134539 9.9991E-05 0.0796584 0.0321364 0.0347756 0.143593
0.0326529 0.766439 9.9973E-05 0.0567553 9.9973E-05 0.00749265 9.9973E-05 0.0275255 0.108835
9.9991E-05 0.588707 0.134587 0.0618599 0.0198145 0.0832684 0.0526962 0.0287195 0.0302475
0.0284826 0.59546 0.0947043 0.0577993 9.9991E-05 0.0445648 0.0147046 0.0455086 0.118676
9.9982E-05 0.529398 0.247429 0.0739283 0.0194585 0.0783053 0.0393899 0.011891 9.9982E-05
0.00827298 0.768769 0.172552 9.9964E-05 0.0225066 9.9964E-05 9.9964E-05 0.0274994 9.9964E-05
0.027127 0.753638 0.115449 0.0329795 0.0319505 9.9991E-05 0.00693144 0.0316649 0.000160103
9.9955E-05 0.743436 9.9955E-05 0.0224404 9.9955E-05 9.9955E-05 9.9955E-05 0.0566645 0.17696
0.017125 0.754168 0.155727 0.0232209 0.0290449 0.00744532 0.00288423 0.0102847 9.9991E-05
9.9955E-05 0.816166 9.9955E-05 9.9955E-05 9.9955E-05 0.015672 0.0693893 9.9955E-05 0.0982729
0.00525473 0.865626 9.9973E-05 0.032239 0.00518496 9.9973E-05 9.9973E-05 0.0516494 0.0397462
9.9973E-05 0.776131 0.0452614 0.0342887 9.9973E-05 0.0111453 9.9973E-05 0.0161011 0.116773
9.9946E-05 0.683033 9.9946E-05 9.9946E-05 9.9946E-05 9.9946E-05 9.9946E-05 0.0801102 0.236257
0.029661 0.59708 0.247733 0.0892856 9.9973E-05 0.0235275 0.012413 9.9973E-05 9.9973E-05
9.9937E-05 0.00182542 9.9937E-05 0.997475 9.9937E-05 9.9937E-05 9.9937E-05 9.9937E-05 9.9937E-05
9.9964E-05 9.9964E-05 0.127382 0.556643 0.270246 0.019646 0.0256838 9.9964E-05 9.9964E-05
9.9946E-05 9.9946E-05 9.9946E-05 0.971791 0.00952379 0.0180857 9.9946E-05 9.9946E-05 9.9946E-05
9.9982E-05 0.0113596 0.053267 0.844682 0.0722876 0.00533214 9.9982E-05 0.00705398 0.00581805
9.9955E-05 9.9955E-05 0.210483 0.582181 0.0921692 9.9955E-05 0.114667 9.9955E-05 9.9955E-05
9.9982E-05 0.0277962 0.015194 0.548808 0.199986 0.0211918 0.184725 9.9982E-05 0.00209842
0.00281354 0.0561968 9.9973E-05 0.784612 0.111876 9.9973E-05 9.9973E-05 0.00848699 0.0357148
9.9955E-05 9.9955E-05 9.9955E-05 0.893079 0.0714514 0.00110244 9.9955E-05 0.0338678 9.9955E-05
9.9973E-05 9.9973E-05 0.679576 9.9973E-05 0.00920278 0.0580483 0.115715 0.0309003 0.106258
0.0195004 0.0501032 0.62466 9.9964E-05 9.9964E-05 9.9964E-05 9.9964E-05 0.0566524 0.248684
9.993E-05 9.993E-05 9.993E-05 9.993E-05 9.993E-05 9.993E-05 9.993E-05 0.999201 9.993E-05
9.999E-05 0.115108 0.483853 0.130319 0.0167351 0.0241769 0.0605346 0.0187588 0.150415
0.0184082 0.121594 0.527918 0.0599303 0.0471183 9.9982E-05 9.9982E-05 0.0215522 0.203279
0.022236 0.129915 0.641163 0.103213 9.9982E-05 9.9982E-05 0.00623305 0.0466521 0.0503878
9.993E-05 9.993E-05 9.993E-05 9.993E-05 9.993E-05 9.993E-05 9.993E-05 0.999201 9.993E-05
0.00328525 9.9973E-05 0.0392901 9.9973E-05 0.0127401 0.00944349 0.0290426 0.905899 9.9973E-05
0.034891 0.059859 0.583316 0.0747471 9.9991E-05 0.0124732 0.0208368 0.0684938 0.145283
0.037002 0.0503859 0.557275 9.9982E-05 9.9982E-05 0.0402525 0.120027 0.0223401 0.172517
0.039555 0.0724047 0.463782 0.0511003 0.00192799 0.0356122 0.047878 0.133376 0.154364
0.0255624 0.0680459 0.722863 0.102112 0.000440223 9.9982E-05 9.9982E-05 0.0481595 0.0326172
0.039116 0.0217909 0.618163 0.0500402 0.0169966 9.9982E-05 9.9982E-05 0.0437177 0.209976
9.9973E-05 9.9973E-05 0.868382 0.0622561 0.00952439 0.0196076 0.00549668 0.0344333 9.9973E-05
0.0365445 0.0184319 0.833729 0.0419576 0.00413701 9.9991E-05 0.0142334 0.0324419 0.0184249
0.0167078 9.9973E-05 0.8163 0.0875344 9.9973E-05 0.00915462 9.9973E-05 0.0467532 0.0232496
0.0420778 0.061882 0.738405 9.9973E-05 9.9973E-05 9.9973E-05 0.00829955 0.0290902 0.119945
0.038023 0.0725347 0.669605 0.0861205 9.9982E-05 0.0360572 9.9982E-05 0.0511742 0.0462849
0.0236112 0.00419085 0.653374 0.00297904 9.9991E-05 0.0228961 0.0464765 0.0649113 0.181461
0.0324548 0.0131063 0.705304 9.9982E-05 9.9982E-05 0.0420286 0.0758476 0.0141004 0.116958
0.0411588 9.9973E-05 0.790643 0.0553963 0.0384984 0.0462083 0.027795 9.9973E-05 9.9973E-05
0.0234233 9.9973E-05 0.639239 9.9973E-05 9.9973E-05 0.041485 0.153536 0.0514438 0.0905725
0.000879939 9.9964E-05 0.9067 0.0445917 9.9964E-05 9.9964E-05 0.00263471 0.0447936 9.9964E-05
