0.1499 0.101344 0.0799773 0.0294275 0.639351
0.123517 0.134916 0.021108 0.0152348 0.705224
0.117066 0.0798213 0.0573346 0.0319487 0.713829
0.093751 0.026881 9.9991E-05 0.081071 0.798197
0.0106167 0.0380792 0.015052 9.9991E-05 0.936152
0.0102754 9.9991E-05 0.0150421 0.026606 0.947977
0.161952 0.115241 9.9991E-05 0.10691 0.615797
0.143923 0.0844666 9.9991E-05 0.0805795 0.69093
0.178257 0.0162133 0.00950012 0.0742482 0.721781
9.997E-05 0.9996 9.997E-05 9.997E-05 9.997E-05
0.0219849 0.518718 0.330265 9.9991E-05 0.128933
0.0654678 0.475898 0.274393 0.0569895 0.127252
0.0904054 0.821717 9.9982E-05 0.087678 9.9982E-05
0.0410225 0.883202 9.9991E-05 0.0547621 0.0209129
9.997E-05 0.9996 9.997E-05 9.997E-05 9.997E-05
0.0714116 0.675643 0.225027 0.0278183 9.9991E-05
9.997E-05 0.9996 9.997E-05 9.997E-05 9.997E-05
0.0518913 0.901662 0.0224406 0.0239063 9.9991E-05
0.0365926 0.937475 9.9982E-05 0.0257323 9.9982E-05
0.033156 0.427742 0.300615 0.0479147 0.190572
9.997E-05 0.9996 9.997E-05 9.997E-05 9.997E-05
0.115987 0.336987 0.463917 0.0745915 0.00851679
0.0762025 0.368532 0.381447 0.0415333 0.132285
0.0248953 0.310819 0.421111 0.037396 0.205778
0.0657468 0.408153 0.49606 9.9991E-05 0.0299403
0.00398221 0.258549 0.419531 0.0517805 0.266158
0.0666179 0.333365 0.453797 0.0482342 0.0979859
0.114136 0.358821 0.438095 0.0460642 0.0428839
0.0689745 0.362747 0.403815 0.0273917 0.137072
0.116627 0.403114 0.412134 0.0369591 0.0311663
0.0819794 0.408147 0.403325 0.0501073 0.0564413
0.462592 0.0381948 0.00239419 0.0475619 0.449257
0.329251 0.0750635 0.0550388 9.9991E-05 0.540546
0.346698 0.0494642 0.0205615 0.040136 0.543141
0.348293 9.9982E-05 9.9982E-05 0.00935044 0.642156
0.360196 0.0396547 9.9991E-05 0.052108 0.547941
0.391635 9.9982E-05 9.9982E-05 0.0387574 0.569408
0.308536 9.9982E-05 9.9982E-05 0.0487929 0.642471
0.313179 9.9982E-05 9.9982E-05 0.0269324 0.659689
0.306228 9.9973E-05 9.9973E-05 9.9973E-05 0.693472
0.363721 9.9982E-05 9.9982E-05 0.00615138 0.629928
9.9982E-05 0.0500484 0.0140456 0.935706 9.9982E-05
0.0128977 9.9982E-05 0.0176988 0.969203 9.9982E-05
0.0437851 0.0287302 9.9982E-05 0.927285 9.9982E-05
0.0393462 0.045361 9.9982E-05 0.915093 9.9982E-05
0.0327814 0.0582639 9.9982E-05 0.908755 9.9982E-05
0.0469713 0.0410657 9.9982E-05 0.911763 9.9982E-05
0.0608075 0.0631146 0.0880848 0.78782 0.00017289
9.9973E-05 0.0278858 9.9973E-05 0.971814 9.9973E-05
9.997E-05 9.997E-05 9.997E-05 0.9996 9.997E-05
0.0481624 9.9973E-05 9.9973E-05 0.951538 9.9973E-05
9.997E-05 9.997E-05 9.997E-05 0.9996 9.997E-05
9.997E-05 9.997E-05 9.997E-05 0.9996 9.997E-05
0.0752222 9.9982E-05 0.890247 0.0343313 9.9982E-05
0.0607579 0.0755835 0.818519 0.0236125 0.0215273
0.0467719 0.116942 0.660804 0.0579116 0.11757
0.0374612 0.0570749 0.851143 0.0542212 9.9991E-05
0.0670293 0.0667775 0.72706 0.082582 0.0565512
0.0637725 0.0670188 0.74505 0.0864382 0.0377206
0.105718 9.9982E-05 0.828786 0.0652959 9.9982E-05
0.0799873 0.0409817 0.800538 0.0783925 9.9991E-05
0.0273428 0.0302706 0.13944 9.9991E-05 0.802847
9.9991E-05 0.00236462 0.0411488 0.00393063 0.952456
0.0888499 0.126184 9.9991E-05 0.0541515 0.730715
0.0869024 0.0694432 0.00526984 0.0329631 0.805421
9.9991E-05 0.0106289 0.156658 0.0387475 0.793865
0.124662 0.135023 0.121459 0.0202004 0.598655
0.0974887 0.114325 0.0992792 0.00769186 0.681215
0.0960769 0.0486938 0.0731044 0.03187 0.750255
0.104031 0.0535554 0.098082 0.0626713 0.681661
0.104924 0.0769833 0.0959946 0.0234555 0.698643
9.9973E-05 9.9973E-05 0.00942264 9.9973E-05 0.990277
0.118823 0.487684 0.251781 0.0750176 0.0666942
0.128942 0.520904 0.237082 0.0595005 0.0535714
0.170477 0.516403 0.194226 0.0548793 0.0640151
0.139211 0.472065 0.25656 0.0625479 0.0696161
9.9991E-05 0.485368 0.310696 0.0124535 0.191383
9.9982E-05 0.495913 0.333624 9.9982E-05 0.170263
9.9982E-05 0.493202 0.389393 9.9982E-05 0.117205
0.0823302 0.547626 0.338762 9.9991E-05 0.0311819
9.9991E-05 0.391617 0.416251 0.0223967 0.169634
0.0299435 0.464085 0.337965 9.9991E-05 0.167906
0.0855713 0.41761 0.289221 0.0661132 0.141485
0.00759098 0.476226 0.359143 0.0244051 0.132634
0.0265367 0.0133559 0.126794 0.809801 0.0235121
0.0423773 0.0826474 0.0929804 0.781895 9.9991E-05
9.9982E-05 9.9982E-05 0.112272 0.832572 0.0549555
0.0451256 0.036143 0.0270607 0.871188 0.0204822
0.0324942 0.00479636 0.0594021 0.884736 0.0185716
0.0785624 0.102441 0.0840027 0.734893 9.9991E-05
0.0737461 0.0776809 0.0527919 0.795681 9.9991E-05
0.0684878 0.0549275 0.137827 0.715314 0.0234437
0.0806066 0.109919 0.0336927 0.772444 0.00333742
9.9982E-05 0.179642 0.327525 9.9982E-05 0.492633
9.9982E-05 0.0864686 0.270955 9.9982E-05 0.642377
9.9991E-05 0.119377 0.136648 0.0248736 0.719002
9.9982E-05 0.150765 0.210067 9.9982E-05 0.638969
0.0650337 0.224113 0.137764 0.0503061 0.522784
0.083912 0.259343 0.241631 0.0305437 0.38457
0.00825299 0.280748 0.221754 0.00825712 0.480988
9.9982E-05 0.195118 0.329762 9.9982E-05 0.474921
9.9982E-05 0.0852933 0.253983 9.9982E-05 0.660524
9.9982E-05 0.238706 0.322023 9.9982E-05 0.439071
9.9982E-05 0.105779 0.331856 9.9982E-05 0.562165
9.9982E-05 0.141607 0.258111 9.9982E-05 0.600083
0.0675522 0.0225895 0.851423 0.051251 0.00718442
0.0338518 0.0179005 0.910961 0.0371869 9.9991E-05
0.0781686 0.0846431 0.628123 0.0749787 0.134087
0.0552167 0.000575901 0.779455 0.0903288 0.0744237
9.9982E-05 9.9982E-05 0.873274 0.0280455 0.098481
0.10636 0.0811568 0.674292 0.104752 0.0334386
0.0436383 0.0802792 0.804418 0.0715646 9.9991E-05
0.0601852 0.037934 0.746502 0.0933199 0.0620585
0.00511261 0.00747651 0.909513 0.0375614 0.0403364
0.0637163 0.0219621 0.900214 0.0140075 9.9991E-05
0.0391515 0.0587702 0.841928 0.0501606 0.00998988
0.763064 9.9973E-05 9.9973E-05 9.9973E-05 0.236636
0.755054 0.015202 0.015989 9.9991E-05 0.213655
0.778806 0.00236116 9.9991E-05 0.0522506 0.166483
0.714215 0.0503433 9.9991E-05 0.0552213 0.18012
0.715363 0.0614735 0.0207498 0.0625349 0.139878
0.739627 0.0888807 9.9991E-05 0.0736564 0.0977362
0.780312 0.0677256 0.0236311 0.0388992 0.0894322
0.83816 9.9982E-05 0.0459312 9.9982E-05 0.115709
0.722259 9.9973E-05 9.9973E-05 9.9973E-05 0.277441
0.75255 0.057641 9.9991E-05 0.0185234 0.171186
0.720181 0.0309096 9.9991E-05 0.0529349 0.195874
0.820307 0.0843342 0.015233 0.0544048 0.0257205
0.360477 0.0941351 0.0294594 0.0217341 0.494194
0.270896 0.0587408 9.9991E-05 0.0373214 0.632942
0.265872 0.0356069 9.9991E-05 0.021868 0.676553
0.307592 0.0124882 9.9991E-05 0.0722534 0.607567
0.313982 0.0746765 9.9991E-05 0.0528017 0.55844
0.321285 0.113232 9.9991E-05 0.0490766 0.516307
0.256779 0.0613008 9.9991E-05 0.0064435 0.675376
0.26723 0.0676702 0.00316915 0.02024 0.641691
0.310703 0.00379566 9.9991E-05 0.0516421 0.63376
0.302423 9.9991E-05 0.0287858 0.0507819 0.617909
0.280973 0.00940871 0.038965 0.0111225 0.65953
0.343169 0.0252105 0.00279071 0.0583041 0.570526
0.980234 9.9973E-05 0.0194659 9.9973E-05 9.9973E-05
0.998903 9.9973E-05 0.000797014 9.9973E-05 9.9973E-05
0.9996 9.997E-05 9.997E-05 9.997E-05 9.997E-05
0.987273 9.9973E-05 9.9973E-05 0.0124267 9.9973E-05
0.957901 0.0393252 9.9982E-05 0.00257374 9.9982E-05
0.887786 0.0682856 9.9982E-05 0.0437284 9.9982E-05
0.949473 0.0337278 0.0117957 0.0049035 9.9991E-05
0.956696 0.00151421 0.0161807 0.025509 9.9991E-05
0.9996 9.997E-05 9.997E-05 9.997E-05 9.997E-05
0.986305 9.9973E-05 0.0133948 9.9973E-05 9.9973E-05
0.9996 9.997E-05 9.997E-05 9.997E-05 9.997E-05
0.954797 0.036426 9.9982E-05 0.0085772 9.9982E-05
0.0116628 0.0654495 0.65167 0.108828 0.16239
0.0175166 0.0474177 0.726812 0.103492 0.104761
9.9991E-05 0.0162402 0.850818 0.0546722 0.0781694
0.0698081 0.0517805 0.664368 0.118079 0.0959653
0.000885571 0.111908 0.667994 0.0714497 0.147762
0.11532 0.090441 0.661676 0.114306 0.018257
0.0586698 0.0645866 0.851094 0.0255499 9.9991E-05
0.0733725 0.0992077 0.793011 0.0343091 9.9991E-05
9.9982E-05 9.9982E-05 0.859238 0.0207339 0.119828
0.0768515 0.0587069 0.811558 0.0527832 9.9991E-05
0.0477711 9.9991E-05 0.86818 0.0655549 0.018394
0.0182253 9.9991E-05 0.914673 0.0309505 0.0360514
0.00764203 0.0271199 0.846233 0.0523244 0.0666808
9.9982E-05 9.9982E-05 0.882756 0.00760966 0.109435
0.0853471 0.148637 0.691858 0.0740572 9.9991E-05
0.187598 0.0236716 0.0327859 0.0169007 0.739043
0.429888 0.101303 0.0248768 0.0615381 0.382394
0.186596 0.0299437 0.0180288 0.0344357 0.730996
0.198106 0.0523191 0.0286238 0.0235632 0.697388
0.298557 0.125947 0.0563991 0.0129291 0.506168
0.365383 0.00229581 0.00474614 0.0537474 0.573828
0.231933 0.0134621 0.0914156 9.9991E-05 0.66309
0.220462 0.0358324 9.9991E-05 0.0309764 0.712629
0.099449 0.372402 0.284652 0.0826037 0.160892
9.9982E-05 0.40971 0.41949 9.9982E-05 0.170599
9.9982E-05 0.459669 0.377469 9.9982E-05 0.162662
0.0831145 0.235978 0.386627 0.0296842 0.264596
0.08249 0.306554 0.450721 0.00180105 0.158434
0.0286534 0.381421 0.424122 0.0107396 0.155064
9.9982E-05 0.43852 0.371203 9.9982E-05 0.190077
0.019433 0.455683 0.331556 0.0167179 0.17661
0.0271777 0.392526 0.340584 0.030859 0.208853
0.0475054 0.382188 0.338787 0.061831 0.169688
0.0394355 0.370439 0.351843 0.0535279 0.184755
0.0551597 0.416701 0.401117 0.0166085 0.110414
0.0580466 0.426354 0.369761 0.00236899 0.143469
0.121491 0.4625 0.294108 0.061667 0.0602339
0.0890137 0.485018 0.379277 0.00443617 0.042255
0.023788 0.495023 0.279807 0.0481252 0.153257
0.0453634 0.465043 0.409045 9.9991E-05 0.0804494
0.0411079 0.428326 0.375512 0.0471057 0.107949
0.0304421 0.424986 0.34515 0.0276226 0.1718
0.0411261 0.442332 0.337154 0.0698461 0.109542
0.149776 0.44278 0.289524 0.077673 0.0402468
0.0777962 0.403944 0.306159 0.0552129 0.156887
0.0598064 0.518781 0.270434 0.0479211 0.103058
