0.513942 0.448138 0.03792
0.519527 0.480373 9.9991E-05
0.525372 0.459825 0.014803
0.550799 0.373175 0.0760267
0.530764 0.469136 9.9991E-05
0.52241 0.458987 0.0186021
0.519311 0.38921 0.0914796
0.559545 0.364037 0.076418
0.593408 0.33884 0.0677516
9.999E-05 0.9998 9.999E-05
0.0678231 0.889829 0.0423479
0.10067 0.820101 0.0792292
0.0991234 0.813362 0.0875142
0.0920958 0.844339 0.0635651
9.9991E-05 0.995021 0.00487869
0.0727626 0.871773 0.0554648
0.0343068 0.943516 0.0221771
0.0606913 0.918739 0.0205694
0.0719132 0.883275 0.0448114
0.123071 0.798227 0.0787016
9.999E-05 0.9998 9.999E-05
0.107582 0.749006 0.143412
0.142908 0.777882 0.0792096
0.111898 0.793293 0.0948086
0.0576001 0.877862 0.0645376
0.125198 0.77305 0.101752
0.0896245 0.792452 0.117924
0.117693 0.769143 0.113164
0.121642 0.797414 0.0809433
0.131846 0.778354 0.0898001
0.0840845 0.802919 0.112996
0.750858 0.20892 0.0402219
0.675028 0.324872 9.9991E-05
0.678216 0.291094 0.0306903
0.793371 0.192587 0.0140425
0.708821 0.24897 0.0422095
0.758719 0.212731 0.0285501
0.733772 0.2271 0.0391279
0.761545 0.209379 0.0290761
0.735542 0.264358 9.9991E-05
0.779349 0.20242 0.0182308
9.9991E-05 0.051043 0.948857
0.00183645 9.9991E-05 0.998064
0.0408807 0.00602518 0.953094
0.0291064 0.0218786 0.949015
0.0465941 0.0336224 0.919784
0.0667774 0.00228342 0.930939
0.0675164 0.10519 0.827293
9.9991E-05 0.00626215 0.993638
9.999E-05 9.999E-05 0.9998
0.0390708 9.9991E-05 0.960829
9.999E-05 9.999E-05 0.9998
9.999E-05 9.999E-05 0.9998
0.0652829 0.719706 0.215011
0.0566054 0.782097 0.161297
0.107115 0.727168 0.165718
9.9991E-05 0.808446 0.191454
0.0735993 0.717622 0.208779
0.0580316 0.717908 0.22406
0.105723 0.661384 0.232893
0.0698948 0.708243 0.221862
0.468968 0.530932 9.99903E-05
0.508497 0.491403 9.9991E-05
0.495479 0.456751 0.0477703
0.535696 0.438682 0.0256215
0.412203 0.535556 0.0522416
0.464487 0.489359 0.0461547
0.47628 0.518325 0.00539538
0.511419 0.439003 0.0495782
0.477038 0.447242 0.0757206
0.48108 0.485612 0.0333081
0.519912 0.479988 9.9991E-05
0.149685 0.736755 0.11356
0.165631 0.749138 0.085231
0.206943 0.705302 0.087755
0.180285 0.727886 0.0918288
0.0665194 0.886401 0.0470794
0.0621864 0.911335 0.026479
0.041448 0.93835 0.0202017
0.0843687 0.9034 0.0122315
0.0599858 0.877291 0.0627232
0.0999975 0.859837 0.0401659
0.145076 0.749554 0.10537
0.0538162 0.872909 0.0732748
0.043334 0.110677 0.845989
0.045757 0.13341 0.820833
9.9991E-05 0.136078 0.863822
0.0541953 0.0549645 0.89084
0.0431713 0.0381251 0.918704
0.0736919 0.148851 0.777457
0.0853815 0.0967363 0.817882
0.0881132 0.164559 0.747328
0.0864028 0.121421 0.792177
0.211834 0.788066 9.9991E-05
0.28286 0.6783 0.0388396
0.34127 0.622198 0.0365322
0.327161 0.672739 9.9991E-05
0.349812 0.602509 0.0476787
0.300081 0.642671 0.0572478
0.239392 0.734416 0.0261919
0.198405 0.787525 0.0140697
0.327443 0.672457 9.9991E-05
0.140087 0.841253 0.0186599
0.261687 0.73195 0.00636311
0.281276 0.687731 0.0309932
0.0574226 0.738961 0.203616
0.00680372 0.791967 0.201229
0.137626 0.66893 0.193444
0.0847072 0.68746 0.227833
9.9991E-05 0.815084 0.184816
0.105027 0.665593 0.22938
0.0108748 0.773194 0.215931
0.0755505 0.690711 0.233739
0.000354477 0.800172 0.199474
0.0418834 0.782305 0.175812
0.0421413 0.758716 0.199143
0.999618 0.000282047 9.9991E-05
0.920243 0.0794207 0.000336495
0.925263 0.0295053 0.0452315
0.854861 0.100147 0.044992
0.849926 0.0805381 0.0695364
0.854229 0.0571165 0.0886547
0.880921 0.0700411 0.0490383
0.964457 0.0286465 0.00689667
0.939826 0.0600738 9.9991E-05
0.919869 0.0544294 0.0257012
0.885103 0.0648645 0.0500329
0.874479 0.0701951 0.0553262
0.649188 0.321105 0.0297065
0.665295 0.290097 0.0446077
0.682708 0.30252 0.014772
0.681051 0.248113 0.0708363
0.675159 0.26682 0.0580214
0.674566 0.286432 0.0390016
0.654964 0.344936 9.9991E-05
0.652906 0.339475 0.0076195
0.698169 0.258224 0.0436079
0.683874 0.274374 0.0417514
0.675852 0.318767 0.00538069
0.688374 0.247908 0.0637187
0.9998 9.999E-05 9.999E-05
0.9998 9.999E-05 9.999E-05
0.9998 9.999E-05 9.999E-05
0.983456 9.9991E-05 0.0164444
0.971492 9.9991E-05 0.0284075
0.943268 0.00326759 0.0534645
0.99746 9.9991E-05 0.00244049
0.971111 9.9991E-05 0.0287886
0.9998 9.999E-05 9.999E-05
0.9998 9.999E-05 9.999E-05
0.9998 9.999E-05 9.999E-05
0.96181 9.9991E-05 0.03809
0.0846133 0.687629 0.227758
0.0634249 0.690506 0.24607
0.0241766 0.784927 0.190896
0.0973923 0.660743 0.241865
0.0481657 0.75011 0.201724
0.1081 0.668295 0.223604
0.0215845 0.797807 0.180609
0.0489009 0.764884 0.186215
0.0167419 0.812862 0.170397
0.0522041 0.753706 0.194089
0.0339853 0.744048 0.221967
0.0115123 0.793449 0.195039
0.0229561 0.7747 0.202344
0.0070598 0.826934 0.166006
0.0659146 0.728432 0.205653
0.600377 0.395314 0.0043098
0.696479 0.247671 0.05585
0.617232 0.349033 0.0337354
0.606861 0.376696 0.0164424
0.599915 0.377727 0.0223577
0.708096 0.235154 0.0567501
0.628072 0.371828 9.9991E-05
0.651832 0.326676 0.0214922
0.161224 0.719037 0.119739
0.0503754 0.906659 0.0429656
0.0224393 0.946768 0.0307926
0.219686 0.70094 0.0793735
0.154085 0.785489 0.0604255
0.0910948 0.838346 0.070559
0.0244334 0.947713 0.0278535
0.0812693 0.870799 0.0479317
0.114424 0.801609 0.0839676
0.129998 0.778626 0.0913758
0.115686 0.78822 0.0960942
0.118102 0.810602 0.0712963
0.105098 0.850452 0.0444499
0.146486 0.754255 0.0992595
0.101213 0.842945 0.0558424
0.0846445 0.820911 0.0944444
0.0685375 0.874391 0.0570714
0.0874113 0.813507 0.0990813
0.0934876 0.828262 0.0782503
0.0928345 0.797892 0.109273
0.167108 0.726062 0.10683
0.150802 0.745235 0.103963
0.0916391 0.82725 0.0811114
