0.756539 0.135532 0.0392773 9.9973E-05 0.0172092 0.0505131 0.000629429 9.9973E-05 9.9973E-05
0.764276 0.166803 9.9955E-05 9.9955E-05 9.9955E-05 0.0666818 0.0017392 9.9955E-05 9.9955E-05
0.815152 0.0925631 0.00900241 0.00181273 9.9982E-05 0.0332313 0.0172172 9.9982E-05 0.0308211
0.578794 9.9964E-05 9.9964E-05 0.0431188 9.9964E-05 0.217798 0.0184062 0.141483 9.9964E-05
0.853285 9.9937E-05 9.9937E-05 9.9937E-05 9.9937E-05 9.9937E-05 9.9937E-05 0.146016 9.9937E-05
0.93678 9.9937E-05 9.9937E-05 9.9937E-05 9.9937E-05 9.9937E-05 9.9937E-05 0.0625203 9.9937E-05
0.350752 0.0835006 0.0148305 0.0772738 9.9982E-05 0.380292 0.0288408 0.0643102 9.9982E-05
0.629302 0.0940968 0.00195723 0.0570657 0.0230824 0.181136 0.00792932 0.0053303 9.9991E-05
0.631699 0.0806089 0.0129648 0.0464439 0.0265093 0.201474 9.9973E-05 9.9973E-05 9.9973E-05
9.993E-05 9.993E-05 9.993E-05 9.993E-05 9.993E-05 9.993E-05 0.999201 9.993E-05 9.993E-05
0.0419765 0.636071 0.0554116 9.9973E-05 9.9973E-05 9.9973E-05 0.10386 0.151499 0.0108815
9.9973E-05 0.55529 0.0682757 0.032943 9.9973E-05 0.113935 0.111047 0.11821 9.9973E-05
9.9973E-05 0.196061 0.0497366 0.0504349 0.0337029 0.0755805 0.594184 9.9973E-05 9.9973E-05
9.9964E-05 0.140739 9.9964E-05 0.0475803 9.9964E-05 0.112385 0.695484 9.9964E-05 0.00341175
9.9946E-05 9.9946E-05 0.00873641 9.9946E-05 9.9946E-05 9.9946E-05 0.965368 0.0252957 9.9946E-05
0.0287563 0.489518 0.0989325 0.00630988 0.0154449 0.0174913 0.343347 9.9982E-05 9.9982E-05
9.993E-05 9.993E-05 9.993E-05 9.993E-05 9.993E-05 9.993E-05 0.999201 9.993E-05 9.993E-05
9.9964E-05 0.228681 0.0669897 9.9964E-05 0.0209198 0.0188885 0.664121 9.9964E-05 9.9964E-05
9.9964E-05 0.12972 9.9964E-05 0.027052 0.000836704 0.06068 0.781312 9.9964E-05 9.9964E-05
0.0353907 0.535238 0.0776497 0.0330947 9.9991E-05 0.0849936 0.0790683 0.14297 0.0114943
9.993E-05 9.993E-05 9.993E-05 9.993E-05 9.993E-05 9.993E-05 0.999201 9.993E-05 9.993E-05
0.0190198 0.615857 0.0204448 0.0542839 0.0341423 0.0358731 0.00166482 0.0354837 0.18323
0.136819 0.636519 0.0166942 0.0181458 0.0194952 9.9982E-05 9.9982E-05 0.0989903 0.0731362
0.0109786 0.462122 9.9982E-05 0.0359539 0.039876 9.9982E-05 0.0138566 0.308413 0.1286
9.9946E-05 0.746371 9.9946E-05 9.9946E-05 9.9946E-05 9.9946E-05 9.9946E-05 0.193267 0.0597626
9.9982E-05 0.41378 0.00334117 0.0430852 9.9982E-05 0.0989045 0.0127257 0.271023 0.15694
9.9982E-05 0.520251 0.0288009 0.0510721 0.0245029 9.9982E-05 0.0168478 0.237078 0.121248
0.024102 0.732684 0.0475428 0.0380362 0.0642511 9.9982E-05 9.9982E-05 0.0235555 0.0696286
0.0457267 0.546337 9.9982E-05 0.0117465 0.0322491 9.9982E-05 0.0348987 0.180558 0.148284
9.9982E-05 0.7091 9.9982E-05 0.0216134 0.0405118 0.05872 0.0201139 0.0404121 0.109329
0.0557237 0.719336 9.9982E-05 0.0294159 0.00954971 9.9982E-05 0.0305594 0.0472874 0.107928
0.104299 0.0679914 0.0499999 0.00493819 0.18761 0.584862 9.9973E-05 9.9973E-05 9.9973E-05
0.136639 0.130411 0.0305167 9.9964E-05 0.0291231 0.67291 9.9964E-05 9.9964E-05 9.9964E-05
0.114124 0.116916 0.0439408 9.9973E-05 0.0899531 0.624353 9.9973E-05 0.0104126 9.9973E-05
9.9946E-05 9.9946E-05 9.9946E-05 9.9946E-05 0.0177474 0.933071 9.9946E-05 0.0485821 9.9946E-05
0.00555438 0.105717 9.9973E-05 0.0134464 0.0869151 0.780886 9.9973E-05 9.9973E-05 0.0071811
9.9955E-05 9.9955E-05 9.9955E-05 9.9955E-05 0.0789299 0.841297 9.9955E-05 0.0511393 0.0281344
0.0248462 0.0328629 0.0273149 0.0158294 9.9964E-05 0.898747 9.9964E-05 9.9964E-05 9.9964E-05
9.9946E-05 9.9946E-05 9.9946E-05 0.00661599 9.9946E-05 0.94802 9.9946E-05 0.0447639 9.9946E-05
0.0349102 9.9964E-05 9.9964E-05 9.9964E-05 0.122243 0.604256 0.0177714 0.220419 9.9964E-05
9.9955E-05 9.9955E-05 0.0156379 9.9955E-05 0.0200427 0.92305 9.9955E-05 9.9955E-05 0.0407691
9.9955E-05 0.0491307 9.9955E-05 0.912954 9.9955E-05 9.9955E-05 0.00945689 0.0279585 9.9955E-05
9.9964E-05 0.0192032 9.9964E-05 0.94373 9.9964E-05 0.0148684 9.9964E-05 0.0116046 0.0101936
0.0174387 0.0497431 9.9964E-05 0.908187 0.0231003 9.9964E-05 9.9964E-05 0.00113146 9.9964E-05
0.00293783 0.102618 0.005202 0.876952 0.0118904 9.9964E-05 9.9964E-05 9.9964E-05 9.9964E-05
0.0108436 0.103899 9.9955E-05 0.868604 0.0161528 9.9955E-05 9.9955E-05 9.9955E-05 9.9955E-05
0.0277497 0.0743626 9.9955E-05 0.879146 0.0182422 9.9955E-05 9.9955E-05 9.9955E-05 9.9955E-05
9.999E-05 0.117208 0.0242164 0.777459 0.025787 0.0484835 0.000142467 0.00607612 0.000527586
0.0273671 9.9955E-05 0.00949067 0.935154 9.9955E-05 9.9955E-05 0.0274888 9.9955E-05 9.9955E-05
9.99371E-05 9.99371E-05 9.99371E-05 0.983646 9.99371E-05 9.99371E-05 9.99371E-05 0.0156546 9.99371E-05
9.9955E-05 0.0304093 0.0175423 0.905004 9.9955E-05 0.0465449 9.9955E-05 9.9955E-05 9.9955E-05
9.993E-05 9.993E-05 9.993E-05 0.999201 9.993E-05 9.993E-05 9.993E-05 9.993E-05 9.993E-05
9.9937E-05 9.9937E-05 9.9937E-05 0.999131 9.9937E-05 9.9937E-05 9.9937E-05 0.00016978 9.9937E-05
9.993E-05 9.993E-05 0.999201 9.993E-05 9.993E-05 9.993E-05 9.993E-05 9.993E-05 9.993E-05
0.0293327 0.108617 0.170887 9.9973E-05 0.0373981 9.9973E-05 9.9973E-05 0.0980466 0.555419
9.9982E-05 0.203365 0.0462061 0.0323037 9.9982E-05 0.102362 0.00874684 0.114741 0.492076
0.00170076 0.0421871 0.777372 0.00648858 9.9982E-05 9.9982E-05 0.0443751 0.00387402 0.123803
0.0332263 0.197255 0.112819 0.0719112 0.028784 9.9982E-05 9.9982E-05 0.0738165 0.481988
0.0445096 0.0432162 0.175771 0.0605566 0.0319458 9.9991E-05 0.0285282 0.0861477 0.529225
9.993E-05 9.993E-05 0.999201 9.993E-05 9.993E-05 9.993E-05 9.993E-05 9.993E-05 9.993E-05
9.9964E-05 0.0762424 0.813817 0.0226066 9.9964E-05 0.0180915 9.9964E-05 9.9964E-05 0.0688431
0.360193 9.9964E-05 9.9964E-05 9.9964E-05 9.9964E-05 0.161976 0.0118877 0.439051 0.026492
0.139067 9.9946E-05 9.9946E-05 9.9946E-05 9.9946E-05 0.346483 9.9946E-05 0.513851 9.9946E-05
0.158352 0.118994 9.9964E-05 0.0264269 9.9964E-05 0.406086 9.9964E-05 0.289741 9.9964E-05
0.278731 9.9973E-05 9.9973E-05 0.00978715 0.00334328 0.337987 0.00675872 0.363093 9.9973E-05
0.0494336 9.9964E-05 0.0342717 0.0327296 9.9964E-05 0.329101 9.9964E-05 0.554065 9.9964E-05
0.196579 0.0859597 0.0324259 9.9991E-05 0.0208572 0.345356 0.0432202 0.223442 0.0520607
0.275581 0.145491 0.00336892 9.9964E-05 9.9964E-05 0.308077 9.9964E-05 0.267082 9.9964E-05
0.066672 9.9964E-05 9.9964E-05 0.0385016 9.9964E-05 0.477251 0.0194853 0.39769 9.9964E-05
0.147418 0.112719 0.0367825 0.0424395 9.9973E-05 0.465468 9.9973E-05 0.194874 9.9973E-05
0.354196 0.0576101 0.0118666 0.0121783 9.9991E-05 0.296784 0.0103472 0.224633 0.0322847
0.10785 9.9946E-05 9.9946E-05 9.9946E-05 9.9946E-05 0.22355 9.9946E-05 0.668 9.9946E-05
9.999E-05 0.595537 0.00797699 0.0552044 0.011759 0.15644 0.121039 0.0198838 0.032061
0.023529 0.696255 0.0556002 0.0222134 0.0109514 0.112416 0.0788354 9.9982E-05 9.9982E-05
0.123435 0.635148 0.0334916 0.034728 0.070402 9.9973E-05 0.102495 9.9973E-05 9.9973E-05
9.9982E-05 0.624447 0.0222514 0.0349812 0.0108072 0.181618 0.0951248 9.9982E-05 0.0305706
9.9964E-05 0.463449 9.9964E-05 0.0193958 9.9964E-05 9.9964E-05 0.13291 0.347345 0.0365003
0.03524 0.627911 0.0165866 9.9973E-05 9.9973E-05 9.9973E-05 0.111024 0.200861 0.0080774
9.9964E-05 0.516167 0.0772982 9.9964E-05 9.9964E-05 9.9964E-05 0.142378 0.211969 0.0517881
9.9964E-05 0.640247 0.0710775 9.9964E-05 0.0358503 9.9964E-05 0.13796 0.114466 9.9964E-05
0.0540045 0.471025 0.0944494 0.00276793 9.9982E-05 9.9982E-05 0.0783498 0.207779 0.0914248
9.9982E-05 0.577008 0.0247809 0.0028886 0.0279339 9.9982E-05 0.0780422 0.270305 0.0188412
9.9982E-05 0.607935 0.0544663 0.0470592 9.9982E-05 0.1514 0.0552512 0.0488764 0.0348113
9.9973E-05 0.554095 0.0224749 0.0247864 9.9973E-05 9.9973E-05 0.087393 0.243942 0.0670084
9.9973E-05 0.0480058 0.0604517 0.772096 9.9973E-05 0.0586887 9.9973E-05 0.00651435 0.0539439
0.0400051 0.114464 9.9973E-05 0.750782 0.0091372 9.9973E-05 0.0194004 9.9973E-05 0.0659121
9.9955E-05 9.9955E-05 0.035853 0.793432 9.9955E-05 9.9955E-05 9.9955E-05 0.15147 0.0187447
9.9982E-05 0.0703854 0.0133424 0.841765 9.9982E-05 0.0479427 0.00335629 0.0160496 0.0069585
9.9964E-05 0.0782977 0.0229034 0.847453 9.9964E-05 0.0452333 9.9964E-05 9.9964E-05 0.00571307
0.0441883 0.224657 0.00930903 0.701221 0.0202248 9.9964E-05 9.9964E-05 9.9964E-05 9.9964E-05
9.9955E-05 0.129531 0.0200273 0.753933 9.9955E-05 0.0960094 9.9955E-05 9.9955E-05 9.9955E-05
9.9964E-05 0.134372 0.0227071 0.672325 9.9964E-05 0.110832 9.9964E-05 9.9964E-05 0.0593639
0.0214166 0.164851 0.00771377 0.728164 0.030766 0.0340091 0.0128797 9.9982E-05 9.9982E-05
9.99369E-05 9.99369E-05 9.99369E-05 9.99369E-05 0.00548481 9.99369E-05 9.99369E-05 0.993816 9.99369E-05
9.9955E-05 9.9955E-05 0.0604774 0.0255785 9.9955E-05 0.108818 9.9955E-05 0.804626 9.9955E-05
0.303845 0.0123176 9.9973E-05 0.0317016 9.9973E-05 0.0404404 0.0144686 0.596927 9.9973E-05
0.161668 0.132858 0.0339044 9.9964E-05 9.9964E-05 0.101543 9.9964E-05 0.569626 9.9964E-05
0.0790005 0.223952 0.0130102 0.024594 9.9982E-05 0.270962 0.0238136 0.364467 9.9982E-05
0.0746115 0.356381 0.026296 0.0153133 0.00770241 0.191816 0.00813376 0.289066 0.0306802
0.0569397 0.126223 0.0236822 0.0155592 0.0501253 9.9982E-05 0.0345064 0.692764 9.9982E-05
9.99549E-05 9.99549E-05 0.0166338 0.0137611 0.00313986 9.99549E-05 9.99549E-05 0.965965 9.99549E-05
0.0629692 9.9973E-05 0.0284391 9.9973E-05 9.9973E-05 0.193081 0.0120956 0.653569 0.0495458
9.9946E-05 0.126785 9.9946E-05 0.00593817 9.9946E-05 9.9946E-05 9.9946E-05 0.866677 9.9946E-05
9.9964E-05 0.10608 0.067362 9.9964E-05 9.9964E-05 0.142131 9.9964E-05 0.667089 0.0169372
9.9955E-05 9.9955E-05 9.9955E-05 0.0325812 9.9955E-05 0.110314 0.0147212 0.841883 9.9955E-05
9.9964E-05 0.0314654 0.0506923 9.9964E-05 9.9964E-05 0.114018 0.000246745 9.9964E-05 0.803178
0.00707067 0.0639796 9.9955E-05 9.9955E-05 0.00225462 9.9955E-05 9.9955E-05 9.9955E-05 0.926195
9.9964E-05 0.189577 0.0501628 0.0325206 9.9964E-05 0.191636 9.9964E-05 9.9964E-05 0.535704
9.9964E-05 0.0389593 0.0388827 0.0482141 9.9964E-05 0.142759 9.9964E-05 9.9964E-05 0.730785
9.9946E-05 9.9946E-05 9.9946E-05 9.9946E-05 9.9946E-05 9.9946E-05 0.0143032 0.22201 0.763087
9.9982E-05 0.101294 0.0184726 0.0409998 0.00384812 0.164828 0.0184515 9.9982E-05 0.651906
9.9964E-05 0.197121 0.049841 0.0223771 0.0111564 9.9964E-05 9.9964E-05 9.9964E-05 0.719104
9.9964E-05 0.102348 0.0360813 0.0356682 9.9964E-05 0.134618 9.9964E-05 9.9964E-05 0.690885
0.0235201 0.0637475 0.0170026 9.9964E-05 9.9964E-05 9.9964E-05 9.9964E-05 0.0151103 0.88022
9.9964E-05 0.0822381 0.00243874 9.9964E-05 0.00936008 0.0386829 9.9964E-05 9.9964E-05 0.86688
9.9955E-05 0.0136649 9.9955E-05 9.9955E-05 9.9955E-05 0.068751 0.0373838 9.9955E-05 0.8797
0.0373441 9.9955E-05 9.9955E-05 9.9955E-05 0.735932 0.0468478 9.9955E-05 0.179376 9.9955E-05
0.026767 9.9964E-05 9.9964E-05 9.9964E-05 0.666234 0.15429 0.0165373 0.135772 9.9964E-05
9.9973E-05 9.9973E-05 0.0248993 0.0219017 0.621094 0.300781 0.00463715 0.0263869 9.9973E-05
0.0594143 0.0976966 9.9973E-05 0.0325486 0.574611 0.216628 9.9973E-05 0.0188016 9.9973E-05
0.0898049 0.1292 9.9973E-05 0.028253 0.54942 0.201025 9.9973E-05 9.9973E-05 0.0019978
0.0559675 0.157086 9.9964E-05 0.0282574 0.554962 0.203327 9.9964E-05 9.9964E-05 9.9964E-05
0.0215875 0.140084 9.9964E-05 0.0103068 0.597738 0.229883 9.9964E-05 9.9964E-05 9.9964E-05
0.113502 9.9973E-05 0.0129363 9.9973E-05 0.74504 0.0806684 0.00264134 9.9973E-05 0.0449119
0.0486823 9.9955E-05 9.9955E-05 9.9955E-05 0.639697 0.144442 9.9955E-05 0.166679 9.9955E-05
0.0310931 0.115558 9.9964E-05 0.00830677 0.616437 0.228206 9.9964E-05 9.9964E-05 9.9964E-05
0.0518821 0.050828 9.9973E-05 0.0414976 0.55616 0.289613 9.9973E-05 0.00971963 9.9973E-05
0.0203582 0.136981 0.0406171 0.0169421 0.657173 0.127628 9.9973E-05 9.9973E-05 9.9973E-05
0.0811407 0.180173 0.00966064 9.9973E-05 0.0998737 0.617694 0.011158 9.9973E-05 9.9973E-05
0.00430065 0.0247033 0.0602006 9.9964E-05 9.9964E-05 0.870418 0.0399773 9.9964E-05 9.9964E-05
0.135577 0.0240062 9.9982E-05 9.9982E-05 0.0533896 0.646797 0.0168257 0.116609 0.00659514
0.0231768 9.9982E-05 9.9982E-05 0.0355437 0.0287374 0.800684 0.0223398 0.0422042 0.0471138
9.9964E-05 0.0843203 9.9964E-05 0.0261833 0.00177716 0.86656 0.0207589 9.9964E-05 9.9964E-05
0.101387 0.149943 9.9973E-05 0.0102974 0.0710063 0.642316 0.0247505 9.9973E-05 9.9973E-05
0.0797285 0.020218 0.0232646 9.9982E-05 0.0175032 0.719785 0.0180799 0.121221 9.9982E-05
0.114142 0.0479749 0.0118875 9.9991E-05 0.0308546 0.669976 0.0204745 0.0833627 0.0212282
9.9973E-05 0.0180438 0.0334271 0.00910514 9.9973E-05 0.905541 0.00570769 0.0278749 9.9973E-05
9.9982E-05 0.0804992 0.0137854 0.0189386 0.000548055 0.852786 9.9982E-05 0.023045 0.0101973
0.0337141 9.9973E-05 9.9973E-05 9.9973E-05 0.0562327 0.692372 0.019351 0.173712 0.024318
9.9973E-05 0.0829192 0.0100067 0.0143402 0.0316648 0.847771 9.9973E-05 9.9973E-05 0.012998
0.0177443 9.9955E-05 0.0355753 9.9955E-05 0.935697 9.9955E-05 0.0104833 9.9955E-05 9.9955E-05
9.9946E-05 9.9946E-05 9.9946E-05 9.9946E-05 0.953294 9.9946E-05 0.0052305 0.0408754 9.9946E-05
9.9937E-05 9.9937E-05 9.9937E-05 9.9937E-05 0.965079 9.9937E-05 9.9937E-05 0.0342217 9.9937E-05
9.9955E-05 0.0109066 9.9955E-05 0.0265783 0.892302 0.0697138 9.9955E-05 9.9955E-05 9.9955E-05
0.0178496 0.0808552 0.000835832 0.00606761 0.893992 9.9964E-05 9.9964E-05 9.9964E-05 9.9964E-05
9.9955E-05 0.114955 9.9955E-05 0.0272801 0.825408 0.0318575 9.9955E-05 9.9955E-05 9.9955E-05
0.0294126 0.0584282 9.9955E-05 9.9955E-05 0.845635 0.0660247 9.9955E-05 9.9955E-05 9.9955E-05
9.9964E-05 0.0498396 9.9964E-05 0.00817864 0.850979 0.079845 9.9964E-05 9.9964E-05 0.010758
9.9937E-05 9.9937E-05 9.9937E-05 9.9937E-05 0.905909 9.9937E-05 9.9937E-05 0.0933919 9.9937E-05
9.9937E-05 9.9937E-05 9.9937E-05 9.9937E-05 0.913013 9.9937E-05 9.9937E-05 0.0862877 9.9937E-05
9.9964E-05 9.9964E-05 0.00216019 9.9964E-05 0.954436 9.9964E-05 0.00114552 0.0126221 0.0292366
9.9946E-05 0.0846635 9.9946E-05 0.012131 0.902606 9.9946E-05 9.9946E-05 9.9946E-05 9.9946E-05
9.9973E-05 0.100592 0.0722213 0.0792828 9.9973E-05 0.0776325 9.9973E-05 0.161262 0.508709
0.0194182 0.0382021 0.0829263 0.0851363 9.9991E-05 0.0459924 0.0142185 0.139858 0.574149
0.0283162 9.9973E-05 0.107335 0.0226607 9.9973E-05 9.9973E-05 0.0194229 0.178384 0.643581
0.0515667 0.108325 0.0673889 0.0964776 0.031314 0.042677 0.0102745 0.0537441 0.538233
0.0804249 0.0862285 0.0813765 0.0630365 9.9982E-05 9.9982E-05 0.0372197 0.161713 0.489801
0.0537051 0.226406 0.152612 0.0639931 0.0229369 0.0648323 9.9982E-05 9.9982E-05 0.415315
9.9964E-05 0.116171 0.00566428 9.9964E-05 0.0460902 9.9964E-05 0.0146838 9.9964E-05 0.816991
0.0598138 0.110439 0.0544215 0.00299753 0.0291799 9.9982E-05 0.0172367 9.9982E-05 0.725712
0.0147647 9.9946E-05 9.9946E-05 9.9946E-05 9.9946E-05 9.9946E-05 9.9946E-05 0.177743 0.806892
0.0500127 0.109607 0.0828741 0.0132165 0.0324176 9.9982E-05 0.0175653 9.9982E-05 0.694107
9.9964E-05 9.9964E-05 0.0858669 0.0138319 9.9964E-05 0.0748196 9.9964E-05 0.0556436 0.769438
9.9946E-05 9.9946E-05 9.9946E-05 9.9946E-05 0.0203267 9.9946E-05 9.9946E-05 0.035654 0.94342
0.0395526 0.0119869 0.00589159 0.0202635 9.9973E-05 9.9973E-05 9.9973E-05 0.0917271 0.830278
9.9937E-05 9.9937E-05 9.9937E-05 9.9937E-05 9.9937E-05 9.9937E-05 9.9937E-05 0.228461 0.770839
0.080696 0.226259 0.0507198 0.0315263 9.9982E-05 0.0132676 0.0247058 9.9982E-05 0.572625
0.999201 9.993E-05 9.993E-05 9.993E-05 9.993E-05 9.993E-05 9.993E-05 9.993E-05 9.993E-05
0.563372 0.102941 0.0150874 0.020616 0.287501 0.0101831 9.9973E-05 9.9973E-05 9.9973E-05
0.999201 9.993E-05 9.993E-05 9.993E-05 9.993E-05 9.993E-05 9.993E-05 9.993E-05 9.993E-05
0.838092 0.0411526 0.01477 0.0056551 0.0728709 0.0096854 9.9982E-05 0.0175737 9.9982E-05
0.597493 0.179341 0.0143427 9.9964E-05 0.0949906 0.113433 9.9964E-05 9.9964E-05 9.9964E-05
0.535431 0.0086983 0.0208313 0.0349366 0.192752 0.195239 0.00174173 9.9991E-05 0.010269
0.796987 9.9973E-05 0.0020498 9.9973E-05 0.107422 9.9973E-05 0.011248 0.0574048 0.0245879
0.891823 9.9964E-05 9.9964E-05 0.00669124 0.0824508 9.9964E-05 0.0125923 0.00604262 9.9964E-05
9.9973E-05 0.671261 9.9973E-05 0.0586347 0.00287321 0.153243 9.9973E-05 0.0998934 0.0137956
9.9964E-05 0.619674 0.0037168 9.9964E-05 9.9964E-05 9.9964E-05 0.0174784 0.264668 0.0940626
9.9937E-05 0.561707 9.9937E-05 9.9937E-05 9.9937E-05 9.9937E-05 9.9937E-05 0.437594 9.9937E-05
0.131596 0.469543 0.0294805 0.0160373 0.013391 0.108444 9.9991E-05 0.109821 0.121587
0.0805454 0.531101 0.087242 0.000134639 0.0408992 9.9991E-05 0.00528161 0.193656 0.0610404
0.131963 0.65983 0.0407356 9.9982E-05 9.9982E-05 0.00372674 0.0240237 0.0529873 0.0865329
9.9946E-05 0.546572 9.9946E-05 9.9946E-05 9.9946E-05 9.9946E-05 9.9946E-05 0.442552 0.0102759
9.9964E-05 0.611947 9.9964E-05 0.00463689 0.00239609 9.9964E-05 0.00160708 0.379014 9.9964E-05
0.100842 0.559913 9.9973E-05 9.9973E-05 9.9973E-05 0.0257317 0.0407046 0.152808 0.119701
9.9982E-05 0.562694 0.0466141 0.042796 9.9982E-05 0.130633 0.03225 0.157291 0.0275218
0.0118167 0.544454 9.9991E-05 0.0364203 0.0273622 0.0242828 0.0379839 0.203983 0.113597
0.0984337 0.739196 0.0253017 9.9982E-05 0.0112801 9.9982E-05 0.0129644 0.0556684 0.0569557
0.0676246 0.595834 0.0507555 9.9982E-05 0.0171001 9.9982E-05 0.0364208 0.216691 0.0153747
0.0436025 0.902061 9.9964E-05 0.0183978 0.006611 0.0289276 9.9964E-05 9.9964E-05 9.9964E-05
0.0442616 0.825009 0.0236375 9.9991E-05 0.0181387 0.02052 0.0385161 0.00739601 0.0224215
0.0758186 0.854717 0.0121226 0.0173854 9.9973E-05 9.9973E-05 0.00459356 0.0350631 9.9973E-05
0.00138109 0.744664 0.049468 9.9991E-05 0.0102855 0.00692622 0.054057 0.0957336 0.0373851
0.100689 0.671138 0.0138171 0.0226421 9.9991E-05 0.00125671 0.0244301 0.0474044 0.118522
0.00663491 0.690994 9.9982E-05 0.0185449 9.9982E-05 0.0442271 0.0162653 0.178477 0.0446567
9.9973E-05 0.669353 0.0620526 0.048184 9.9973E-05 0.0777459 0.0349874 0.107377 9.9973E-05
0.0618665 0.737814 0.0099456 0.0367053 0.0363579 0.06486 0.0370066 9.9991E-05 0.0153442
9.9973E-05 0.638874 0.0388456 0.0415566 9.9973E-05 0.161116 0.0294857 0.0898222 9.9973E-05
0.0421688 0.949901 9.9946E-05 9.9946E-05 9.9946E-05 0.00733062 9.9946E-05 9.9946E-05 9.9946E-05
