0.728685 9.9973E-05 0.143497 0.00851366 0.0061981 0.0514361 0.0613702 9.9973E-05 9.9973E-05
0.768848 0.0848307 0.0998004 9.9955E-05 9.9955E-05 9.9955E-05 0.0460215 9.9955E-05 9.9955E-05
0.795353 0.075659 9.9964E-05 0.0178057 9.9964E-05 0.0432386 0.0675435 9.9964E-05 9.9964E-05
0.613251 9.9973E-05 0.0792079 0.000330204 9.9973E-05 9.9973E-05 0.140935 0.0366476 0.129328
0.878669 9.9937E-05 9.9937E-05 9.9937E-05 9.9937E-05 9.9937E-05 9.9937E-05 9.9937E-05 0.120631
0.962319 9.9937E-05 9.9937E-05 9.9937E-05 9.9937E-05 9.9937E-05 9.9937E-05 9.9937E-05 0.0369819
0.346147 9.9973E-05 0.215528 0.00836674 9.9973E-05 9.9973E-05 0.307252 0.0484607 0.0739452
0.646408 9.9973E-05 0.213635 9.9973E-05 0.0140304 9.9973E-05 0.0886845 0.0206843 0.0162572
0.627989 9.9964E-05 0.209349 9.9964E-05 0.0227524 9.9964E-05 0.123632 0.015878 9.9964E-05
9.993E-05 9.993E-05 9.993E-05 0.999201 9.993E-05 9.993E-05 9.993E-05 9.993E-05 9.993E-05
0.0634541 0.520726 0.267209 0.10206 9.9973E-05 0.0413884 9.9973E-05 9.9973E-05 0.0048628
9.9982E-05 0.224893 0.520335 0.091924 9.9982E-05 0.0187709 0.0269353 0.00239394 0.114549
9.9955E-05 9.9955E-05 0.39819 0.567806 0.0141994 9.9955E-05 9.9955E-05 0.0193051 9.9955E-05
0.0186217 9.9964E-05 0.254353 0.675933 9.9964E-05 9.9964E-05 0.028267 0.0224251 9.9964E-05
9.9946E-05 9.9946E-05 0.00413518 0.968747 9.9946E-05 9.9946E-05 9.9946E-05 9.9946E-05 0.0265186
0.0173922 0.248791 0.313016 0.356479 0.00472791 0.0592929 9.9973E-05 9.9973E-05 9.9973E-05
9.993E-05 9.993E-05 9.993E-05 0.999201 9.993E-05 9.993E-05 9.993E-05 9.993E-05 9.993E-05
9.9973E-05 0.112214 0.131298 0.673747 0.0169002 0.0493033 0.0162371 9.9973E-05 9.9973E-05
9.9964E-05 9.9964E-05 0.159 0.782916 0.00588745 9.9964E-05 0.0304794 0.0213175 9.9964E-05
0.0291079 0.181571 0.55408 0.0833565 9.9982E-05 0.0179058 9.9982E-05 0.00516047 0.128619
9.993E-05 9.993E-05 9.993E-05 0.999201 9.993E-05 9.993E-05 9.993E-05 9.993E-05 9.993E-05
0.00670902 0.395955 0.335905 0.00427277 0.0424866 0.169162 9.9982E-05 0.0453098 9.9982E-05
0.12955 0.477767 0.291854 0.000427134 0.0149744 0.0649092 9.9991E-05 0.0150286 0.00538985
0.0153532 0.597757 0.0467002 0.0149645 0.0449159 0.0681974 9.9991E-05 0.045869 0.166143
9.9946E-05 0.97855 9.9946E-05 9.9946E-05 0.0148807 9.9946E-05 9.9946E-05 0.00597011 9.9946E-05
9.9973E-05 0.339277 0.248053 9.9973E-05 9.9973E-05 0.0965121 0.0520568 0.0355702 0.228231
9.9982E-05 0.443342 0.194618 0.0139794 0.0356168 0.106321 9.9982E-05 0.0436966 0.162226
0.016959 0.536399 0.324575 9.9973E-05 0.0434893 0.0458987 9.9973E-05 0.0323793 9.9973E-05
0.0550683 0.489684 0.193825 0.0366077 0.0299162 0.0956601 9.9991E-05 0.0150329 0.0841065
9.9964E-05 0.699945 0.21503 9.9964E-05 0.0458564 9.9964E-05 0.0170396 0.0217293 9.9964E-05
0.0475337 0.600844 0.227382 0.0293231 0.0144347 0.0466073 9.9982E-05 0.0336747 9.9982E-05
0.0335378 0.11098 9.9973E-05 9.9973E-05 0.175242 0.0274119 0.639237 0.0132914 9.9973E-05
0.116005 0.0664796 0.105187 0.0132976 0.0161555 0.0131823 0.669492 9.9982E-05 9.9982E-05
0.0882681 0.0830119 0.0451887 0.00807556 0.0594539 0.0177742 0.680928 0.0171995 9.9991E-05
9.99556E-05 0.0229872 9.99556E-05 0.0180295 9.99556E-05 9.99556E-05 0.956237 9.99556E-05 0.00224679
9.9946E-05 9.9946E-05 0.289165 9.9946E-05 0.0766688 9.9946E-05 0.633566 9.9946E-05 9.9946E-05
9.9973E-05 0.0515362 0.0485912 9.9973E-05 0.0618571 0.0028011 0.83195 0.00296407 9.9973E-05
0.00551691 9.9955E-05 0.157398 9.9955E-05 9.9955E-05 9.9955E-05 0.835038 0.00154715 9.9955E-05
9.99588E-05 9.99588E-05 0.0816442 9.99588E-05 9.99588E-05 9.99588E-05 0.897028 0.00363106 0.0171971
9.9964E-05 0.081434 9.9964E-05 0.0284735 0.0361203 9.9964E-05 0.782678 9.9964E-05 0.0708943
9.9964E-05 0.00158405 0.000736501 9.9964E-05 0.00374655 0.0753958 0.918137 9.9964E-05 9.9964E-05
9.9955E-05 0.0576167 9.9955E-05 0.0175383 9.9955E-05 9.9955E-05 9.9955E-05 0.914108 0.0102373
9.9973E-05 0.00208307 0.0654642 9.9973E-05 9.9973E-05 0.000908868 0.00240394 0.927796 0.00104372
9.9964E-05 0.0485043 0.0269605 0.00310826 0.0290442 9.9964E-05 9.9964E-05 0.891983 9.9964E-05
0.000758695 9.9955E-05 0.110493 9.9955E-05 0.0131503 9.9955E-05 9.9955E-05 0.875098 9.9955E-05
0.00333706 0.0465215 0.0812808 9.9964E-05 0.00931949 9.9964E-05 9.9964E-05 0.859141 9.9964E-05
0.00704349 9.9955E-05 0.104135 9.9955E-05 0.0189632 9.9955E-05 9.9955E-05 0.869358 9.9955E-05
9.999E-05 0.0376171 0.152195 0.00375771 0.0281547 0.0219896 0.00800952 0.747642 0.000534121
9.9946E-05 0.0465094 9.9946E-05 0.0143224 9.9946E-05 9.9946E-05 9.9946E-05 0.938569 9.9946E-05
9.9937E-05 9.9937E-05 9.9937E-05 9.9937E-05 9.9937E-05 9.9937E-05 9.9937E-05 0.996595 0.00270549
9.9937E-05 9.9937E-05 0.135288 9.9937E-05 9.9937E-05 9.9937E-05 9.9937E-05 0.864012 9.9937E-05
9.993E-05 9.993E-05 9.993E-05 9.993E-05 9.993E-05 9.993E-05 9.993E-05 0.999201 9.993E-05
9.993E-05 9.993E-05 9.993E-05 9.993E-05 9.993E-05 9.993E-05 9.993E-05 0.999201 9.993E-05
9.9946E-05 9.9946E-05 0.0448343 9.9946E-05 0.0434185 0.911148 9.9946E-05 9.9946E-05 9.9946E-05
0.040764 0.219377 9.9973E-05 0.0133945 0.0403469 0.666008 9.9973E-05 9.9973E-05 0.0198093
9.9982E-05 0.159257 0.219078 0.00532174 9.9982E-05 0.462402 0.0572507 0.0302989 0.0661919
0.0454469 0.114431 0.00605919 0.0448184 9.9973E-05 0.77727 9.9973E-05 0.0116749 9.9973E-05
0.0216829 0.0733867 0.173778 9.9982E-05 0.0283347 0.574296 9.9982E-05 0.0527116 0.0756096
0.044922 0.102561 0.0185348 0.0244172 0.0397344 0.678371 9.9991E-05 0.054563 0.0367965
9.9955E-05 9.9955E-05 0.247415 9.9955E-05 0.0203879 0.731267 0.000429953 9.9955E-05 9.9955E-05
9.9964E-05 9.9964E-05 0.214058 9.9964E-05 0.0129874 0.738641 0.0197251 0.0141882 9.9964E-05
0.32252 0.0716631 9.9973E-05 0.0060389 9.9973E-05 0.0281248 0.201739 9.9973E-05 0.369615
0.145124 9.9946E-05 9.9946E-05 9.9946E-05 9.9946E-05 9.9946E-05 0.353053 9.9946E-05 0.501224
0.124926 9.9955E-05 0.239322 9.9955E-05 9.9955E-05 9.9955E-05 0.342491 9.9955E-05 0.292761
0.240469 9.9982E-05 0.0540148 0.00811199 0.00556631 9.9982E-05 0.320787 0.00970605 0.361145
0.0279853 9.9964E-05 0.100453 9.9964E-05 9.9964E-05 9.9964E-05 0.265073 0.0175292 0.588559
0.185599 0.0656018 0.140444 0.0334809 0.014668 0.0492952 0.303523 0.000596663 0.206791
0.269724 0.0971413 0.105167 9.9973E-05 9.9973E-05 0.00592846 0.285274 9.9973E-05 0.236466
0.116602 9.9973E-05 0.06076 0.0127923 9.9973E-05 9.9973E-05 0.393919 0.0230272 0.392599
0.151868 9.9964E-05 0.252581 9.9964E-05 9.9964E-05 9.9964E-05 0.348541 0.0224138 0.224196
0.33542 9.9973E-05 0.155973 9.9973E-05 9.9973E-05 0.0178194 0.230462 0.000232576 0.259793
0.0494713 9.9946E-05 9.9946E-05 9.9946E-05 9.9946E-05 9.9946E-05 0.295176 9.9946E-05 0.654753
9.999E-05 0.164989 0.629152 0.0968274 0.0145835 0.0210723 0.0385281 0.0222361 0.0125121
0.00032088 0.266664 0.562153 0.0821227 0.0159838 0.017877 0.0477077 0.00707079 9.9991E-05
0.094783 0.188121 0.512104 0.129742 0.0606155 9.9973E-05 9.9973E-05 0.0143344 9.9973E-05
9.9982E-05 0.135286 0.689475 0.0906632 0.0216209 0.00198774 0.0505094 0.0102577 9.9982E-05
9.9973E-05 0.393845 0.200554 0.1434 9.9973E-05 0.028753 9.9973E-05 0.0192503 0.213898
0.0654937 0.724861 0.0870318 0.0971116 9.9973E-05 0.00477557 0.0204264 9.9973E-05 9.9973E-05
0.00901306 0.634575 0.0153523 0.14622 9.9973E-05 0.1374 0.0571389 9.9973E-05 9.9973E-05
9.9973E-05 0.417991 0.320215 0.155911 0.0334836 0.0717098 9.9973E-05 9.9973E-05 0.000390221
0.0441937 0.519049 0.0444743 0.0986174 9.9991E-05 0.167867 0.0466572 0.013684 0.0653571
0.0255365 0.483335 0.203164 0.0955722 0.0199362 0.0284326 9.9982E-05 9.9982E-05 0.143823
9.9982E-05 0.0816314 0.761219 0.035082 9.9982E-05 0.00924801 0.0193452 0.00566781 0.0876061
9.9973E-05 0.473961 0.246422 0.105282 9.9973E-05 0.0576757 9.9973E-05 0.00755639 0.108804
0.000660439 9.9964E-05 0.176009 9.9964E-05 9.9964E-05 0.0654967 9.9964E-05 0.743675 0.0137585
0.018607 9.9973E-05 0.230372 0.00387743 0.000314667 0.0250475 9.9973E-05 0.721481 9.9973E-05
9.9946E-05 9.9946E-05 9.9946E-05 9.9946E-05 9.9946E-05 0.0770071 9.9946E-05 0.782356 0.140037
0.000211622 9.9964E-05 0.194024 9.9964E-05 0.00523895 9.9964E-05 9.9964E-05 0.799919 0.00020597
9.9937E-05 9.9937E-05 0.210118 9.9937E-05 9.9937E-05 9.9937E-05 9.9937E-05 0.789183 9.9937E-05
0.045697 0.0416057 0.214094 9.9973E-05 0.00228786 0.0112992 9.9973E-05 0.684717 9.9973E-05
9.9955E-05 9.9955E-05 0.286661 9.9955E-05 0.00601436 9.9955E-05 0.00252669 0.704298 9.9955E-05
9.9955E-05 9.9955E-05 0.296724 9.9955E-05 9.9955E-05 0.0363818 0.0274671 0.638927 9.9955E-05
9.9946E-05 9.9946E-05 0.326662 9.9946E-05 0.00823251 9.9946E-05 9.9946E-05 0.664506 9.9946E-05
9.993E-05 9.993E-05 9.993E-05 9.993E-05 9.993E-05 9.993E-05 9.993E-05 9.993E-05 0.999201
9.9973E-05 9.9973E-05 0.0108824 9.9973E-05 0.00165432 0.033813 0.0604994 0.0256621 0.867189
0.269896 0.00314445 0.000539563 0.0249988 0.00255182 9.9991E-05 0.0457141 0.0297657 0.62329
0.177656 0.191919 9.9964E-05 0.0208414 9.9964E-05 9.9964E-05 0.116416 9.9964E-05 0.492768
0.0589994 9.9955E-05 0.399888 9.9955E-05 9.9955E-05 9.9955E-05 0.122933 9.9955E-05 0.41768
0.0249963 9.9964E-05 0.522517 9.9964E-05 0.0399519 9.9964E-05 0.0327601 9.9964E-05 0.379375
9.99549E-05 9.99549E-05 0.192539 0.0202835 0.0137629 9.99549E-05 9.99549E-05 9.99549E-05 0.772914
9.99369E-05 0.011217 9.99369E-05 9.99369E-05 9.99369E-05 9.99369E-05 9.99369E-05 9.99369E-05 0.988083
0.0768214 9.9973E-05 0.0713365 0.00237356 9.9973E-05 0.0410651 0.103736 9.9973E-05 0.704368
9.9937E-05 9.9937E-05 0.100056 9.9937E-05 9.9937E-05 9.9937E-05 9.9937E-05 9.9937E-05 0.899245
9.9955E-05 9.9955E-05 0.204684 9.9955E-05 9.9955E-05 0.0194025 0.0475717 9.9955E-05 0.727842
9.9955E-05 9.9955E-05 9.9955E-05 0.013439 9.9955E-05 9.9955E-05 0.0731605 0.0290142 0.883886
9.9946E-05 9.9946E-05 0.201902 9.9946E-05 9.9946E-05 0.74046 0.057039 9.9946E-05 9.9946E-05
0.00116137 0.0504636 0.121862 9.9955E-05 9.9955E-05 0.826014 9.9955E-05 9.9955E-05 9.9955E-05
9.9964E-05 9.9964E-05 0.419814 9.9964E-05 9.9964E-05 0.476085 0.079852 0.0127803 0.0110683
9.9955E-05 9.9955E-05 0.287401 9.9955E-05 9.9955E-05 0.667745 0.0317556 0.0125982 9.9955E-05
9.9946E-05 9.9946E-05 9.9946E-05 0.0449785 9.9946E-05 0.731619 9.9946E-05 9.9946E-05 0.222803
9.9973E-05 9.9973E-05 0.401248 9.9973E-05 0.0177774 0.51262 0.0309546 0.0265246 0.0105752
9.9964E-05 0.0290348 0.25088 0.0134238 9.9964E-05 0.687318 9.9964E-05 0.0189437 9.9964E-05
9.9955E-05 9.9955E-05 0.344248 9.9955E-05 9.9955E-05 0.602485 0.031381 0.0213864 9.9955E-05
0.032763 0.0755163 0.0820026 9.9955E-05 9.9955E-05 0.809218 9.9955E-05 9.9955E-05 9.9955E-05
0.000674944 9.9964E-05 0.197603 9.9964E-05 0.00532229 0.783642 0.0123576 9.9964E-05 9.9964E-05
9.9973E-05 9.9973E-05 0.134758 0.0334018 9.9973E-05 0.76601 0.0368144 0.00812852 0.0205874
0.0261033 9.9955E-05 9.9955E-05 9.9955E-05 0.727484 9.9955E-05 0.0640922 9.9955E-05 0.181821
0.0553782 0.029225 9.9982E-05 0.00637312 0.638714 0.00662157 0.181541 9.9982E-05 0.0819474
9.9982E-05 9.9982E-05 0.0903057 0.00571892 0.627001 0.00498592 0.227108 0.0253228 0.0193574
0.0612188 9.9964E-05 0.208717 9.9964E-05 0.563132 9.9964E-05 0.153264 0.0132677 9.9964E-05
0.0568766 9.9964E-05 0.245519 9.9964E-05 0.580251 9.9964E-05 0.104571 0.0123824 9.9964E-05
0.0382483 9.99639E-05 0.297382 9.99639E-05 0.554175 9.99639E-05 0.10409 0.00570459 9.99639E-05
0.0312254 9.9964E-05 0.209815 9.9964E-05 0.58332 9.9964E-05 0.167913 0.0073271 9.9964E-05
0.0715516 0.0324906 9.9973E-05 0.0143813 0.714861 0.0375965 0.128819 9.9973E-05 9.9973E-05
0.0414604 0.00385209 9.9964E-05 9.9964E-05 0.626224 9.9964E-05 0.172659 9.9964E-05 0.155405
0.0459083 9.9955E-05 0.185695 9.9955E-05 0.60836 9.9955E-05 0.159536 9.9955E-05 9.9955E-05
0.0413431 9.9973E-05 0.182026 9.9973E-05 0.584996 9.9973E-05 0.17032 0.00766459 0.0133505
0.0270497 9.9964E-05 0.221109 9.9964E-05 0.676926 9.9964E-05 0.0548589 0.0196568 9.9964E-05
0.0846064 0.136035 0.0758176 0.00809995 0.056549 9.9973E-05 0.638592 9.9973E-05 9.9973E-05
9.9946E-05 9.9946E-05 0.200131 0.0187313 9.9946E-05 9.9946E-05 0.780538 9.9946E-05 9.9946E-05
0.11562 0.118375 9.9982E-05 0.0182941 0.0108042 9.9982E-05 0.726419 0.00315043 0.00713711
0.00932679 0.0430579 0.0632011 0.018775 0.00840835 0.0241639 0.789786 0.0431812 9.9991E-05
9.9946E-05 9.9946E-05 0.277652 9.9946E-05 0.00540204 9.9946E-05 0.716347 9.9946E-05 9.9946E-05
0.0997251 0.0686276 0.114771 0.0279767 0.0383982 9.9982E-05 0.645594 0.0047077 9.9982E-05
0.0830835 0.0815299 0.0516215 0.0265863 0.0128979 9.9982E-05 0.690468 9.9982E-05 0.0536131
0.0873193 9.9973E-05 0.150479 0.026548 0.00928313 9.9973E-05 0.658321 9.9973E-05 0.0677497
9.9964E-05 9.9964E-05 0.134279 9.9964E-05 9.9964E-05 0.00961461 0.822573 0.00877391 0.0243596
9.9946E-05 9.9946E-05 0.21109 9.9946E-05 9.9946E-05 9.9946E-05 0.78071 9.9946E-05 0.00760014
0.00468788 0.142864 9.9973E-05 0.00932814 0.0204344 9.9973E-05 0.768447 9.9973E-05 0.0539384
9.9955E-05 9.9955E-05 0.224336 9.9955E-05 0.0350388 9.9955E-05 0.735185 0.00493994 9.9955E-05
0.0400209 0.05572 9.9955E-05 0.0112048 0.892555 9.9955E-05 9.9955E-05 9.9955E-05 9.9955E-05
9.9937E-05 0.0661277 9.9937E-05 9.9937E-05 0.933173 9.9937E-05 9.9937E-05 9.9937E-05 9.9937E-05
9.9946E-05 0.024288 9.9946E-05 9.9946E-05 0.954366 9.9946E-05 9.9946E-05 9.9946E-05 0.0207466
9.9946E-05 9.9946E-05 0.110093 9.9946E-05 0.866147 9.9946E-05 0.0231607 9.9946E-05 9.9946E-05
0.0179525 9.9946E-05 0.106325 9.9946E-05 0.875123 9.9946E-05 9.9946E-05 9.9946E-05 9.9946E-05
9.9946E-05 9.9946E-05 0.190827 9.9946E-05 0.799371 9.9946E-05 9.9946E-05 0.00920234 9.9946E-05
9.9946E-05 9.9946E-05 0.146574 9.9946E-05 0.826835 9.9946E-05 0.0259914 9.9946E-05 9.9946E-05
9.9937E-05 9.9937E-05 0.183911 9.9937E-05 0.815389 9.9937E-05 9.9937E-05 9.9937E-05 9.9937E-05
9.9937E-05 9.9937E-05 9.9937E-05 9.9937E-05 0.925349 9.9937E-05 9.9937E-05 9.9937E-05 0.0739518
9.9946E-05 9.9946E-05 0.0156667 9.9946E-05 0.891712 9.9946E-05 9.9946E-05 9.9946E-05 0.0920221
9.9955E-05 0.0490833 9.9955E-05 0.00749667 0.921721 0.0211995 9.9955E-05 9.9955E-05 9.9955E-05
9.9946E-05 9.9946E-05 0.127329 0.00179226 0.870279 9.9946E-05 9.9946E-05 9.9946E-05 9.9946E-05
9.9955E-05 9.9955E-05 0.265728 9.9955E-05 9.9955E-05 0.508698 9.9955E-05 0.0575675 0.167507
0.0126357 0.0446454 0.0709782 0.0122653 9.9991E-05 0.61368 0.0286828 0.0837333 0.133279
0.048962 0.184618 9.9973E-05 0.00513102 9.9973E-05 0.714487 9.9973E-05 0.0129246 0.0335771
0.0421455 0.0132519 0.250543 9.9982E-05 0.0274658 0.533331 9.9982E-05 0.0748633 0.0581991
0.0664278 0.113538 0.0884386 0.0195868 9.9982E-05 0.55888 9.9982E-05 0.0457198 0.107209
0.0850542 0.0815446 0.222187 9.9982E-05 0.0187319 0.516041 0.0153359 0.060905 9.9982E-05
9.9964E-05 0.134081 0.0666767 0.00806724 0.0184506 0.772324 9.9964E-05 9.9964E-05 9.9964E-05
0.0545996 0.10469 0.0951248 0.0239764 0.0128972 0.705279 9.9982E-05 0.00323316 9.9982E-05
0.0278258 0.0669048 9.9964E-05 0.00155915 9.9964E-05 0.756423 9.9964E-05 9.9964E-05 0.146887
0.0392709 0.0610364 0.101834 0.0185724 0.0254837 0.753503 9.9973E-05 9.9973E-05 9.9973E-05
9.9964E-05 9.9964E-05 0.0803369 9.9964E-05 9.9964E-05 0.791352 0.0458017 0.0125773 0.0695324
0.036724 0.0675936 9.99763E-05 0.00526515 0.000389958 0.889428 0.000299628 9.99763E-05 9.99763E-05
0.0425128 0.141261 9.9964E-05 9.9964E-05 9.9964E-05 0.731996 9.9964E-05 0.0235785 0.0602517
9.9946E-05 0.0594211 9.9946E-05 9.9946E-05 9.9946E-05 0.728249 9.9946E-05 9.9946E-05 0.21173
0.0575347 0.0136816 0.27103 0.0311931 9.9982E-05 0.606248 0.00593703 0.0141759 9.9982E-05
0.999201 9.993E-05 9.993E-05 9.993E-05 9.993E-05 9.993E-05 9.993E-05 9.993E-05 9.993E-05
0.561424 9.9964E-05 0.151763 0.00279773 0.265857 9.9964E-05 9.9964E-05 0.0177584 9.9964E-05
0.993703 9.99369E-05 0.00559771 9.99369E-05 9.99369E-05 9.99369E-05 9.99369E-05 9.99369E-05 9.99369E-05
0.846993 0.0095699 0.0421943 9.9973E-05 0.0613888 0.012567 0.0269869 9.9973E-05 9.9973E-05
0.608114 0.000390268 0.212294 9.9964E-05 0.0991971 9.9964E-05 0.0796057 9.9964E-05 9.9964E-05
0.532944 9.9973E-05 0.115755 9.9973E-05 0.200247 0.00405515 0.132205 0.0144934 9.9973E-05
0.789968 0.0281589 9.9973E-05 0.0134113 0.119628 0.0412586 9.9973E-05 9.9973E-05 0.00727596
0.899575 9.9946E-05 9.9946E-05 9.9946E-05 0.0893742 9.9946E-05 9.9946E-05 0.0104512 9.9946E-05
9.9958E-05 0.11552 0.774826 9.9958E-05 9.9958E-05 9.9958E-05 9.9958E-05 0.00905971 0.100094
9.9964E-05 0.241527 0.513041 0.0158262 9.9964E-05 0.0205083 9.9964E-05 9.9964E-05 0.208698
9.993E-05 0.999201 9.993E-05 9.993E-05 9.993E-05 9.993E-05 9.993E-05 9.993E-05 9.993E-05
0.141254 0.289032 0.277532 9.9991E-05 0.00749968 0.131191 0.0766152 0.0103767 0.0663998
0.0930457 0.380748 0.231186 0.0275498 0.0417694 0.134326 9.9982E-05 9.9982E-05 0.0911753
0.0741883 0.292015 0.460904 0.0354235 9.9964E-05 0.13707 9.9964E-05 9.9964E-05 9.9964E-05
9.993E-05 0.999201 9.993E-05 9.993E-05 9.993E-05 9.993E-05 9.993E-05 9.993E-05 9.993E-05
9.99369E-05 0.994354 9.99369E-05 9.99369E-05 9.99369E-05 9.99369E-05 0.00494655 9.99369E-05 9.99369E-05
0.0543831 0.2043 0.566702 0.0357158 9.9973E-05 0.0427168 9.9973E-05 9.9973E-05 0.0958826
9.9982E-05 0.223688 0.485928 0.0471934 9.9982E-05 0.0377053 0.057252 0.0214406 0.126592
0.0476057 0.384175 0.341629 0.0303367 0.014003 0.0738806 9.999E-05 0.0226088 0.0856614
0.100102 0.424301 0.343721 0.0471841 9.9964E-05 0.0842917 9.9964E-05 9.9964E-05 9.9964E-05
0.0703147 0.581768 0.172184 0.0489914 0.0225743 0.0483749 9.9982E-05 9.9982E-05 0.0555921
9.9937E-05 0.0552734 0.944027 9.9937E-05 9.9937E-05 9.9937E-05 9.9937E-05 9.9937E-05 9.9937E-05
9.9955E-05 0.34195 0.60826 0.028099 9.9955E-05 0.0211907 9.9955E-05 9.9955E-05 9.9955E-05
9.9937E-05 9.9937E-05 0.976634 9.9937E-05 9.9937E-05 9.9937E-05 9.9937E-05 9.9937E-05 0.0226666
9.9964E-05 0.485959 0.361758 0.0516746 9.9964E-05 0.0781759 0.0220325 9.9964E-05 9.9964E-05
0.07691 0.371485 0.40656 0.0409266 9.9973E-05 0.0898359 9.9973E-05 0.0139831 9.9973E-05
9.9982E-05 0.34982 0.458569 0.0403937 9.9982E-05 0.0379195 0.0169725 0.00220332 0.0939218
9.9973E-05 0.147806 0.68496 0.0305885 9.9973E-05 0.0154989 9.9973E-05 0.0122455 0.108602
0.0591841 0.199889 0.640142 0.0473313 0.0243422 0.0113126 9.9982E-05 0.0175986 9.9982E-05
9.9973E-05 0.199074 0.643831 0.0283723 9.9973E-05 9.9973E-05 0.0467399 0.00946074 0.0722221
9.993E-05 9.993E-05 0.999201 9.993E-05 9.993E-05 9.993E-05 9.993E-05 9.993E-05 9.993E-05
