0.153236 0.0254546 0.70199 0.0204284 9.9973E-05 9.9973E-05 9.9973E-05 0.0985912
0.171284 0.0031506 0.698595 0.0223275 0.070694 9.9991E-05 0.0162179 0.017631
0.0959178 0.0311142 0.70698 0.0189607 0.060914 9.9982E-05 9.9982E-05 0.0859134
9.9973E-05 0.00917315 0.687257 0.0240891 0.191016 9.9973E-05 0.0881648 9.9973E-05
0.00355655 9.9973E-05 0.694834 0.0105244 0.281985 9.9973E-05 9.9973E-05 0.00880051
9.9973E-05 0.0161302 0.724581 0.00959918 0.182027 9.9973E-05 9.9973E-05 0.0673623
0.0805466 0.0451634 0.665979 0.0349007 0.0803605 0.00589496 0.0870552 9.9991E-05
0.0907134 9.9991E-05 0.686571 0.0158143 0.0690966 0.0215771 0.109248 0.00687894
0.0942454 9.9973E-05 0.736182 9.9973E-05 0.0387866 0.0108237 0.119662 9.9973E-05
9.994E-05 9.994E-05 9.994E-05 0.9993 9.994E-05 9.994E-05 9.994E-05 9.994E-05
0.660796 0.0239725 9.9973E-05 0.108728 0.152341 9.9973E-05 9.9973E-05 0.0538635
0.584508 9.9991E-05 0.0415389 0.0893587 0.141894 0.0088715 0.108766 0.0249625
0.16963 9.9973E-05 0.0246384 0.616562 9.9973E-05 0.0505737 0.138296 9.9973E-05
0.112535 9.9964E-05 0.102621 0.706832 9.9964E-05 9.9964E-05 0.0776119 9.9964E-05
9.9946E-05 9.9946E-05 9.9946E-05 0.981405 0.0179952 9.9946E-05 9.9946E-05 9.9946E-05
0.513412 0.0126565 0.0243421 0.338718 9.9991E-05 0.0108984 0.0253158 0.0745574
9.994E-05 9.994E-05 9.994E-05 0.9993 9.994E-05 9.994E-05 9.994E-05 9.994E-05
0.232536 0.00973282 0.0114678 0.667302 9.9982E-05 0.0255906 9.9982E-05 0.0531709
0.0963196 9.9973E-05 0.0476236 0.783552 9.9973E-05 0.00863466 0.06357 9.9973E-05
0.534738 9.9991E-05 0.0650259 0.0811537 0.165151 0.00595428 0.108602 0.0392748
9.994E-05 9.994E-05 9.994E-05 0.9993 9.994E-05 9.994E-05 9.994E-05 9.994E-05
0.604823 0.021086 0.00527698 0.0184891 0.0382056 0.0510429 0.0776362 0.183441
0.656504 0.0315579 0.0171037 9.9991E-05 0.144786 0.0463985 0.0358228 0.0677277
0.499287 0.0736806 9.9982E-05 0.00715441 0.332971 0.0192736 9.9982E-05 0.0674332
0.763951 0.0356526 9.9964E-05 9.9964E-05 0.194038 9.9964E-05 9.9964E-05 0.00595894
0.40032 0.0138678 0.0384657 0.00905418 0.345027 9.9991E-05 0.0839373 0.109228
0.509192 0.0275598 9.9991E-05 0.0192558 0.24218 0.0231485 0.0510293 0.127534
0.723452 0.0153467 0.028519 9.9991E-05 0.026654 0.0366874 0.0732986 0.0959424
0.571046 0.0622074 0.00342991 0.0413109 0.209541 0.0344665 9.9991E-05 0.0778991
0.726327 0.0332227 9.9991E-05 0.0153387 0.0578754 0.0492877 0.0504546 0.0673934
0.751195 0.0632755 9.9991E-05 0.0225968 0.0656793 0.0151231 0.00600902 0.0760209
0.0902485 0.0388507 0.589241 9.9973E-05 9.9973E-05 0.26437 9.9973E-05 0.0169896
0.178667 0.00607017 0.698498 9.9973E-05 9.9973E-05 0.112278 9.9973E-05 0.00418687
0.139436 0.0424984 0.640871 9.9964E-05 9.9964E-05 0.176794 9.9964E-05 9.9964E-05
9.9973E-05 0.0382375 0.74538 0.00222977 0.0469925 0.16686 9.9973E-05 9.9973E-05
0.108831 9.9964E-05 0.641456 9.9964E-05 9.9964E-05 0.171296 0.078016 9.9964E-05
9.9982E-05 0.0212602 0.660157 9.9982E-05 0.0390255 0.228124 0.0165052 0.0347283
0.0207173 9.9973E-05 0.756133 9.9973E-05 0.00894345 0.122763 0.0911437 9.9973E-05
9.9973E-05 9.9973E-05 0.761949 0.00390826 0.0380824 0.126163 0.0695965 9.9973E-05
9.9964E-05 9.9964E-05 0.596484 0.0119955 0.197984 0.193136 9.9964E-05 9.9964E-05
9.9973E-05 0.00793522 0.762084 9.9973E-05 9.9973E-05 0.167075 0.010965 0.0516411
0.0665085 0.902449 9.9973E-05 0.00675015 9.9973E-05 9.9973E-05 0.0203758 0.00361712
9.9955E-05 0.723696 9.9955E-05 9.9955E-05 9.9955E-05 9.9955E-05 0.266102 0.00970276
0.0626727 0.834304 9.9964E-05 9.9964E-05 9.9964E-05 0.0285588 0.0740645 9.9964E-05
0.0955949 0.74729 9.9964E-05 9.9964E-05 9.9964E-05 0.00394219 0.152773 9.9964E-05
0.102705 0.739333 9.9964E-05 9.9964E-05 9.9964E-05 0.0140015 0.14356 9.9964E-05
0.0823655 0.859742 0.0112625 9.9973E-05 9.9973E-05 0.024923 0.0214072 9.9973E-05
0.0981707 0.576728 0.0130322 9.9982E-05 9.9982E-05 0.0302004 0.242313 0.0393559
0.0200669 0.855202 9.9973E-05 0.0128295 9.9973E-05 9.9973E-05 0.0852192 0.0263822
9.994E-05 0.9993 9.994E-05 9.994E-05 9.994E-05 9.994E-05 9.994E-05 9.994E-05
0.0501806 0.720107 9.9964E-05 9.9964E-05 9.9964E-05 0.00750996 0.221802 9.9964E-05
9.994E-05 0.9993 9.994E-05 9.994E-05 9.994E-05 9.994E-05 9.994E-05 9.994E-05
9.994E-05 0.9993 9.994E-05 9.994E-05 9.994E-05 9.994E-05 9.994E-05 9.994E-05
9.9964E-05 0.00929668 9.9964E-05 9.9964E-05 9.9964E-05 0.0303636 0.000767149 0.959173
0.105643 0.0196054 9.9982E-05 0.00488887 0.0961964 0.0340392 9.9982E-05 0.739428
0.209624 0.0661541 0.0722356 0.0108806 0.098159 0.0122382 9.9991E-05 0.530608
0.0635069 0.0191153 9.9991E-05 0.0334959 0.00581841 0.00783317 0.0322869 0.837843
0.158688 0.0764086 0.0194349 9.9991E-05 0.0963868 0.0201708 0.0170732 0.611737
0.0275029 0.0631889 9.9991E-05 0.0299876 0.109054 0.0300434 0.0364117 0.703712
9.9964E-05 9.9964E-05 0.0318043 9.9964E-05 9.9964E-05 0.03987 0.0860315 0.841894
0.0707006 0.0223429 0.0181914 0.00652777 9.9991E-05 0.0267796 0.0691362 0.786222
9.9973E-05 0.028226 0.477994 0.00593277 0.463829 9.9973E-05 9.9973E-05 0.0237187
9.9955E-05 9.9955E-05 0.472627 9.9955E-05 0.5191 9.9955E-05 0.00777329 9.9955E-05
0.0733964 9.9973E-05 0.510497 9.9973E-05 0.293462 0.0251343 0.0972107 9.9973E-05
9.9982E-05 0.0206248 0.560487 0.0210215 0.354063 0.0205348 0.0230696 9.9982E-05
9.9955E-05 9.9955E-05 0.354357 9.9955E-05 0.563222 9.9955E-05 0.0819217 9.9955E-05
0.0617344 9.9991E-05 0.457078 0.0505329 0.2375 0.0535587 0.0574571 0.0820382
0.143572 0.0336774 0.545257 9.9982E-05 0.262001 0.0037124 9.9982E-05 0.0115803
9.9982E-05 0.0323621 0.488553 0.0166454 0.403611 0.025872 0.032756 9.9982E-05
0.0917485 9.9982E-05 0.532807 9.9982E-05 0.220296 0.0141524 0.13034 0.0104556
0.097473 0.0399334 0.534183 0.000251368 0.264236 0.01491 0.00357915 0.0454346
9.9946E-05 9.9946E-05 0.350104 9.9946E-05 0.649296 9.9946E-05 9.9946E-05 9.9946E-05
0.568508 9.9991E-05 0.0433084 0.103545 0.0461388 0.0619795 0.134525 0.0418954
0.736165 9.9973E-05 0.101229 0.0710367 9.9973E-05 0.0220477 0.0692225 9.9973E-05
0.638537 0.0153615 0.0733892 0.102749 9.9991E-05 0.0800021 0.0724315 0.0174296
0.600193 9.9982E-05 0.0953296 0.104222 9.9982E-05 0.0362402 0.133592 0.0302235
0.453017 9.9964E-05 9.9964E-05 0.124917 0.354107 9.9964E-05 0.0675587 9.9964E-05
0.668745 0.0237754 0.00709209 0.0865486 0.189538 9.9982E-05 9.9982E-05 0.0241009
0.555743 0.0164054 9.9973E-05 0.126719 0.178693 9.9973E-05 9.9973E-05 0.12214
0.660559 9.9973E-05 9.9973E-05 0.133096 0.0840117 0.0363533 9.9973E-05 0.0856804
0.493255 0.0378969 0.0294859 0.0783414 0.198598 9.9982E-05 9.9982E-05 0.162223
0.601169 0.0295037 9.9982E-05 0.0680156 0.279268 0.0188177 9.9982E-05 0.00302616
0.599827 9.9991E-05 0.0674587 0.0556309 0.100588 0.027582 0.132658 0.0161552
0.553761 9.9973E-05 9.9973E-05 0.104045 0.250003 9.9973E-05 0.0578446 0.0340461
9.9955E-05 0.0753123 9.9955E-05 9.9955E-05 0.0223979 9.9955E-05 0.90179 9.9955E-05
0.00520134 0.0170297 9.9964E-05 0.0191161 9.9964E-05 9.9964E-05 0.958253 9.9964E-05
9.9955E-05 0.092766 9.9955E-05 9.9955E-05 0.0809571 9.9955E-05 0.825777 9.9955E-05
9.9946E-05 0.00696807 9.9946E-05 9.9946E-05 9.9946E-05 9.9946E-05 0.992432 9.9946E-05
9.994E-05 9.994E-05 9.994E-05 9.994E-05 9.994E-05 9.994E-05 0.9993 9.994E-05
0.128193 0.1341 0.00159842 9.9964E-05 9.9964E-05 9.9964E-05 0.735709 9.9964E-05
0.0147319 0.043139 9.9973E-05 0.000221729 9.9973E-05 0.0120498 0.929558 9.9973E-05
0.0107974 9.9964E-05 0.0341856 9.9964E-05 9.9964E-05 9.9964E-05 0.929732 0.0248849
9.9955E-05 9.9955E-05 9.9955E-05 0.0136216 9.9955E-05 0.0162536 0.969625 9.9955E-05
9.994E-05 9.994E-05 9.994E-05 9.994E-05 0.9993 9.994E-05 9.994E-05 9.994E-05
9.9964E-05 9.9964E-05 0.0870572 9.9964E-05 0.845568 9.9964E-05 0.0580975 0.00887788
0.00390673 0.047215 0.254331 0.0215775 0.661274 0.0114961 9.9982E-05 9.9982E-05
0.167291 0.00691538 0.230465 9.9973E-05 0.582192 0.0128364 9.9973E-05 9.9973E-05
0.166273 9.9982E-05 0.282173 0.0316246 0.392626 0.0209664 0.106137 9.9982E-05
0.334694 9.9991E-05 0.181043 0.0087576 0.323345 0.037747 0.1085 0.00581249
0.112298 0.0194023 9.9982E-05 0.0375748 0.757902 0.0619517 0.0106716 9.9982E-05
0.0243366 9.99639E-05 9.99639E-05 9.99639E-05 0.966992 0.00220287 0.00606844 9.99639E-05
9.9964E-05 9.9964E-05 0.22428 9.9964E-05 0.711632 9.9964E-05 0.0306653 0.0330225
0.0983069 0.0113141 9.9964E-05 0.000936704 0.889042 9.9964E-05 9.9964E-05 9.9964E-05
0.0765873 9.9982E-05 0.0994866 9.9982E-05 0.687642 0.0123735 0.0402577 0.0834524
9.9973E-05 9.9973E-05 0.0688112 0.00101552 0.88021 0.00173913 0.0479239 9.9973E-05
0.0574788 9.9973E-05 0.0424582 9.9973E-05 9.9973E-05 0.00781667 0.120864 0.771082
0.106645 0.0499273 9.9955E-05 9.9955E-05 9.9955E-05 9.9955E-05 9.9955E-05 0.842928
0.159114 9.9982E-05 0.120415 9.9982E-05 0.0117699 0.0213894 0.147302 0.53981
0.0197366 9.9964E-05 0.10068 9.9964E-05 9.9964E-05 9.9964E-05 0.139005 0.740178
9.9964E-05 0.0266462 9.9964E-05 0.0252428 0.268105 9.9964E-05 9.9964E-05 0.679606
0.0989001 9.9991E-05 0.0695661 0.0326002 0.0130811 0.0359348 0.146387 0.603431
0.206583 0.0171174 9.9964E-05 9.9964E-05 9.9964E-05 9.9964E-05 0.053362 0.722538
0.100049 9.9964E-05 0.0814053 9.9964E-05 9.9964E-05 9.9964E-05 0.13663 0.681516
0.0758519 0.0332985 9.9964E-05 9.9964E-05 0.026272 9.9964E-05 9.9964E-05 0.864178
0.117275 0.00332499 0.00894481 9.9982E-05 9.9982E-05 0.00673236 0.0305393 0.832984
0.037024 0.0341279 9.9991E-05 0.035316 0.0505209 0.0272568 0.00274542 0.812909
9.9955E-05 9.9955E-05 0.0619277 9.9955E-05 0.195919 0.741654 9.9955E-05 9.9955E-05
9.9982E-05 0.00348498 0.151735 0.00344421 0.150756 0.687138 9.9982E-05 0.00324156
9.9991E-05 0.0149997 0.213415 0.0185359 0.0395054 0.669906 0.0338899 0.00964903
0.0949787 0.0196514 0.223696 9.9982E-05 0.0222391 0.60588 0.0333553 9.9982E-05
0.125748 0.0051896 0.206017 9.9973E-05 9.9973E-05 0.598542 0.0642025 9.9973E-05
0.122185 9.99639E-05 0.200518 9.99639E-05 9.99639E-05 0.592824 0.0840732 9.99639E-05
0.136434 0.012185 0.200106 9.9973E-05 9.9973E-05 0.617811 0.0331651 9.9973E-05
9.9973E-05 0.0300388 0.175542 0.0137691 9.9973E-05 0.74182 9.9973E-05 0.0385294
9.9955E-05 9.9955E-05 0.166091 9.9955E-05 0.171213 0.662196 9.9955E-05 9.9955E-05
0.0767738 9.9964E-05 0.241859 9.9964E-05 9.9964E-05 0.636929 0.0440379 9.9964E-05
0.0516973 9.9973E-05 0.257243 9.9973E-05 0.00588418 0.60343 0.0814456 9.9973E-05
0.14792 9.9964E-05 0.112187 9.9964E-05 9.9964E-05 0.689531 0.0499624 9.9964E-05
0.198955 0.0334253 0.615067 9.9964E-05 9.9964E-05 0.152153 9.9964E-05 9.9964E-05
0.00177053 9.9991E-05 0.766261 0.0404685 0.00503601 0.0824685 0.0932127 0.0106828
0.0379003 0.0529521 0.701478 0.0185989 0.0870457 0.101824 9.9982E-05 9.9982E-05
9.9991E-05 0.00137789 0.643369 0.0277644 0.0536022 0.158437 0.108248 0.00710244
0.0452848 9.9973E-05 0.675456 0.0233328 9.9973E-05 0.13606 0.119567 9.9973E-05
0.141833 0.0386852 0.643023 0.0239006 9.9973E-05 0.152259 9.9973E-05 9.9973E-05
0.0472513 0.0148461 0.703323 0.0126249 0.105589 0.1034 0.00194547 0.0110196
0.0656137 0.0349015 0.679379 0.0113281 0.0887912 0.113164 0.00672305 9.9991E-05
9.9991E-05 0.00296323 0.735448 0.00775256 0.0483871 0.114302 0.0760514 0.0149952
0.0683428 9.9982E-05 0.691609 9.9982E-05 0.0202189 0.11827 0.0884646 0.0128939
9.9982E-05 0.0387098 0.64311 0.0209365 0.126392 0.149764 9.9982E-05 0.020887
0.0854501 9.9964E-05 0.669519 9.9964E-05 9.9964E-05 0.155123 0.0895085 9.9964E-05
9.9964E-05 9.9964E-05 9.9964E-05 0.0190035 0.00153057 0.93843 9.9964E-05 0.040636
9.9955E-05 9.9955E-05 9.9955E-05 9.9955E-05 0.0313989 0.953347 9.9955E-05 0.0147548
9.9946E-05 9.9946E-05 9.9946E-05 9.9946E-05 0.0439083 0.955492 9.9946E-05 9.9946E-05
0.0419431 0.0109868 9.9964E-05 9.9964E-05 9.9964E-05 0.922297 0.0243733 9.9964E-05
0.0803915 9.9955E-05 9.9955E-05 9.9955E-05 9.9955E-05 0.896244 0.0228644 9.9955E-05
0.0976969 9.9964E-05 0.0121541 9.9964E-05 9.9964E-05 0.83178 0.0579695 9.9964E-05
0.0652661 9.9964E-05 0.0556749 9.9964E-05 9.9964E-05 0.859499 0.0191597 9.9964E-05
0.0528486 9.9964E-05 0.000340473 9.9964E-05 9.9964E-05 0.879715 0.066696 9.9964E-05
9.9946E-05 9.9946E-05 9.9946E-05 9.9946E-05 0.0854119 0.913988 9.9946E-05 9.9946E-05
9.9946E-05 9.9946E-05 9.9946E-05 9.9946E-05 0.0789082 0.920492 9.9946E-05 9.9946E-05
9.9964E-05 0.00628747 9.9964E-05 0.011607 9.9964E-05 0.95604 9.9964E-05 0.0256654
0.0812962 0.0215319 9.9964E-05 9.9964E-05 9.9964E-05 0.885753 0.0110195 9.9964E-05
0.0935797 0.0148079 0.0193399 0.00620268 0.178053 0.0165166 0.13582 0.53568
9.9982E-05 0.041492 0.039506 0.0242604 0.148931 9.9982E-05 0.0978121 0.647799
9.9964E-05 0.0698391 9.9964E-05 0.019477 0.193361 9.9964E-05 9.9964E-05 0.716923
0.111631 0.0361391 0.0611714 9.9991E-05 0.0775703 0.011871 0.114154 0.587364
0.0845709 0.0542273 0.0295335 0.040165 0.194013 9.9991E-05 0.0364239 0.560967
0.165609 9.9973E-05 0.0819091 9.9973E-05 9.9973E-05 0.0253368 0.148842 0.578003
0.161286 0.0238303 9.9973E-05 0.0182677 9.9973E-05 0.0220487 9.9973E-05 0.774267
0.134854 0.0288774 0.0424427 0.027208 0.00650568 0.00612336 0.00801091 0.745978
9.9955E-05 0.0416861 9.9955E-05 9.9955E-05 0.24519 9.9955E-05 9.9955E-05 0.712624
0.145504 0.0328173 0.0159476 0.00916038 9.9991E-05 0.0273318 0.0226648 0.746474
9.9982E-05 0.0599449 9.9982E-05 0.00277747 0.0869576 0.0154994 0.00309939 0.831521
9.9973E-05 0.0419687 9.9973E-05 0.00312601 0.0880767 0.00297073 9.9973E-05 0.863558
0.0371012 0.0555855 0.00156522 9.9973E-05 0.13457 9.9973E-05 9.9973E-05 0.770879
9.9955E-05 0.0148956 9.9955E-05 9.9955E-05 0.287495 9.9955E-05 9.9955E-05 0.697109
0.177892 0.0135776 0.0848032 0.0337198 9.9982E-05 9.9982E-05 0.0595685 0.630239
9.9973E-05 0.0207614 0.839184 0.0130088 0.000432843 9.9973E-05 9.9973E-05 0.126313
0.153524 0.0248172 0.521445 0.0130026 9.9991E-05 0.244501 0.0219987 0.0206116
0.00573995 0.0283209 0.837605 0.018482 9.9991E-05 0.00636144 0.0116748 0.0917162
0.0596186 9.9991E-05 0.731156 0.0079236 0.0658714 0.0438317 0.0347887 0.0567101
0.261671 0.0120291 0.653243 9.9973E-05 9.9973E-05 0.0725125 9.9973E-05 0.000244966
9.9973E-05 9.9973E-05 0.596389 9.9973E-05 0.061597 0.214336 0.0939401 0.0334378
9.9982E-05 0.0104862 0.652773 0.0187416 0.0995661 0.101172 9.9982E-05 0.117062
0.0118943 0.0282879 0.743107 0.0194232 0.0994197 0.0771172 0.0206507 9.9991E-05
0.640339 9.9973E-05 0.0460416 9.9973E-05 0.122888 0.0361626 0.154269 9.9973E-05
0.625312 9.9973E-05 9.9973E-05 0.00806529 0.297524 9.9973E-05 0.030265 0.0385337
0.539005 9.9947E-05 9.9947E-05 9.9947E-05 0.460396 9.9947E-05 9.9947E-05 9.9947E-05
0.519444 0.0341153 0.158611 9.9991E-05 0.129716 0.0219192 0.02555 0.110545
0.536337 0.0260913 0.0457107 0.00348958 0.182286 0.0439523 9.9991E-05 0.162033
0.644639 0.0405426 0.0812504 0.0290625 0.0628096 9.9982E-05 9.9982E-05 0.141496
0.528468 0.0257164 9.9955E-05 9.9955E-05 0.445316 9.9955E-05 9.9955E-05 9.9955E-05
0.585617 9.9964E-05 9.9964E-05 0.0230895 0.357847 9.9964E-05 0.0330461 9.9964E-05
0.585653 0.0127522 0.0793638 0.0389888 0.17634 9.9991E-05 0.0475233 0.0592792
0.550579 0.0253558 0.0522767 0.0407124 0.176576 0.0190321 0.0767175 0.0587507
0.564891 0.0217966 0.0212634 0.0306543 0.221864 0.0135978 0.0721074 0.0538253
0.761645 0.0465237 0.0525443 0.0276874 0.0490213 9.9991E-05 0.00272321 0.0597551
0.598992 0.0433985 0.0134128 0.0459845 0.218328 0.012508 9.9991E-05 0.0672756
0.89798 0.0488477 0.0335833 9.9964E-05 9.9964E-05 0.0191887 9.9964E-05 9.9964E-05
0.805357 9.9991E-05 0.025715 0.0400315 0.014617 0.0240539 0.0500183 0.0401071
0.870368 0.0596801 0.0248233 0.00119046 0.0436386 9.9973E-05 9.9973E-05 9.9973E-05
0.751777 0.0250202 9.9973E-05 0.0360724 0.0944103 9.9973E-05 9.9973E-05 0.0924202
0.679743 0.0328092 0.0513666 0.0358054 0.0657053 9.9991E-05 0.0306245 0.103846
0.681729 0.0420844 0.0251005 0.026678 0.180372 9.99962E-05 0.0244347 0.0195018
0.673635 9.9982E-05 0.00674882 0.0350763 0.126108 9.9982E-05 0.129752 0.02848
0.721171 0.0137859 0.101871 0.0327876 9.9991E-05 0.0222596 0.0883205 0.0197043
0.623303 9.9982E-05 0.0822205 0.0196255 0.102639 0.0219482 0.150064 9.9982E-05
0.936132 0.042369 0.0209991 9.9955E-05 9.9955E-05 9.9955E-05 9.9955E-05 9.9955E-05
