0.69483 0.0217525 9.9973E-05 0.0786468 0.191119 9.9973E-05 0.0133519 9.9973E-05
0.711727 0.0321868 9.9973E-05 9.9973E-05 0.187808 9.9973E-05 0.0293057 0.0386727
0.70828 0.038411 9.9982E-05 0.098613 0.10318 9.9982E-05 0.0376346 0.0136812
0.706903 0.0345592 9.9973E-05 9.9973E-05 9.9973E-05 0.0583137 0.167413 0.0325112
0.707039 0.0211421 9.9964E-05 9.9964E-05 9.9964E-05 9.9964E-05 0.228687 0.0427321
0.735673 0.0299629 9.9973E-05 0.0562857 9.9973E-05 0.00204763 0.175731 9.9973E-05
0.646263 0.0273492 0.0201317 9.9991E-05 0.127519 0.0734843 0.067085 0.0380671
0.691879 0.0154718 0.0157043 9.9991E-05 0.141067 0.0517827 0.07574 0.00825494
0.699846 9.9982E-05 0.0476513 9.9982E-05 0.14615 0.044688 0.0520784 0.00938688
9.994E-05 0.9993 9.994E-05 9.994E-05 9.994E-05 9.994E-05 9.994E-05 9.994E-05
9.9973E-05 0.112185 9.9973E-05 0.0340035 0.683002 9.9973E-05 0.149807 0.0207031
0.0230452 0.106469 0.0243365 0.0234269 0.601614 0.0360719 0.170447 0.01459
0.0292288 0.587291 0.0517082 9.9973E-05 0.263459 0.0680123 9.9973E-05 9.9973E-05
0.107252 0.685405 9.9973E-05 9.9973E-05 0.161567 0.0441375 9.9973E-05 0.00133767
9.9955E-05 0.964729 9.9955E-05 9.9955E-05 9.9955E-05 9.9955E-05 0.00943124 0.0253396
0.0124715 0.349914 0.0227167 0.0853931 0.515449 9.9982E-05 9.9982E-05 0.0138561
9.994E-05 0.9993 9.994E-05 9.994E-05 9.994E-05 9.994E-05 9.994E-05 9.994E-05
9.9973E-05 0.67242 0.0199843 0.0444629 0.262003 0.000830235 9.9973E-05 9.9973E-05
0.0525603 0.77063 9.9964E-05 9.9964E-05 0.143803 0.0326072 9.9964E-05 9.9964E-05
0.0481231 0.0741939 9.9991E-05 0.0226772 0.620389 0.0396407 0.172691 0.0221848
9.994E-05 0.9993 9.994E-05 9.994E-05 9.994E-05 9.994E-05 9.994E-05 9.994E-05
9.999E-05 0.0123119 0.0343879 0.15174 0.674079 0.0583731 0.06583 0.00317782
0.0191814 0.0060723 0.0301542 0.0668903 0.681237 0.0194273 0.154001 0.0230372
9.999E-05 0.0218182 0.00568986 0.0575427 0.488587 0.037935 0.359165 0.0291623
9.9946E-05 9.9946E-05 9.9946E-05 9.9946E-05 0.773378 9.9946E-05 0.226022 9.9946E-05
0.023229 0.0045461 9.9991E-05 0.102385 0.447663 0.0520704 0.34747 0.0225372
9.999E-05 0.0184753 0.00902154 0.0917778 0.517327 0.0459289 0.307764 0.00960473
9.9973E-05 9.9973E-05 0.031602 0.0575719 0.812963 0.0273437 0.0702194 9.9973E-05
9.999E-05 0.0404746 0.0189437 0.0846676 0.5835 0.0155398 0.250687 0.006088
9.999E-05 0.014874 0.0316663 0.0135296 0.78015 0.0278527 0.122042 0.00978536
9.9982E-05 0.0383221 9.9982E-05 0.0371237 0.769808 0.0404353 0.104289 0.00982188
0.568898 9.9982E-05 0.27806 0.00521724 0.130617 0.0122751 9.9982E-05 0.00473331
0.654708 9.9955E-05 0.126793 9.9955E-05 0.217999 9.9955E-05 9.9955E-05 9.9955E-05
0.630825 9.9973E-05 0.180746 0.0131969 0.16702 0.00791227 9.9973E-05 9.9973E-05
0.727959 0.00108701 0.185366 9.9982E-05 9.9982E-05 0.0100451 0.0716573 0.00368542
0.62418 9.9964E-05 0.186856 9.9964E-05 0.166173 0.0223909 9.9964E-05 9.9964E-05
0.645791 9.9982E-05 0.233171 0.0252844 9.9982E-05 0.0258132 0.049165 0.0205758
0.784845 9.9964E-05 0.126809 9.9964E-05 0.0596319 0.0283141 9.9964E-05 9.9964E-05
0.771249 0.000615095 0.143796 9.9973E-05 9.9973E-05 0.0328612 0.0511792 9.9973E-05
0.589418 0.028087 0.19348 9.9973E-05 9.9973E-05 9.9973E-05 0.18603 0.00268566
0.774233 9.9964E-05 0.16286 0.0603396 9.9964E-05 9.9964E-05 9.9964E-05 0.00216787
9.9982E-05 0.0240484 9.9982E-05 0.0119705 0.0160014 0.914905 0.0112454 0.0216297
9.9955E-05 9.9955E-05 9.9955E-05 9.9955E-05 0.0297147 0.952462 0.0173236 9.9955E-05
9.9973E-05 0.00821571 0.0235431 9.9973E-05 0.0537163 0.900456 9.9973E-05 0.0137686
9.9946E-05 9.9946E-05 9.9946E-05 9.9946E-05 0.121564 0.877836 9.9946E-05 9.9946E-05
9.9964E-05 9.9964E-05 0.00543937 9.9964E-05 0.106935 0.86655 9.9964E-05 0.020676
0.00123136 9.9964E-05 0.0159474 9.9964E-05 0.101555 0.880866 9.9964E-05 9.9964E-05
0.00333009 9.9991E-05 0.0439298 0.0120655 0.13572 0.774672 0.0186798 0.0115028
9.9955E-05 0.0339134 9.9955E-05 0.0209979 9.9955E-05 0.944589 9.9955E-05 9.9955E-05
9.9946E-05 9.9946E-05 9.9946E-05 9.9946E-05 9.9946E-05 0.983948 0.0154524 9.9946E-05
0.00901771 9.9964E-05 0.0123322 9.9964E-05 0.0694503 0.9088 9.9964E-05 9.9964E-05
9.994E-05 9.994E-05 9.994E-05 9.994E-05 9.994E-05 0.9993 9.994E-05 9.994E-05
9.9946E-05 9.9946E-05 9.9946E-05 9.9946E-05 9.9946E-05 0.993489 9.9946E-05 0.00591167
9.9946E-05 9.9946E-05 0.0367756 0.962625 9.9946E-05 9.9946E-05 9.9946E-05 9.9946E-05
9.9982E-05 0.00789446 0.0286571 0.700459 0.121829 9.9982E-05 0.124425 0.016535
0.0628076 0.0140469 0.0157504 0.505557 0.234804 0.0325067 0.0849858 0.0495418
9.9982E-05 0.0457154 0.000180862 0.826394 0.0820825 0.0115136 9.9982E-05 0.0339134
0.0358503 9.9991E-05 0.0144492 0.612652 0.158114 0.0670465 0.0771045 0.0346829
9.999E-05 0.0333543 0.04982 0.718414 0.0217211 0.0556577 0.0769719 0.0439611
0.0441559 9.9973E-05 0.0424459 0.824369 0.071074 0.0176554 9.9973E-05 9.9973E-05
0.0136583 0.00355381 0.0327261 0.792286 0.133504 0.0240726 9.9982E-05 9.9982E-05
0.481082 0.0159411 0.00441495 0.0490139 9.9982E-05 9.9982E-05 0.444827 0.00452094
0.479231 9.9946E-05 9.9946E-05 9.9946E-05 9.9946E-05 9.9946E-05 0.520169 9.9946E-05
0.505618 9.9982E-05 0.0340178 9.9982E-05 0.119666 0.0331826 0.295959 0.0113569
0.562909 0.0170317 0.024119 9.9982E-05 9.9982E-05 0.0190042 0.351131 0.025605
0.385258 9.9964E-05 9.9964E-05 0.0141955 9.9964E-05 0.036032 0.564115 9.9964E-05
0.488428 0.0491888 0.0492572 0.0752586 0.0737646 0.0112272 0.213677 0.0391983
0.519658 9.9982E-05 0.0159863 0.00626432 0.155952 9.9982E-05 0.277252 0.0246878
0.502148 0.0112859 0.0334889 9.9982E-05 9.9982E-05 0.0469781 0.404609 0.00128989
0.522129 9.9982E-05 0.0194023 0.011598 0.159551 0.0471447 0.239975 9.9982E-05
0.581229 0.014921 9.9991E-05 0.0315033 0.0990733 0.0139445 0.226041 0.0331885
0.348912 9.9946E-05 9.9946E-05 9.9946E-05 9.9946E-05 9.9946E-05 0.650488 9.9946E-05
0.0421365 0.11337 0.0529388 0.0393329 0.641984 0.0519406 0.0471356 0.0111611
0.0823603 0.0765566 0.0304925 0.0110848 0.739938 0.0261098 9.9991E-05 0.0333576
0.074727 0.126467 0.0757561 0.00843414 0.689414 0.0250016 9.9982E-05 9.9982E-05
0.0914447 0.0978224 0.0565857 0.0241255 0.693682 0.0361395 9.9982E-05 9.9982E-05
9.9982E-05 0.152483 9.9982E-05 0.0118547 0.422214 0.0297949 0.356766 0.0266876
9.9973E-05 0.101104 9.9973E-05 0.018573 0.630104 9.9973E-05 0.214148 0.0357705
9.9973E-05 0.145073 9.9973E-05 0.125511 0.498549 9.9973E-05 0.184365 0.0462025
9.9973E-05 0.145648 0.01471 0.04207 0.674035 9.9973E-05 0.123236 9.9973E-05
9.9973E-05 0.0949393 9.9973E-05 0.160647 0.479871 9.9973E-05 0.256849 0.00739465
9.9982E-05 0.0905062 0.000113901 0.0236246 0.555999 9.9982E-05 0.283033 0.0465238
0.07434 0.0310648 0.0166047 0.00807999 0.673452 0.0478899 0.114122 0.0344469
9.9982E-05 0.10675 9.9982E-05 0.0230241 0.569366 0.0246649 0.228069 0.0479253
0.0278584 9.9982E-05 9.9982E-05 0.0901625 0.101532 0.771702 0.00745236 0.00109272
0.0156907 0.00207213 0.0120554 0.0445795 0.181022 0.74438 9.9982E-05 9.9982E-05
9.9964E-05 9.9964E-05 9.9964E-05 0.05069 9.9964E-05 0.793105 0.154822 0.000982733
0.01764 9.9982E-05 0.0179499 0.0089757 0.111263 0.84262 9.9982E-05 0.00135132
0.00226334 9.9964E-05 9.9964E-05 0.00710444 0.141647 0.848585 9.9964E-05 9.9964E-05
0.0336235 9.9955E-05 9.9955E-05 9.9955E-05 0.265762 0.700115 9.9955E-05 9.9955E-05
0.0136419 9.9964E-05 0.0306394 9.9964E-05 0.200686 0.754633 9.9964E-05 9.9964E-05
0.0484337 9.9973E-05 0.00538982 0.0748029 0.190714 0.680359 9.9973E-05 9.9973E-05
0.0186737 0.00300255 0.0347743 9.9973E-05 0.211531 0.731718 9.9973E-05 9.9973E-05
9.99459E-05 9.99459E-05 9.99459E-05 9.99459E-05 9.99459E-05 9.99459E-05 0.998693 0.00070731
0.0906906 9.9973E-05 0.00172198 0.024478 9.9973E-05 0.0307325 0.852077 9.9973E-05
0.283497 0.0267122 9.9982E-05 9.9982E-05 0.00293941 0.0345563 0.649717 0.00237778
0.239687 0.0166963 9.9973E-05 0.000295798 0.169417 9.9973E-05 0.573604 9.9973E-05
0.268137 0.0141289 0.0283784 9.9982E-05 0.243398 0.0278318 0.417926 9.9982E-05
0.168562 9.9982E-05 0.0373359 0.0136803 0.406477 0.0219221 0.351823 9.9982E-05
9.9973E-05 0.0261199 0.0489108 9.9973E-05 0.142912 0.0142279 0.76753 9.9973E-05
9.994E-05 9.994E-05 9.994E-05 9.994E-05 9.994E-05 9.994E-05 0.9993 9.994E-05
0.223941 0.0212225 9.9973E-05 0.0305518 0.0203295 9.9973E-05 0.703655 9.9973E-05
9.9946E-05 9.9946E-05 9.9946E-05 9.9946E-05 0.109772 9.9946E-05 0.889628 9.9946E-05
0.107813 9.9982E-05 0.00716582 0.0543413 0.13058 9.9982E-05 0.699305 0.000594807
0.0785964 0.00294555 9.9964E-05 9.9964E-05 9.9964E-05 0.0333759 0.884682 9.9964E-05
0.0575247 9.9982E-05 0.00812582 0.79268 0.11394 0.0104166 9.9982E-05 0.017113
9.9955E-05 9.9955E-05 9.9955E-05 0.84867 0.136415 9.9955E-05 9.9955E-05 0.0144161
0.12224 9.9982E-05 0.0229701 0.550541 0.25002 0.0498543 0.00417473 9.9982E-05
0.105004 9.9964E-05 9.9964E-05 0.71611 0.120998 0.0574875 9.9964E-05 9.9964E-05
9.9955E-05 0.0323801 9.9955E-05 0.720932 9.9955E-05 9.9955E-05 0.246188 9.9955E-05
0.0819881 0.011564 0.0315711 0.5889 0.213973 0.057354 0.0119263 0.00272323
9.9955E-05 9.9955E-05 9.9955E-05 0.70663 0.273619 0.0192504 9.9955E-05 9.9955E-05
0.0712231 9.9973E-05 0.00578242 0.647372 0.218618 0.0567043 9.9973E-05 9.9973E-05
0.00476236 9.9973E-05 9.9973E-05 0.833131 0.1123 9.9973E-05 0.0383617 0.0111451
0.0169177 9.9964E-05 0.00521335 0.822268 0.155201 9.9964E-05 9.9964E-05 9.9964E-05
0.0215466 0.0406337 0.0191504 0.812164 0.0271731 0.0144355 0.0294814 0.0354157
0.0479908 9.9955E-05 0.74338 9.9955E-05 9.9955E-05 9.9955E-05 0.20813 9.9955E-05
0.162127 0.00722126 0.684833 0.00945036 9.9982E-05 9.9982E-05 0.125345 0.0108235
0.213416 0.00630171 0.676637 0.0323201 9.9982E-05 0.0407501 0.0303752 9.9982E-05
0.231983 9.9973E-05 0.604022 9.9973E-05 0.0912345 0.0284386 9.9973E-05 0.0440218
0.190758 9.9964E-05 0.604526 9.9964E-05 0.173624 0.0306926 9.9964E-05 9.9964E-05
0.213756 9.9964E-05 0.57201 9.9964E-05 0.184204 0.0296306 9.9964E-05 9.9964E-05
0.177351 9.9964E-05 0.624699 9.9964E-05 0.184492 0.0130578 9.9964E-05 9.9964E-05
0.161118 0.0161618 0.756757 0.0655637 9.9964E-05 9.9964E-05 9.9964E-05 9.9964E-05
0.180993 9.9964E-05 0.655395 9.9964E-05 9.9964E-05 9.9964E-05 0.136447 0.026765
0.229416 9.9973E-05 0.645429 9.9973E-05 0.0897571 0.00694766 9.9973E-05 0.0281504
0.23112 9.9973E-05 0.618954 9.9973E-05 0.101704 0.0385601 0.00936185 9.9973E-05
0.0963457 9.9964E-05 0.689204 9.9964E-05 0.187341 0.0267089 9.9964E-05 9.9964E-05
0.610346 0.0118172 0.163978 9.9973E-05 0.184096 9.9973E-05 9.9973E-05 0.0294625
0.768231 0.0389489 0.0920909 0.0213839 0.0575416 0.0179219 9.9991E-05 0.00378231
0.702235 0.0301642 0.133763 9.9982E-05 9.9982E-05 0.0141721 0.0793846 0.0400815
0.718408 0.0231552 0.137519 0.0319417 9.9991E-05 0.0570556 0.00854921 0.0232713
0.674747 0.00738192 0.153187 9.9973E-05 0.124515 0.039869 9.9973E-05 9.9973E-05
0.643493 0.0157269 0.141717 9.9982E-05 0.184111 0.0130689 9.9982E-05 0.00168264
0.702056 0.0306853 0.107521 0.00544957 0.0515752 9.9991E-05 0.0641104 0.0385025
0.690639 0.0218326 0.113889 9.9991E-05 0.0948225 0.00490708 0.0646671 0.00914299
0.729079 0.00550698 0.134833 0.0363039 0.0242214 0.0302794 0.0218778 0.0178982
0.693192 9.9991E-05 0.141183 0.00745664 0.101089 0.0273733 0.0170066 0.0126002
0.638527 0.0142449 0.144974 0.025531 9.9991E-05 0.006442 0.135471 0.0347091
0.671481 9.9964E-05 0.171159 9.9964E-05 0.119583 0.0373774 9.9964E-05 9.9964E-05
9.9964E-05 0.0307741 0.938136 0.021165 9.9964E-05 9.9964E-05 0.00952532 9.9964E-05
9.9964E-05 0.0146942 0.947525 0.0202951 9.9964E-05 9.9964E-05 0.0170863 9.9964E-05
9.9955E-05 9.9955E-05 0.952966 9.9955E-05 9.9955E-05 9.9955E-05 0.0327118 0.0138227
9.9955E-05 9.9955E-05 0.921149 9.9955E-05 0.0546696 0.0236819 9.9955E-05 9.9955E-05
9.9946E-05 9.9946E-05 0.884273 9.9946E-05 0.115128 9.9946E-05 9.9946E-05 9.9946E-05
9.9964E-05 9.9964E-05 0.823606 9.9964E-05 0.142621 0.0273613 9.9964E-05 0.00601186
0.061146 0.00949235 0.847418 9.9964E-05 0.081544 9.9964E-05 9.9964E-05 9.9964E-05
0.00226309 9.9964E-05 0.887979 9.9964E-05 0.096598 0.0127595 9.9964E-05 9.9964E-05
9.9955E-05 9.9955E-05 0.918725 9.9955E-05 9.9955E-05 9.9955E-05 0.0726531 0.00812202
9.9946E-05 9.9946E-05 0.906647 9.9946E-05 9.9946E-05 9.9946E-05 0.0927531 9.9946E-05
9.9955E-05 0.00917396 0.941235 0.0490911 9.9955E-05 9.9955E-05 9.9955E-05 9.9955E-05
9.9973E-05 0.00364053 0.877695 9.9973E-05 0.0954841 0.0121998 9.9973E-05 0.0106811
0.0405411 9.9991E-05 0.001979 0.535667 0.154739 0.0952626 0.166912 0.00479932
0.0441659 0.0116907 9.9991E-05 0.625444 0.0378096 0.0939474 0.142498 0.0443446
9.9973E-05 0.0167389 9.9973E-05 0.79527 9.9973E-05 0.00810855 0.149097 0.030485
0.0585653 9.9991E-05 0.0267036 0.5555 0.182057 0.0954751 0.0422351 0.0393632
0.0388735 0.0402514 9.9991E-05 0.576008 0.109999 0.0524253 0.141687 0.0406567
0.0984324 9.9982E-05 0.0121463 0.54922 0.270231 0.0633759 9.9982E-05 0.00639437
9.9973E-05 0.0145379 0.00757829 0.79961 0.148415 9.9973E-05 9.9973E-05 0.0295595
0.0296065 0.0312741 0.012923 0.747791 0.148623 9.9991E-05 0.00296551 0.0267171
9.9964E-05 0.000834591 9.9964E-05 0.745419 9.9964E-05 9.9964E-05 0.190944 0.0624031
0.0265658 0.0233493 0.0209945 0.780243 0.144121 0.00218475 9.9991E-05 0.00244154
9.9964E-05 9.9964E-05 0.0200304 0.853088 9.9964E-05 0.0240825 0.102399 9.9964E-05
9.9973E-05 0.00444766 0.00111479 0.883306 9.9973E-05 9.9973E-05 0.0532825 0.0575496
9.9964E-05 9.9964E-05 9.9964E-05 0.770751 0.071447 0.0141252 0.143277 9.9964E-05
9.9955E-05 9.9955E-05 9.9955E-05 0.69474 9.9955E-05 9.9955E-05 0.233924 0.070837
0.0594962 0.0283331 9.9973E-05 0.644332 0.248657 0.0188818 9.9973E-05 9.9973E-05
0.835905 0.0169411 9.9964E-05 0.106182 0.0405714 9.9964E-05 9.9964E-05 9.9964E-05
0.495655 0.0154107 0.262615 0.0208126 0.182806 0.0225011 9.9982E-05 9.9982E-05
0.850483 0.0217651 9.9982E-05 0.0800323 0.0277126 0.0061588 9.9982E-05 0.0136477
0.731163 0.0104901 0.0514269 0.0674617 0.0533049 0.00616368 0.0562093 0.0237806
0.61572 9.9964E-05 0.108573 9.9964E-05 0.268042 9.9964E-05 9.9964E-05 0.00726591
0.604568 0.00106621 0.22116 0.0454912 0.0387166 0.0424201 0.045055 0.00152257
0.637979 0.0234695 0.114611 0.0958947 9.9982E-05 9.9982E-05 0.102184 0.0256628
0.743016 0.0209621 0.0864443 9.9982E-05 9.9982E-05 0.0198406 0.06378 0.0657571
0.0513762 9.9982E-05 0.0337906 9.9982E-05 0.696987 0.0569701 0.113446 0.0472302
9.9973E-05 0.0231202 9.9973E-05 0.0342413 0.61109 9.9973E-05 0.276288 0.0549607
9.994E-05 9.994E-05 9.994E-05 9.994E-05 9.994E-05 9.994E-05 9.994E-05 0.9993
0.162827 9.9991E-05 0.0135777 0.114027 0.498848 0.0236816 0.162089 0.0248507
0.00608478 0.0195617 0.0503007 0.133799 0.54832 9.9991E-05 0.228937 0.0128967
0.0574526 0.0321525 9.9982E-05 0.137828 0.669951 9.9982E-05 0.0591833 0.0432331
9.994E-05 9.994E-05 9.994E-05 9.994E-05 9.994E-05 9.994E-05 9.994E-05 0.9993
0.00124952 9.9973E-05 0.0151026 9.9973E-05 0.0687657 0.00178703 9.9973E-05 0.912795
0.0755145 0.0364011 9.9991E-05 0.0579237 0.593179 0.0151531 0.144591 0.0771374
0.0301522 0.04155 0.0179252 0.0639891 0.593266 0.045406 0.183457 0.0242546
0.035844 0.0378408 0.0209362 0.0829303 0.498415 0.03631 0.174804 0.11292
0.0265653 0.0470184 9.9982E-05 0.0894457 0.706537 9.9982E-05 0.0757592 0.0544741
0.0077024 0.0541993 0.0159749 0.0505794 0.593476 9.9991E-05 0.222269 0.0556987
0.0395759 9.9964E-05 9.9964E-05 9.9964E-05 0.917689 0.011428 9.9964E-05 0.030907
0.012482 0.034588 9.9982E-05 0.0244812 0.857545 9.9982E-05 0.0311435 0.0395607
9.9973E-05 0.0131082 9.9973E-05 9.9973E-05 0.86733 0.0205949 0.0602651 0.0384023
9.9973E-05 0.0446195 9.9973E-05 0.0724476 0.740955 9.9973E-05 0.124319 0.0173582
0.0390433 0.043375 9.9991E-05 0.116476 0.663505 0.0259107 0.065253 0.0463366
0.0119085 0.0539513 9.9991E-05 0.0324972 0.643099 0.0235922 0.178655 0.0561967
9.9982E-05 0.0372011 9.9982E-05 0.00746699 0.728472 0.0477847 0.157614 0.0212611
0.0508233 0.0572792 0.0459919 0.0011931 0.80077 0.0419284 9.9991E-05 0.00191463
0.0901302 0.0185649 0.0214874 0.018554 0.656868 0.0533255 0.0907046 0.0503652
0.00504554 9.9964E-05 9.9964E-05 9.9964E-05 0.954298 9.9964E-05 0.00214566 0.0381112
