0.0331166 0.514505 0.452378
0.00572319 0.522412 0.471865
0.0333614 0.513018 0.45362
0.0703309 0.561773 0.367897
9.9991E-05 0.528053 0.471847
0.0219203 0.524122 0.453958
0.0867206 0.531829 0.381451
0.0748098 0.54121 0.38398
0.0776613 0.606159 0.31618
9.999E-05 9.999E-05 0.9998
0.0446611 0.0553212 0.900018
0.0871604 0.120358 0.792482
0.0903606 0.113864 0.795775
0.0606201 0.0881404 0.851239
9.999E-05 9.999E-05 0.9998
0.051325 0.0703643 0.878311
0.0376689 0.0245101 0.937821
0.0241188 0.0481271 0.927754
0.0460137 0.0680893 0.885897
0.088452 0.115126 0.796422
9.999E-05 9.999E-05 0.9998
0.157626 0.114724 0.727649
0.0910504 0.129149 0.779801
0.0850818 0.11881 0.796108
0.0658193 0.0585842 0.875596
0.109032 0.125001 0.765966
0.116125 0.100892 0.782983
0.116338 0.123452 0.760209
0.0843767 0.12128 0.794343
0.0970284 0.130034 0.772938
0.117451 0.0896824 0.792867
0.046276 0.759148 0.194576
9.9991E-05 0.660605 0.339295
0.0266871 0.686947 0.286366
0.0128959 0.782753 0.204351
0.0416114 0.701801 0.256588
0.0258449 0.768575 0.20558
0.0404224 0.723613 0.235964
0.0343988 0.751341 0.21426
9.9991E-05 0.732519 0.267381
0.0119692 0.77948 0.208551
0.957096 9.9991E-05 0.0428037
0.992053 0.00784659 9.9991E-05
0.950011 0.0319683 0.0180211
0.943971 0.0341011 0.0219275
0.918007 0.0468526 0.0351409
0.936809 0.056782 0.00640943
0.825602 0.0665872 0.107811
0.989561 9.9991E-05 0.0103392
0.9998 9.999E-05 9.999E-05
0.957818 0.0420817 9.9991E-05
0.9998 9.999E-05 9.999E-05
0.9998 9.999E-05 9.999E-05
0.226384 0.0690855 0.704531
0.162956 0.0658316 0.771212
0.161802 0.109308 0.728891
0.200012 0.014294 0.785694
0.215683 0.0594134 0.724904
0.223564 0.0650803 0.711355
0.237978 0.10218 0.659842
0.226224 0.0716194 0.702156
9.9991E-05 0.461476 0.538424
9.9991E-05 0.508931 0.490969
0.0374547 0.506064 0.456481
0.0189195 0.538454 0.442626
0.0469118 0.407807 0.545281
0.0260959 0.468686 0.505219
0.00861505 0.476613 0.514772
0.0434391 0.506272 0.450289
0.0710734 0.472049 0.456877
0.0304521 0.49005 0.479498
9.9991E-05 0.52319 0.47671
0.112862 0.153207 0.733931
0.0946598 0.170391 0.734949
0.0912234 0.201888 0.706889
0.0995972 0.184049 0.716354
0.0601808 0.0561452 0.883674
0.0259252 0.0628534 0.911221
0.0231145 0.0423928 0.934493
0.00858872 0.0835569 0.907854
0.0690364 0.0660873 0.864876
0.0365651 0.107888 0.855547
0.125789 0.142936 0.731275
0.0774971 0.0513146 0.871188
0.846555 0.0422864 0.111159
0.821446 0.0384098 0.140144
0.870757 9.9991E-05 0.129143
0.896291 0.0570757 0.0466336
0.918667 0.0444988 0.0368344
0.776884 0.0637569 0.159359
0.820534 0.0851778 0.0942885
0.747125 0.0983447 0.15453
0.795557 0.0829819 0.121461
9.9991E-05 0.204249 0.795651
0.0374293 0.284326 0.678244
0.0317974 0.343951 0.624251
9.9991E-05 0.313723 0.686177
0.0489082 0.34617 0.604922
0.0599803 0.296987 0.643033
0.0253488 0.244825 0.729826
0.0187022 0.201182 0.780115
9.9991E-05 0.33261 0.66729
0.0154918 0.151056 0.833452
0.00623163 0.260653 0.733115
0.0288093 0.262749 0.708442
0.207871 0.0704244 0.721704
0.205905 0.00817888 0.785917
0.199748 0.141541 0.658711
0.245421 0.0905148 0.664064
0.185663 9.9991E-05 0.814237
0.2161 0.124172 0.659728
0.220699 0.0212885 0.758013
0.232685 0.0784979 0.688818
0.211814 9.9991E-05 0.788086
0.193128 0.0307152 0.776157
0.198662 0.03442 0.766918
9.999E-05 0.9998 9.999E-05
9.9991E-05 0.918159 0.0817415
0.0575144 0.928201 0.0142848
0.0463436 0.85994 0.093716
0.0727382 0.854894 0.0723682
0.0829511 0.848901 0.0681482
0.0553594 0.878401 0.0662396
0.0129841 0.959053 0.027963
9.9991E-05 0.933731 0.0661687
0.0327004 0.914285 0.0530148
0.0449513 0.903479 0.0515699
0.0613601 0.888408 0.0502322
0.0168224 0.652527 0.33065
0.0352551 0.653664 0.311081
0.0156504 0.693689 0.290661
0.0724875 0.677781 0.249731
0.0511937 0.67418 0.274626
0.0623706 0.667478 0.270151
9.9991E-05 0.659498 0.340402
0.0219583 0.644268 0.333774
0.0437296 0.709298 0.246973
0.0468062 0.672679 0.280515
0.00385271 0.66652 0.329627
0.056403 0.704662 0.238935
9.999E-05 0.9998 9.999E-05
9.999E-05 0.9998 9.999E-05
9.999E-05 0.9998 9.999E-05
0.0186221 0.981278 9.9991E-05
0.0163396 0.98356 9.9991E-05
0.0579303 0.94197 9.9991E-05
0.00795398 0.991946 9.9991E-05
0.0201837 0.979716 9.9991E-05
9.999E-05 0.9998 9.999E-05
9.999E-05 0.9998 9.999E-05
9.999E-05 0.9998 9.999E-05
0.033571 0.966329 9.9991E-05
0.229725 0.0912492 0.679026
0.244013 0.0589942 0.696993
0.198117 0.0267109 0.775172
0.262219 0.0867229 0.651058
0.197949 0.0621728 0.739879
0.231789 0.114097 0.654113
0.194314 0.0192134 0.786473
0.183269 0.0568263 0.759904
0.173021 0.0240083 0.80297
0.205604 0.064895 0.729501
0.22575 0.0454384 0.728812
0.206436 0.0179353 0.775629
0.205181 0.0463687 0.74845
0.174887 0.0102438 0.814869
0.202677 0.0757287 0.721594
0.0192412 0.604476 0.376282
0.0491803 0.694758 0.256062
0.0306675 0.610241 0.359091
0.021961 0.605039 0.373
0.0159833 0.605506 0.378511
0.049642 0.701273 0.249085
0.00150221 0.630888 0.36761
0.0335437 0.647286 0.31917
0.111753 0.170812 0.717435
0.0455734 0.0497887 0.904638
0.027352 0.0313265 0.941321
0.0931261 0.213442 0.693432
0.0710912 0.151168 0.77774
0.0782409 0.0928223 0.828937
0.0330289 0.0285732 0.938398
0.0429632 0.0790464 0.87799
0.0704234 0.11722 0.812357
0.102715 0.130223 0.767062
0.0922721 0.131155 0.776573
0.0778524 0.107598 0.81455
0.0524795 0.121796 0.825724
0.0925802 0.149526 0.757894
0.057291 0.105033 0.837676
0.0873602 0.0834418 0.829198
0.0516091 0.0697722 0.878619
0.103241 0.0866016 0.810158
0.0761293 0.111058 0.812812
0.113253 0.0799484 0.806798
0.121983 0.163663 0.714354
0.100533 0.15676 0.742707
0.0801411 0.0975146 0.822344
