0.0108608 0.0975955 0.439188 0.452356
9.999E-05 0.132702 0.440354 0.426844
0.015592 0.0687914 0.437822 0.477794
0.0501786 0.00729601 0.482263 0.460262
9.9982E-05 9.9982E-05 0.42418 0.57562
9.9982E-05 9.9982E-05 0.416716 0.583084
0.0915395 0.0898973 0.459606 0.358957
0.0696413 0.0601518 0.471112 0.399095
0.0539675 9.9991E-05 0.506453 0.43948
9.998E-05 0.9997 9.998E-05 9.998E-05
0.0191877 0.548555 0.0252568 0.407
0.0732774 0.512038 0.0797003 0.334984
0.0803738 0.838664 0.0808621 9.9991E-05
0.0478783 0.901744 0.0502776 9.9991E-05
9.998E-05 0.9997 9.998E-05 9.998E-05
0.0448952 0.734433 0.0302395 0.190433
9.998E-05 0.9997 9.998E-05 9.998E-05
0.0182984 0.934962 0.0187352 0.028004
0.0195403 0.956579 0.0237811 9.9991E-05
0.0671133 0.451315 0.0704134 0.411158
9.998E-05 0.9997 9.998E-05 9.998E-05
0.131839 0.384092 0.0807254 0.403343
0.0746642 0.401472 0.0935996 0.430265
0.0757455 0.345542 0.0655088 0.513204
0.045719 0.466298 0.0185666 0.469417
0.0785708 0.283296 0.0690594 0.569074
0.0881601 0.377379 0.0654832 0.468978
0.0973828 0.448219 0.0844415 0.369957
0.0553346 0.417708 0.0772155 0.449742
0.0833602 0.466415 0.0802254 0.37
0.10138 0.461069 0.0583555 0.379195
0.0437692 0.049689 0.681909 0.224633
9.9991E-05 0.0763665 0.589627 0.333906
0.0200049 0.0576122 0.606897 0.315485
0.00114979 9.9991E-05 0.695795 0.302955
0.0336008 0.0595829 0.642574 0.264243
0.0188879 9.9991E-05 0.6844 0.296612
0.0302362 9.9991E-05 0.640867 0.328797
0.0206467 9.9991E-05 0.677958 0.301296
9.9982E-05 9.9982E-05 0.636645 0.363155
9.9982E-05 9.9982E-05 0.684613 0.315187
0.945036 0.0547638 9.9982E-05 9.9982E-05
0.984951 9.9991E-05 0.013876 0.00107266
0.930589 0.0347458 0.0345649 9.9991E-05
0.91765 0.0687966 0.0134538 9.9991E-05
0.909566 0.0587599 0.031574 9.9991E-05
0.912663 0.0434379 0.0437993 9.9991E-05
0.808403 0.0841722 0.0597746 0.0476508
0.975091 0.0247092 9.9982E-05 9.9982E-05
0.9997 9.998E-05 9.998E-05 9.998E-05
0.950599 9.9982E-05 0.0492009 9.9982E-05
0.9997 9.998E-05 9.998E-05 9.998E-05
0.9997 9.998E-05 9.998E-05 9.998E-05
0.178535 0.0616241 0.000278368 0.759563
0.125283 0.151217 0.00250406 0.720996
0.146749 0.180811 0.0441664 0.628273
0.157475 0.154152 9.9991E-05 0.688273
0.184015 0.140505 0.0242199 0.65126
0.186381 0.126707 0.0117088 0.675203
0.190579 0.0837573 0.0498838 0.67578
0.1933 0.123649 0.0150752 0.667975
9.9982E-05 9.9982E-05 0.357864 0.641936
9.9982E-05 9.9982E-05 0.370379 0.629421
0.0327832 0.106147 0.418629 0.442441
0.00275517 0.0278778 0.445841 0.523526
0.0249369 9.9991E-05 0.316466 0.658497
0.0104242 0.124125 0.388064 0.477387
9.9991E-05 0.0927413 0.397325 0.509834
0.0232838 0.00939062 0.428625 0.538701
0.0564339 0.0492257 0.406909 0.487431
0.0142703 0.0346584 0.408809 0.542262
9.9982E-05 9.9982E-05 0.361348 0.638452
0.0980004 0.53284 0.114872 0.254287
0.0832214 0.565061 0.109923 0.241795
0.0674876 0.566269 0.163383 0.20286
0.0942611 0.514828 0.136114 0.254797
0.0341956 0.50371 0.0242761 0.437818
0.0123072 0.521389 0.020202 0.446101
0.00397106 0.538563 0.000973503 0.456492
9.9991E-05 0.611091 0.0506656 0.338143
0.051324 0.415183 0.0203946 0.513098
0.0172115 0.485242 0.0659545 0.431592
0.0911034 0.456299 0.111432 0.341166
0.0473508 0.507684 0.0116585 0.433307
0.831462 0.0393779 0.0328792 0.0962805
0.800825 0.11859 0.0311327 0.0494517
0.842298 9.9982E-05 9.9982E-05 0.157502
0.883857 0.039771 0.0503504 0.0260212
0.899851 0.0286784 0.0278705 0.0436004
0.758628 0.143032 0.0662294 0.0321106
0.805955 0.100555 0.08177 0.0117202
0.735058 0.0655739 0.0766805 0.122687
0.778067 0.12563 0.0733133 0.0229889
9.9991E-05 0.12358 0.132959 0.743361
0.00106079 0.0292661 0.199707 0.769966
0.00429613 0.0906872 0.258037 0.64698
9.9991E-05 0.134654 0.23646 0.628785
0.035706 0.196312 0.2887 0.479282
0.0405334 0.242729 0.22477 0.491967
0.00978949 0.234991 0.173285 0.581934
9.9991E-05 0.148874 0.121232 0.729794
9.9991E-05 0.0362464 0.23674 0.726913
9.9991E-05 0.204063 0.0691027 0.726735
9.9991E-05 0.0698685 0.171797 0.758234
0.0061956 0.0851721 0.185552 0.72308
0.165016 0.110347 0.0156006 0.709037
0.162752 0.110304 9.9991E-05 0.726844
0.157748 0.149036 0.0845238 0.608692
0.207216 0.0655625 0.0360975 0.691124
0.129324 0.0212046 9.9991E-05 0.849372
0.190299 0.174691 0.0718616 0.563148
0.178576 0.199649 9.9991E-05 0.621674
0.190426 0.114255 0.0355382 0.659781
0.148827 0.0618525 9.9991E-05 0.78922
0.141823 0.122268 9.9991E-05 0.735809
0.163285 0.132701 9.9991E-05 0.703914
9.9982E-05 9.9982E-05 0.920845 0.0789549
9.9991E-05 0.020221 0.86894 0.110739
0.0531615 0.0112926 0.87402 0.0615256
0.0510025 0.082482 0.804358 0.0621576
0.0792053 0.0944338 0.802753 0.0236081
0.0720159 0.121416 0.806468 9.9991E-05
0.0597234 0.101173 0.828921 0.0101826
0.0160489 0.0222745 0.905567 0.0561096
9.9982E-05 9.9982E-05 0.871686 0.128114
0.0361086 0.096226 0.867565 9.9991E-05
0.0504979 0.0535762 0.835863 0.0600625
0.0607533 0.121078 0.818069 9.9991E-05
0.0121927 0.114094 0.595008 0.278704
0.0245087 0.0543687 0.604063 0.317059
0.00151806 0.0225817 0.619137 0.356763
0.0652372 0.00687868 0.609939 0.317945
0.0603755 0.0739476 0.634242 0.231434
0.0304792 0.121464 0.602907 0.24515
9.9991E-05 0.032478 0.572609 0.394813
0.00469264 0.0506407 0.583144 0.361523
0.0306104 0.00162857 0.614456 0.353305
0.0322566 9.9991E-05 0.610635 0.357009
9.9991E-05 0.00763171 0.597045 0.395223
0.0457095 0.0319335 0.635007 0.28735
9.9982E-05 0.0262457 0.973554 9.9982E-05
9.9982E-05 0.0204258 0.979374 9.9982E-05
9.998E-05 9.998E-05 0.9997 9.998E-05
0.0253145 9.9982E-05 0.974486 9.9982E-05
0.0189447 0.0574028 0.923553 9.9991E-05
0.0390971 0.077047 0.883756 9.9991E-05
0.01304 0.0517115 0.935149 9.9991E-05
0.0351631 0.0183846 0.946352 9.9991E-05
9.998E-05 9.998E-05 0.9997 9.998E-05
0.000823377 0.00573218 0.992502 0.000942781
0.00282136 0.0110978 0.985981 9.9991E-05
0.0176071 0.0718642 0.910429 9.9991E-05
0.204411 0.108799 0.0330151 0.653776
0.206735 0.10534 0.00522171 0.682704
0.150554 0.071749 9.9991E-05 0.777597
0.213025 0.127787 0.0591155 0.600073
0.156919 0.167401 9.9991E-05 0.67558
0.206522 0.169855 0.0641456 0.559477
0.152136 0.171221 9.9991E-05 0.676543
0.148367 0.191439 9.9991E-05 0.660094
0.130876 0.041191 9.9991E-05 0.827833
0.170983 0.15645 0.00805694 0.66451
0.174723 0.0501599 9.9991E-05 0.775017
0.152863 0.0666627 9.9991E-05 0.780374
0.155218 0.0843481 9.9991E-05 0.760334
0.112671 0.0229631 9.9991E-05 0.864266
0.175788 0.245409 0.0380819 0.540721
9.9991E-05 0.00479483 0.517069 0.478036
0.0456127 0.10234 0.633604 0.218443
0.0265922 9.9991E-05 0.537025 0.436282
0.00115932 0.0212557 0.527431 0.450153
0.00642033 0.133068 0.548861 0.31165
0.0385052 9.9991E-05 0.644297 0.317098
9.9991E-05 0.00633094 0.53738 0.456189
0.0108342 0.0229906 0.571062 0.395113
0.110593 0.395339 0.12605 0.368018
0.0347387 0.425904 0.0131339 0.526224
0.00723284 0.465543 9.9991E-05 0.527124
0.0716514 0.269701 0.151881 0.506767
0.0388041 0.347887 0.117671 0.495637
0.0585888 0.435863 0.0498008 0.455748
0.012367 0.428216 9.9991E-05 0.559317
0.0366215 0.463545 0.0396427 0.460191
0.0537052 0.409697 0.080109 0.456489
0.0975048 0.417925 0.0733922 0.411177
0.0692738 0.410895 0.0896058 0.430226
0.0572392 0.472648 0.0566838 0.413429
0.0392915 0.437939 0.0735719 0.449198
0.0847973 0.513898 0.0974466 0.303858
0.0407615 0.539645 0.0727655 0.346828
0.0618807 0.524719 0.0377199 0.375681
0.0329182 0.504782 0.0325003 0.429799
0.0899058 0.463146 0.0382595 0.408689
0.0628441 0.444615 0.0514857 0.441055
0.102271 0.473707 0.040447 0.383574
0.108108 0.515162 0.126388 0.250342
0.0899102 0.430646 0.126689 0.352755
0.0672595 0.564591 0.0587242 0.309425
