0.162801 9.9973E-05 0.760568 0.025999 9.9973E-05 0.0472774 9.9973E-05 0.00138655 0.00166803
0.138459 0.0208236 0.778604 9.9964E-05 9.9964E-05 0.0556491 9.9964E-05 0.00606439 9.9964E-05
0.100062 9.99759E-05 0.81393 0.0311019 9.99759E-05 0.0337069 0.0104046 0.0104937 9.99759E-05
9.9973E-05 0.0236291 0.581753 9.9973E-05 0.0538733 0.21609 0.122089 0.00226599 9.9973E-05
9.9946E-05 0.00972037 0.863773 9.9946E-05 9.9946E-05 9.9946E-05 0.125907 9.9946E-05 9.9946E-05
9.9937E-05 9.9937E-05 0.917615 9.9937E-05 9.9937E-05 9.9937E-05 0.081685 9.9937E-05 9.9937E-05
0.072891 0.0335988 0.345844 9.9982E-05 0.0816981 0.383274 0.0525624 0.0299311 9.9982E-05
0.0982724 0.0075005 0.636111 9.9973E-05 0.0602384 0.176382 0.0211959 9.9973E-05 9.9973E-05
0.11167 9.9964E-05 0.60633 9.9964E-05 0.0446657 0.205815 9.9964E-05 9.9964E-05 0.0311197
9.993E-05 9.993E-05 9.993E-05 9.993E-05 9.993E-05 9.993E-05 9.993E-05 0.999201 9.993E-05
0.645806 0.0259716 0.0214964 0.0285306 9.9973E-05 9.9973E-05 0.1607 0.117195 9.9973E-05
0.604142 0.00677162 9.9982E-05 0.0168052 0.0267276 0.102819 0.153131 0.0894026 9.9982E-05
0.259131 9.9964E-05 9.9964E-05 9.9964E-05 0.052563 0.0611993 9.9964E-05 0.59551 0.0311964
0.13025 0.0122692 9.9964E-05 9.9964E-05 0.0361349 0.116548 9.9964E-05 0.704397 9.9964E-05
9.9937E-05 0.0203159 9.9937E-05 9.9937E-05 9.9937E-05 9.9937E-05 9.9937E-05 0.978985 9.9937E-05
0.536208 0.0221793 0.0284514 0.0538095 0.00179964 0.0280786 9.9991E-05 0.327457 0.00191719
9.993E-05 9.993E-05 9.993E-05 9.993E-05 9.993E-05 9.993E-05 9.993E-05 0.999201 9.993E-05
0.250879 9.9964E-05 9.9964E-05 0.0356386 9.9964E-05 0.0385586 9.9964E-05 0.662389 0.0121352
0.126193 9.9964E-05 9.9964E-05 9.9964E-05 0.0341862 0.0603441 9.9964E-05 0.768695 0.0101817
0.565146 0.0237458 9.9982E-05 0.0290205 0.0339374 0.0837867 0.193246 0.0709179 9.9982E-05
9.993E-05 9.993E-05 9.993E-05 9.993E-05 9.993E-05 9.993E-05 9.993E-05 0.999201 9.993E-05
0.629686 0.00502238 0.0269133 0.152135 0.055247 0.00688958 0.0750216 0.012762 0.0363233
0.6212 0.0296659 0.131263 0.0466953 0.033948 9.9991E-05 0.112901 0.00768756 0.0165391
0.465818 0.0271431 0.0437604 0.0745665 0.0436693 9.9991E-05 0.330847 0.0120413 0.00205473
0.741479 9.9937E-05 9.9937E-05 9.9937E-05 9.9937E-05 9.9937E-05 0.257821 9.9937E-05 9.9937E-05
0.407864 0.0191626 9.9982E-05 0.0875982 0.0560996 0.0644345 0.352425 0.0122157 9.9982E-05
0.530913 0.0114385 9.9982E-05 0.0996581 0.0398082 9.9982E-05 0.273236 0.0132081 0.0315384
0.75513 0.00216247 0.0254533 0.0911312 0.02747 9.9982E-05 0.0654124 9.9982E-05 0.0330408
0.573014 0.00164487 0.0311433 0.0700161 0.0171655 9.9991E-05 0.250664 0.0329506 0.0233021
0.742908 0.00704572 9.9991E-05 0.044328 0.0296166 0.0444476 0.097031 0.00955772 0.0249648
0.745362 0.0153147 0.0481444 0.0429459 0.027137 9.9991E-05 0.100497 0.0178764 0.00262342
0.103194 9.9973E-05 0.0701217 0.033235 0.00326297 0.587278 9.9973E-05 9.9973E-05 0.202609
0.164225 9.9955E-05 0.146284 9.9955E-05 9.9955E-05 0.656094 9.9955E-05 9.9955E-05 0.0328978
0.126021 9.9973E-05 0.109408 0.00896854 9.9973E-05 0.641079 0.0246581 9.9973E-05 0.0895645
9.9955E-05 9.9955E-05 9.9955E-05 9.9955E-05 9.9955E-05 0.925335 0.0521924 0.00285714 0.0191152
0.157878 9.9964E-05 9.9964E-05 0.000445187 0.00482721 0.759724 9.9964E-05 9.9964E-05 0.0767253
9.9973E-05 0.0104404 9.9973E-05 0.0322508 0.000125315 0.828246 0.0405612 9.9973E-05 0.0880768
0.0602533 0.00187635 9.9955E-05 9.9955E-05 0.0147111 0.922659 9.9955E-05 9.9955E-05 9.9955E-05
9.9955E-05 9.9955E-05 9.9955E-05 9.9955E-05 0.00148931 0.943291 0.0389997 0.0157206 9.9955E-05
9.9973E-05 0.00680629 0.0827561 9.9973E-05 9.9973E-05 0.606806 0.179179 0.0235612 0.100591
9.9955E-05 0.000515247 9.9955E-05 0.0467198 9.9955E-05 0.927873 9.9955E-05 9.9955E-05 0.024392
9.9955E-05 0.0273951 9.9955E-05 9.9955E-05 0.923354 9.9955E-05 0.0338614 0.0148899 9.9955E-05
0.00333579 9.9964E-05 9.9964E-05 0.017029 0.936511 0.0316368 0.0110875 9.9964E-05 9.9964E-05
0.0446994 0.0147471 9.9964E-05 9.9964E-05 0.90516 9.9964E-05 9.9964E-05 0.0013052 0.0336884
0.103426 9.9955E-05 0.0177614 9.9955E-05 0.869786 9.9955E-05 9.9955E-05 9.9955E-05 0.00852763
0.0856657 0.0191358 0.00918415 9.9964E-05 0.862692 9.9964E-05 9.9964E-05 9.9964E-05 0.0229222
0.0850692 9.9955E-05 0.014772 9.9955E-05 0.876186 9.9955E-05 9.9955E-05 9.9955E-05 0.0234733
0.114258 0.0141055 9.9991E-05 0.037155 0.763917 0.0523194 0.00138923 0.00381663 0.0129397
9.9946E-05 9.9946E-05 0.0299452 9.9946E-05 0.940511 9.9946E-05 9.9946E-05 0.0289441 9.9946E-05
9.9937E-05 9.9937E-05 9.9937E-05 9.9937E-05 0.97591 9.9937E-05 0.0233905 9.9937E-05 9.9937E-05
0.0557143 9.9946E-05 9.9946E-05 9.9946E-05 0.904673 0.0390125 9.9946E-05 9.9946E-05 9.9946E-05
9.993E-05 9.993E-05 9.993E-05 9.993E-05 0.999201 9.993E-05 9.993E-05 9.993E-05 9.993E-05
9.9937E-05 0.01334 9.9937E-05 9.9937E-05 0.98596 9.9937E-05 9.9937E-05 9.9937E-05 9.9937E-05
9.9937E-05 9.9937E-05 9.9937E-05 0.963478 9.9937E-05 9.9937E-05 9.9937E-05 9.9937E-05 0.0358228
0.104922 0.0108195 0.0387137 0.711617 9.9973E-05 9.9973E-05 0.0925417 9.9973E-05 0.0410863
0.210509 0.0435098 9.9982E-05 0.487559 0.0266932 0.122185 0.0942916 0.0150529 9.9982E-05
0.0535795 0.0322737 0.0340507 0.818822 9.9973E-05 9.9973E-05 9.9973E-05 0.0496751 0.0112988
0.161064 0.0231707 0.0493934 0.591573 0.0550286 9.9982E-05 0.0883194 9.9982E-05 0.0312504
0.018074 0.0286039 0.044252 0.696503 0.055047 9.9991E-05 0.081242 0.0355791 0.0405988
0.0333138 9.9964E-05 9.9964E-05 0.83269 0.00542758 0.123996 9.9964E-05 9.9964E-05 0.00417252
0.122737 9.9964E-05 9.9964E-05 0.77562 0.0218577 0.0523609 9.9964E-05 9.9964E-05 0.0270246
9.9955E-05 9.9955E-05 0.424944 0.0302502 9.9955E-05 0.125385 0.418921 9.9955E-05 9.9955E-05
9.9946E-05 9.9946E-05 0.142314 9.9946E-05 9.9946E-05 0.35085 0.506237 9.9946E-05 9.9946E-05
0.128906 0.00778411 0.174605 9.9973E-05 0.0159343 0.402934 0.269537 9.9973E-05 9.9973E-05
9.9982E-05 0.0254493 0.266346 9.9982E-05 0.0100366 0.339255 0.354403 0.00322318 0.00108681
9.9973E-05 0.00774857 0.0420251 0.00143502 0.0330233 0.331116 0.584353 9.9973E-05 9.9973E-05
0.0632911 0.0380799 0.194108 0.0692635 0.0147815 0.324743 0.220023 0.0447035 0.0310072
0.14486 0.0151659 0.280241 0.00452453 9.9973E-05 0.28789 0.267018 9.9973E-05 9.9973E-05
9.9964E-05 9.9964E-05 0.100549 9.9964E-05 0.0354725 0.42775 0.411326 0.0245027 9.9964E-05
0.135489 9.9973E-05 0.11211 0.00610426 0.0375295 0.466117 0.242351 9.9973E-05 9.9973E-05
0.0895124 0.0280502 0.379346 0.023152 0.0127615 0.241828 0.217127 0.0081221 9.9991E-05
9.9946E-05 9.9946E-05 0.0932194 9.9946E-05 9.9946E-05 0.244029 0.662152 9.9946E-05 9.9946E-05
0.613573 0.00432033 9.9982E-05 0.0259529 0.0503354 0.154722 0.0523267 0.0985701 9.9982E-05
0.762001 0.021272 0.0111659 9.9982E-05 0.0210568 0.103634 9.9982E-05 0.0728056 0.00786514
0.672659 0.00211438 0.114717 9.9982E-05 0.0268244 0.000847314 9.9982E-05 0.0967751 0.0858629
0.674766 0.00285632 9.9973E-05 0.0279457 0.0290536 0.170767 9.9973E-05 0.094312 9.9973E-05
0.475634 0.0228931 9.9973E-05 0.00524082 0.0208133 9.9973E-05 0.349782 0.125337 9.9973E-05
0.64467 0.0194832 0.00965253 0.018662 9.9973E-05 9.9973E-05 0.20909 0.0981426 9.9973E-05
0.524396 0.0357004 0.000949318 0.108726 9.9973E-05 9.9973E-05 0.203599 0.126328 9.9973E-05
0.673916 9.9964E-05 9.9964E-05 0.0218619 9.9964E-05 9.9964E-05 0.133995 0.135646 0.0341805
0.493125 0.00714238 0.0390528 0.155859 9.9973E-05 9.9973E-05 0.228015 0.0765052 9.9973E-05
0.575545 0.0427316 9.9964E-05 9.9964E-05 9.9964E-05 9.9964E-05 0.28361 0.0842459 0.0134674
0.63414 0.0297089 9.9982E-05 0.00920842 0.0549935 0.133945 0.097087 0.0407162 9.9982E-05
0.548125 0.034594 9.9973E-05 0.0393522 0.0187007 9.9973E-05 0.262085 0.0968432 9.9973E-05
0.0664303 0.00251135 9.9973E-05 0.106494 0.770471 0.0446453 0.00914829 9.9973E-05 9.9973E-05
0.178589 9.9973E-05 0.0254874 0.012612 0.757892 9.9973E-05 9.9973E-05 0.00676172 0.0183583
9.9955E-05 0.00144825 9.9955E-05 0.065608 0.794306 9.9955E-05 0.138138 9.9955E-05 9.9955E-05
0.100854 9.9955E-05 9.9955E-05 9.9955E-05 0.83891 0.0524738 9.9955E-05 9.9955E-05 0.0072618
0.105234 9.9955E-05 9.9955E-05 0.00777186 0.842573 0.0439218 9.9955E-05 9.9955E-05 9.9955E-05
0.232703 9.9946E-05 0.0627525 9.9946E-05 0.703945 9.9946E-05 9.9946E-05 9.9946E-05 9.9946E-05
0.163995 9.9964E-05 9.9964E-05 0.0044235 0.750669 0.0790092 9.9964E-05 9.9964E-05 0.00150342
0.153184 9.9964E-05 0.00276697 0.0620847 0.677952 0.103613 9.9964E-05 9.9964E-05 9.9964E-05
0.200585 9.9973E-05 0.0119388 9.9973E-05 0.724059 0.0158816 9.9973E-05 0.013823 0.0334122
9.993E-05 9.993E-05 9.993E-05 9.993E-05 9.993E-05 9.993E-05 0.999201 9.993E-05 9.993E-05
9.9955E-05 9.9955E-05 9.9955E-05 0.0380261 0.02586 0.0899459 0.845668 9.9955E-05 9.9955E-05
0.00761534 9.9982E-05 0.28426 9.9982E-05 0.0259644 0.0239949 0.625558 0.0172512 0.0151555
0.167983 9.9964E-05 0.207598 9.9964E-05 9.9964E-05 0.0667536 0.54591 9.9964E-05 0.0113562
0.255418 9.9973E-05 0.0773194 9.9973E-05 0.0287383 0.241992 0.390794 0.00543779 9.9973E-05
0.409928 9.9973E-05 0.0514797 9.9973E-05 0.0249826 0.163717 0.320502 9.9973E-05 0.0290906
0.126671 9.9973E-05 0.04133 9.9973E-05 0.0101033 9.9973E-05 0.731644 0.03794 0.0520113
0.0121016 9.99369E-05 9.99369E-05 9.99369E-05 9.99369E-05 9.99369E-05 0.987199 9.99369E-05 9.99369E-05
9.9964E-05 9.9964E-05 0.0706123 0.0568478 9.9964E-05 0.160304 0.708632 0.00320412 9.9964E-05
0.11 9.9946E-05 9.9946E-05 9.9946E-05 9.9946E-05 9.9946E-05 0.884137 0.00526314 9.9946E-05
0.119961 9.9955E-05 9.9955E-05 0.0652469 9.9955E-05 0.127464 0.686828 9.9955E-05 9.9955E-05
9.9955E-05 9.9955E-05 9.9955E-05 9.9955E-05 0.021085 0.102085 0.876075 0.000254548 9.9955E-05
0.0865082 0.00985472 9.9964E-05 0.784242 0.00232318 0.116672 9.9964E-05 9.9964E-05 9.9964E-05
0.105505 0.0226506 0.0261999 0.845144 9.9955E-05 9.9955E-05 9.9955E-05 9.9955E-05 9.9955E-05
0.236401 9.9964E-05 9.9964E-05 0.544883 0.0336363 0.1829 0.00178055 9.9964E-05 9.9964E-05
0.097174 9.9955E-05 9.9955E-05 0.71007 0.0490414 0.143215 9.9955E-05 9.9955E-05 9.9955E-05
9.9946E-05 9.9946E-05 9.9946E-05 0.69837 9.9946E-05 9.9946E-05 0.26769 0.0333408 9.9946E-05
0.161965 0.00157162 9.9982E-05 0.60349 0.0579151 0.138435 9.9982E-05 0.0194829 0.0169405
0.28874 9.9955E-05 0.0159628 0.68455 0.0102479 9.9955E-05 9.9955E-05 9.9955E-05 9.9955E-05
0.165705 9.9955E-05 9.9955E-05 0.671033 0.0359812 0.126782 9.9955E-05 9.9955E-05 9.9955E-05
0.098488 0.00936765 0.0581373 0.812768 9.9964E-05 9.9964E-05 0.0208388 9.9964E-05 9.9964E-05
0.129355 0.00605424 9.9955E-05 0.81383 9.9955E-05 0.0502611 9.9955E-05 9.9955E-05 9.9955E-05
0.0148688 0.0407715 9.9982E-05 0.803995 9.9982E-05 0.05229 0.0338986 0.0448446 0.0091313
9.9955E-05 9.9955E-05 0.0561927 9.9955E-05 9.9955E-05 0.0344928 0.179897 9.9955E-05 0.728918
9.9973E-05 0.0141626 0.0478744 9.9973E-05 9.9973E-05 0.171595 0.111723 0.00832474 0.64602
9.9973E-05 9.9973E-05 9.9973E-05 0.015631 0.0318643 0.293903 0.023157 0.0164913 0.618654
0.0765826 0.0437506 0.0770413 9.9973E-05 0.0276746 0.212438 9.9973E-05 9.9973E-05 0.562213
0.127984 9.9964E-05 0.0641241 9.9964E-05 0.0389924 0.195762 9.9964E-05 9.9964E-05 0.572738
0.172687 9.9964E-05 0.0193109 9.9964E-05 0.0307476 0.221177 9.9964E-05 9.9964E-05 0.555678
0.152033 9.9964E-05 0.0254364 9.9964E-05 0.015086 0.222063 9.9964E-05 9.9964E-05 0.584982
9.9964E-05 9.9964E-05 0.114934 0.0524504 9.9964E-05 0.091722 9.9964E-05 0.00728547 0.733209
9.9964E-05 0.0150391 0.0485589 9.9964E-05 9.9964E-05 0.174457 0.135877 9.9964E-05 0.625669
0.0816869 0.0322434 0.0390181 9.9973E-05 0.00575825 0.253595 9.9973E-05 9.9973E-05 0.587398
0.0794875 9.9973E-05 0.0460795 9.9973E-05 0.0267393 0.271808 0.0159732 9.9973E-05 0.559613
0.177277 9.9964E-05 0.0252629 9.9964E-05 0.0212031 0.105542 9.9964E-05 9.9964E-05 0.670316
0.170861 0.0217419 0.12034 9.9973E-05 9.9973E-05 0.609425 9.9973E-05 0.00757378 0.0697582
0.0450506 0.00665644 0.000266401 0.0333621 9.9973E-05 0.87384 9.9973E-05 0.0405247 9.9973E-05
0.00389277 0.0346629 0.155722 9.9982E-05 9.9982E-05 0.665327 0.0830223 0.0157065 0.041467
9.9991E-05 0.0160063 0.018057 0.0476245 0.0326929 0.813048 0.019315 0.0284926 0.0246633
0.0833076 9.9964E-05 9.9964E-05 9.9964E-05 0.0193955 0.867306 9.9964E-05 0.0218745 0.00771659
0.170443 9.9964E-05 0.101817 9.9964E-05 9.9964E-05 0.646236 9.9964E-05 0.0114942 0.0696093
0.0105157 0.0369558 0.134576 9.9982E-05 9.9982E-05 0.68295 0.0871179 0.0298015 0.0178828
0.0866176 0.00316282 0.0978514 9.9991E-05 0.00137865 0.69441 0.0722715 0.0158635 0.0283446
9.9973E-05 0.00479351 9.9973E-05 0.0569933 0.00664777 0.908443 0.0168681 0.00595414 9.9973E-05
0.0607347 0.0231996 9.9973E-05 0.0349536 0.0132068 0.847414 0.020191 9.9973E-05 9.9973E-05
9.9982E-05 0.02887 0.0365186 0.00741851 9.9982E-05 0.710683 0.135408 0.0190523 0.0618497
0.110996 9.9955E-05 9.9955E-05 9.9955E-05 0.013275 0.841669 9.9955E-05 9.9955E-05 0.0335601
9.9964E-05 9.9964E-05 0.0396202 0.00972368 9.9964E-05 9.9964E-05 0.00782202 0.0166861 0.925748
9.9955E-05 9.9955E-05 9.9955E-05 0.0118845 9.9955E-05 9.9955E-05 0.0296475 0.0122904 0.945678
9.9946E-05 0.0180257 9.9946E-05 9.9946E-05 9.9946E-05 9.9946E-05 0.0278788 9.9946E-05 0.953496
0.0411907 9.9955E-05 9.9955E-05 9.9955E-05 0.00578575 0.0692023 9.9955E-05 9.9955E-05 0.883321
0.104499 9.9946E-05 0.00820908 9.9946E-05 9.9946E-05 9.9946E-05 9.9946E-05 9.9946E-05 0.886692
0.141061 0.00741265 9.9964E-05 9.9964E-05 0.0145998 0.0130241 9.9964E-05 9.9964E-05 0.823502
0.0771095 9.9955E-05 0.0104594 9.9955E-05 9.9955E-05 0.0716371 9.9955E-05 9.9955E-05 0.840294
0.0720684 9.9955E-05 9.9955E-05 9.9955E-05 0.0134859 0.0708856 9.9955E-05 9.9955E-05 0.84306
9.9946E-05 0.00367077 9.9946E-05 9.9946E-05 9.9946E-05 9.9946E-05 0.0769904 9.9946E-05 0.918739
9.9937E-05 9.9937E-05 9.9937E-05 9.9937E-05 9.9937E-05 9.9937E-05 0.0971235 9.9937E-05 0.902177
9.9946E-05 9.9946E-05 9.9946E-05 0.034966 9.9946E-05 9.9946E-05 9.9946E-05 0.0124576 0.951977
0.0959954 0.00824672 9.9964E-05 9.9964E-05 0.0100414 9.9964E-05 9.9964E-05 0.00199156 0.883325
0.13088 9.9964E-05 9.9964E-05 0.557811 0.0719587 0.0782633 0.160688 9.9964E-05 9.9964E-05
0.0116083 0.0475362 9.9982E-05 0.645289 0.0765872 0.0713578 0.125931 0.0214907 9.9982E-05
9.9973E-05 0.0302879 0.0405783 0.766645 0.00340234 9.9973E-05 0.1311 0.027686 9.9973E-05
0.152027 0.0298752 0.0275662 0.569775 0.0899442 0.0572376 0.055295 9.9991E-05 0.0181793
0.0796452 0.0365177 0.0499431 0.557455 0.0606951 0.000692783 0.17759 0.0373614 9.9991E-05
0.237074 0.00848372 0.0523327 0.535693 0.0682572 0.07792 9.9982E-05 9.9982E-05 0.0200384
0.165867 0.0291448 9.9964E-05 0.764772 9.9964E-05 9.9964E-05 9.9964E-05 0.00726794 0.0325476
0.114884 0.0322728 0.0530709 0.73711 0.00365978 9.9991E-05 0.00503647 0.0297542 0.0241119
9.9955E-05 0.06523 0.023525 0.721668 9.9955E-05 9.9955E-05 0.189077 9.9955E-05 9.9955E-05
0.166436 0.00612233 0.0465974 0.744013 0.00248325 0.00334493 9.9991E-05 0.00033701 0.0305661
9.9955E-05 9.9955E-05 9.9955E-05 0.815372 0.0108148 0.0619565 0.111357 9.9955E-05 9.9955E-05
9.9973E-05 0.0550679 0.0182462 0.86342 9.9973E-05 9.9973E-05 0.0493388 0.00402587 0.00960107
0.0412619 0.00582234 0.0509402 0.769886 0.017384 9.9973E-05 0.114406 9.9973E-05 9.9973E-05
9.9946E-05 0.0675087 9.9946E-05 0.689834 9.9946E-05 9.9946E-05 0.242057 9.9946E-05 9.9946E-05
0.239229 0.00214789 0.0931608 0.60205 0.0242818 0.0161738 9.9991E-05 0.0205526 0.00230365
9.993E-05 9.993E-05 0.999201 9.993E-05 9.993E-05 9.993E-05 9.993E-05 9.993E-05 9.993E-05
0.129032 9.9964E-05 0.576921 9.9964E-05 0.0203369 0.00831248 9.9964E-05 9.9964E-05 0.264997
9.9946E-05 9.9946E-05 0.990518 9.9946E-05 0.00197147 9.9946E-05 9.9946E-05 9.9946E-05 0.00691109
0.0408198 0.0151685 0.85283 0.0127295 0.0046138 0.0166186 9.9982E-05 9.9982E-05 0.0570199
0.194617 9.9955E-05 0.597531 9.9955E-05 9.9955E-05 0.120996 9.9955E-05 9.9955E-05 0.086356
0.00574043 9.9982E-05 0.549429 0.0304019 0.0309714 0.181865 0.00552611 9.9982E-05 0.195866
9.9973E-05 0.0171145 0.769513 0.0542655 9.9973E-05 9.9973E-05 0.0311912 0.00833973 0.119276
9.9946E-05 0.0264665 0.910405 9.9946E-05 9.9946E-05 9.9946E-05 9.9946E-05 9.9946E-05 0.0625292
0.689234 0.0345363 9.9973E-05 9.9973E-05 0.0538332 0.0952642 0.1034 9.9973E-05 0.0234327
0.630284 0.0521145 9.9964E-05 0.0305614 9.9964E-05 9.9964E-05 0.262221 0.0244186 9.9964E-05
9.993E-05 0.999201 9.993E-05 9.993E-05 9.993E-05 9.993E-05 9.993E-05 9.993E-05 9.993E-05
0.492749 0.0104608 0.118013 0.130171 0.00778585 0.0929398 0.142188 9.9991E-05 0.00559236
0.556756 0.0140276 0.0916034 0.119266 9.9973E-05 9.9973E-05 0.187195 9.9973E-05 0.0308518
0.659138 0.0317782 0.103479 0.114214 9.9973E-05 9.9973E-05 0.0740185 0.0170711 9.9973E-05
9.993E-05 0.999201 9.993E-05 9.993E-05 9.993E-05 9.993E-05 9.993E-05 9.993E-05 9.993E-05
0.0582045 0.898355 9.9973E-05 9.9973E-05 0.00692306 0.0322907 9.9973E-05 0.00159664 0.00233014
0.570913 0.0638043 0.0915836 0.0516534 0.00741926 0.0162241 0.155065 0.0432374 9.9991E-05
0.547641 0.0228416 9.9982E-05 0.0717063 0.0329491 0.113221 0.17206 0.0393816 9.9982E-05
0.504224 0.124183 0.0521382 0.0628883 0.0392091 0.0480625 0.129709 0.0332554 0.00632964
0.730019 0.0488575 0.0956837 0.041518 0.00205592 9.9982E-05 0.0616083 0.0200576 9.9982E-05
0.580079 0.0507646 0.0689277 0.0525563 9.9982E-05 9.9982E-05 0.208187 0.0308696 0.00841602
0.888468 0.0279546 0.0331994 9.9973E-05 0.000679019 0.0338832 9.9973E-05 9.9973E-05 0.0155154
0.837467 0.0216261 0.0323257 0.00530137 9.9991E-05 0.0132317 0.0340617 0.0407842 0.0151019
0.829211 0.0371423 0.0673513 9.9973E-05 0.0115817 9.9973E-05 0.0501674 0.00424612 9.9973E-05
0.747758 0.0163981 9.9964E-05 0.05518 9.9964E-05 9.9964E-05 0.135228 0.0450364 9.9964E-05
0.676317 0.0469327 0.0801695 0.0954546 0.0235187 9.9982E-05 0.051125 0.0262828 9.9982E-05
0.652378 0.0608179 0.0245541 9.9982E-05 0.0254847 0.0168514 0.194065 0.0256493 9.9982E-05
0.709339 0.0220805 9.9982E-05 0.0268511 0.0442143 0.0488964 0.117659 0.0307596 9.9982E-05
0.781852 9.9982E-05 0.0744455 0.0136449 0.0328925 0.0514214 9.9982E-05 0.0229894 0.0225547
0.664248 0.0385219 9.9973E-05 9.9973E-05 0.0319907 0.164057 0.083095 0.0177874 9.9973E-05
0.913013 0.0379261 0.0213598 9.9964E-05 9.9964E-05 0.004534 0.0227671 9.9964E-05 9.9964E-05
