0.0270045 0.545591 0.0419581 0.0259917 0.272938 0.00107583 0.0854413
0.00172542 0.615233 9.9991E-05 0.00373089 0.305024 0.0197114 0.0544748
0.0516198 0.62134 9.9991E-05 0.027584 0.241462 0.00817686 0.0497173
9.999E-05 0.669026 0.128756 0.0620949 0.0618992 0.0349767 0.0431476
0.0910437 0.79377 9.9973E-05 9.9973E-05 0.0929885 0.0218982 9.9973E-05
0.12123 0.797829 9.9982E-05 0.0273666 0.0377762 0.0155987 9.9982E-05
9.9991E-05 0.458039 0.320669 0.0566812 0.044673 0.0265554 0.0932827
9.9982E-05 0.562893 0.182323 0.048591 0.132757 9.9982E-05 0.0732362
9.9982E-05 0.532672 0.192484 0.044008 0.123528 9.9982E-05 0.107108
9.995E-05 9.995E-05 9.995E-05 9.995E-05 9.995E-05 0.9994 9.995E-05
0.0941332 0.0124038 0.196014 9.9982E-05 0.522179 0.175071 9.9982E-05
9.9964E-05 9.9964E-05 0.565238 9.9964E-05 0.280164 0.154198 9.9964E-05
9.9982E-05 9.9982E-05 0.318926 0.0253374 0.0373675 0.588887 0.0292825
9.9982E-05 9.9982E-05 0.126025 0.0463778 0.0871477 0.702 0.0382493
9.9955E-05 9.9955E-05 9.9955E-05 0.00264811 9.9955E-05 0.996852 9.9955E-05
9.9964E-05 9.9964E-05 0.287197 9.9964E-05 0.330368 0.382035 9.9964E-05
9.995E-05 9.995E-05 9.995E-05 9.995E-05 9.995E-05 0.9994 9.995E-05
9.9982E-05 9.9982E-05 0.106772 0.00707595 0.189886 0.675512 0.0205537
9.9982E-05 9.9982E-05 0.0611671 0.0403752 0.0953154 0.762875 0.0400675
9.9982E-05 0.0368839 0.426627 0.012942 0.378079 0.145268 9.9982E-05
9.995E-05 9.995E-05 9.995E-05 9.995E-05 9.995E-05 0.9994 9.995E-05
0.150861 9.9991E-05 0.156533 0.057705 0.574691 0.0166233 0.0434864
0.134033 0.0734186 9.9991E-05 0.0267129 0.73029 0.015582 0.0198636
0.264111 0.0969599 9.9991E-05 0.0267465 0.523278 0.0691067 0.0196988
0.149096 9.9955E-05 9.9955E-05 9.9955E-05 0.850404 9.9955E-05 9.9955E-05
0.218902 0.103569 0.290636 0.0120457 0.305598 0.0691492 9.9991E-05
0.244004 0.0230828 0.0709768 0.03436 0.552081 0.051607 0.0238883
0.102657 9.9982E-05 0.104592 0.0269758 0.735828 9.9982E-05 0.0297472
0.192663 0.0411988 9.9991E-05 0.0124936 0.652151 0.0648538 0.0365397
0.110585 9.9991E-05 0.0262117 0.0164905 0.787593 0.0223494 0.0366705
0.130724 9.9982E-05 9.9982E-05 0.0454186 0.787731 0.0234161 0.0125101
9.9982E-05 0.344269 0.140396 0.028478 0.103055 9.9982E-05 0.383602
9.9973E-05 0.406545 0.17594 9.9973E-05 0.171219 9.9973E-05 0.245996
9.9982E-05 0.390058 0.190962 0.0157346 0.121438 9.9982E-05 0.281608
9.9964E-05 0.465064 0.246137 9.9964E-05 9.9964E-05 9.9964E-05 0.288399
9.9973E-05 0.326078 0.373759 9.9973E-05 0.0102785 9.9973E-05 0.289585
9.9964E-05 0.35098 0.335814 9.9964E-05 9.9964E-05 9.9964E-05 0.312806
9.9964E-05 0.39744 0.39669 9.9964E-05 9.9964E-05 9.9964E-05 0.20547
9.9964E-05 0.46078 0.30245 9.9964E-05 9.9964E-05 9.9964E-05 0.23637
0.109842 0.569314 9.9973E-05 9.9973E-05 9.9973E-05 0.0474765 0.273067
9.9964E-05 0.436775 0.295965 9.9964E-05 9.9964E-05 9.9964E-05 0.26686
0.0263541 9.9973E-05 9.9973E-05 0.906662 0.0456039 0.0210806 9.9973E-05
0.00245394 9.9964E-05 0.0740633 0.923083 9.9964E-05 9.9964E-05 9.9964E-05
9.9964E-05 9.9964E-05 9.9964E-05 0.893573 0.0819475 9.9964E-05 0.0240796
9.9964E-05 9.9964E-05 9.9964E-05 0.86804 0.120858 9.9964E-05 0.0107019
9.9964E-05 9.9964E-05 9.9964E-05 0.855998 0.127461 9.9964E-05 0.0161406
9.9964E-05 9.9964E-05 9.9964E-05 0.881194 0.0972732 9.9964E-05 0.0211328
9.9982E-05 9.9982E-05 0.16268 0.740719 0.062064 0.0133925 0.0209443
0.0330389 9.9973E-05 9.9973E-05 0.938558 0.0112865 0.0168166 9.9973E-05
9.995E-05 9.995E-05 9.995E-05 0.9994 9.995E-05 9.995E-05 9.995E-05
9.9973E-05 9.9973E-05 0.104494 0.883896 0.00612817 9.9973E-05 0.00518207
9.995E-05 9.995E-05 9.995E-05 0.9994 9.995E-05 9.995E-05 9.995E-05
9.995E-05 9.995E-05 9.995E-05 0.9994 9.995E-05 9.995E-05 9.995E-05
0.120966 9.9955E-05 0.878534 9.9955E-05 9.9955E-05 9.9955E-05 9.9955E-05
0.667972 9.9991E-05 0.0917232 0.0190088 0.136564 0.0243842 0.0602476
0.456069 0.0489868 0.203898 0.0371959 0.187714 0.0239262 0.0422095
0.436027 9.9973E-05 0.531422 0.0137941 9.9973E-05 0.0184568 9.9973E-05
0.529829 9.9982E-05 0.233358 0.0668064 0.126325 9.9982E-05 0.0434828
0.589967 9.9991E-05 0.244976 0.0691066 0.00177628 0.043944 0.05013
9.995E-05 9.995E-05 0.9994 9.995E-05 9.995E-05 9.995E-05 9.995E-05
0.283365 9.9964E-05 0.714883 0.00135238 9.9964E-05 9.9964E-05 9.9964E-05
0.262821 0.665554 9.9982E-05 9.9982E-05 0.00242727 0.0540997 0.014898
0.132149 0.747067 0.0873304 0.000788012 9.9982E-05 0.0324665 9.9982E-05
9.9991E-05 0.570037 0.206801 0.0246179 0.138363 0.0225358 0.0375462
0.114767 0.677567 9.9991E-05 0.0294624 0.0804276 0.0374978 0.0601781
0.0791036 0.574059 0.326953 0.00216501 9.9982E-05 0.0175198 9.9982E-05
0.0573666 0.452993 0.294045 0.00308837 0.0349929 0.0839655 0.0735489
0.104712 0.558719 0.0251755 9.9991E-05 0.24486 0.0161376 0.0502964
0.0724923 0.604796 0.190163 0.0322303 9.9991E-05 0.0566664 0.0435517
9.9991E-05 0.475996 0.495166 0.00724816 0.000155728 0.00226416 0.0190697
0.0965206 0.579141 0.0645177 0.031013 0.150376 0.0183374 0.060094
0.161444 0.812185 9.9964E-05 9.9964E-05 9.9964E-05 0.0259711 9.9964E-05
9.9982E-05 9.9982E-05 0.480355 0.0224118 0.336322 0.131187 0.0295254
9.9982E-05 9.9982E-05 0.342474 0.000691366 0.530217 0.0897614 0.0366569
9.9991E-05 0.00232778 0.148188 0.0320614 0.588952 0.136794 0.0915779
9.9973E-05 9.9973E-05 0.539553 9.9973E-05 0.338803 0.101334 0.0200106
0.1579 0.0718386 0.22279 9.9982E-05 0.297607 0.249665 9.9982E-05
0.143243 0.0472394 0.113058 9.9982E-05 0.527802 0.168457 9.9982E-05
0.235037 0.0356102 0.0909129 9.9982E-05 0.426057 0.212183 9.9982E-05
0.068536 9.9982E-05 0.231292 9.9982E-05 0.498387 0.185778 0.0158061
0.264366 0.083421 0.0626678 0.00392646 0.430868 0.154651 9.9991E-05
0.165901 0.0778298 0.0473798 9.9991E-05 0.565144 0.142321 0.00132447
9.9964E-05 9.9964E-05 0.578798 9.9964E-05 0.346448 0.0743546 9.9964E-05
0.173693 0.0170968 0.255487 0.00015283 0.368371 0.185099 9.9991E-05
9.9955E-05 9.9955E-05 0.255846 0.743654 9.9955E-05 9.9955E-05 9.9955E-05
0.0239134 9.9991E-05 0.112213 0.741253 0.110076 0.00604441 0.00640053
0.130967 0.0228056 0.049652 0.787004 9.9982E-05 0.00937147 9.9982E-05
9.9955E-05 9.9955E-05 0.206535 0.792965 9.9955E-05 9.9955E-05 9.9955E-05
9.9955E-05 9.9955E-05 0.223049 0.776452 9.9955E-05 9.9955E-05 9.9955E-05
9.9973E-05 9.9973E-05 0.0105681 0.703241 0.261383 9.9973E-05 0.0245083
9.9955E-05 9.9955E-05 0.308145 0.691355 9.9955E-05 9.9955E-05 9.9955E-05
9.9964E-05 9.9964E-05 0.367458 0.631869 0.000273086 9.9964E-05 9.9964E-05
9.9973E-05 9.9973E-05 0.223584 0.690455 0.0592642 9.9973E-05 0.0263962
0.398417 0.374014 9.9973E-05 9.9973E-05 0.0991743 0.128094 9.9973E-05
0.304016 0.462627 0.130457 9.9973E-05 9.9973E-05 0.1026 9.9973E-05
0.212443 0.578835 9.9982E-05 0.0192205 0.089071 0.10023 9.9982E-05
0.210684 0.47357 9.9973E-05 9.9973E-05 0.235754 0.0796922 9.9973E-05
9.9973E-05 0.368086 0.415559 9.9973E-05 0.14719 0.0688651 9.9973E-05
0.0447461 0.246314 0.334488 9.9991E-05 0.301903 0.0435927 0.0288568
0.196617 0.352595 0.0467825 0.0105206 0.236746 0.156639 9.9991E-05
0.388032 0.377485 9.9973E-05 9.9973E-05 0.100627 0.133556 9.9973E-05
0.234766 0.501228 0.157703 9.9973E-05 9.9973E-05 0.106003 9.9973E-05
0.350168 0.336547 9.9973E-05 9.9973E-05 0.177239 0.135747 9.9973E-05
0.207759 0.352547 0.369486 9.9982E-05 0.0212259 0.0487832 9.9982E-05
0.296431 0.464263 0.102014 9.9982E-05 0.000221563 0.13687 9.9982E-05
0.534811 9.9964E-05 0.45701 0.00777899 9.9964E-05 9.9964E-05 9.9964E-05
0.779823 9.9982E-05 0.0322299 0.0293712 0.130209 9.9982E-05 0.0281665
0.348171 0.0289601 0.508619 0.0451047 0.0494158 9.9991E-05 0.0196298
0.432259 9.9964E-05 0.529303 0.0380381 9.9964E-05 9.9964E-05 9.9964E-05
0.835195 0.0543511 0.0299541 0.0161029 9.9982E-05 0.0641965 9.9982E-05
0.353564 9.9982E-05 0.564106 0.0565679 9.9982E-05 0.0103431 0.0152189
0.541074 9.9982E-05 0.189691 0.0582501 0.192866 9.9982E-05 0.0179197
0.391208 9.9964E-05 0.568026 0.0403661 9.9964E-05 9.9964E-05 9.9964E-05
0.800537 0.0192284 0.0348865 0.042376 0.0880378 9.9991E-05 0.0148341
0.664415 9.9982E-05 0.225222 0.00957451 0.0732975 9.9982E-05 0.0272907
0.706409 9.9982E-05 0.199649 0.0342292 9.9982E-05 0.027362 0.0321515
0.0477159 0.232806 9.9973E-05 9.9973E-05 9.9973E-05 0.00721689 0.711961
0.10319 0.171303 9.9973E-05 9.9973E-05 9.9973E-05 0.0315782 0.693629
9.9973E-05 0.0809297 0.215811 0.00520423 9.9973E-05 9.9973E-05 0.697755
9.9982E-05 0.131455 0.0453627 0.0374357 0.145996 9.9982E-05 0.63955
9.9982E-05 0.0623573 0.175561 0.031581 0.0840557 9.9982E-05 0.646245
9.9982E-05 0.0345992 0.121448 0.0358317 0.163198 9.9982E-05 0.644724
9.9982E-05 0.0511101 0.171027 0.00966871 0.0927368 9.9982E-05 0.675257
0.0818436 0.103634 9.9982E-05 0.000830716 0.0282198 9.9982E-05 0.785272
0.0918153 0.225727 0.0152259 9.9973E-05 9.9973E-05 9.9973E-05 0.666931
9.9982E-05 0.108323 0.0463817 0.0242934 0.137214 9.9982E-05 0.683588
9.9982E-05 0.16948 0.156054 0.0283819 0.0193006 9.9982E-05 0.626583
9.9973E-05 9.9973E-05 0.10011 0.0288288 0.13417 9.9973E-05 0.736591
9.9982E-05 0.378469 0.0940307 0.0109697 0.232373 9.9982E-05 0.283957
9.99639E-05 0.385367 0.440407 9.99639E-05 9.99639E-05 9.99639E-05 0.173826
0.0246033 0.556024 9.9991E-05 0.0300949 0.147018 0.0121608 0.229999
9.9973E-05 0.415481 0.33102 0.0217656 9.9973E-05 9.9973E-05 0.231434
9.99639E-05 0.328119 0.450277 9.99639E-05 9.99639E-05 9.99639E-05 0.221204
9.9991E-05 0.402585 0.12556 0.0280873 0.165111 0.0146344 0.263922
9.9973E-05 0.475312 0.317026 9.9973E-05 9.9973E-05 0.0158112 0.191551
9.9991E-05 0.484886 0.22524 0.00388787 0.0683202 0.0099441 0.207622
9.9964E-05 0.387557 0.410501 9.9964E-05 9.9964E-05 9.9964E-05 0.201543
9.9964E-05 0.399092 0.373061 9.9964E-05 9.9964E-05 9.9964E-05 0.227447
0.0769928 0.49193 0.132994 0.000319765 9.9991E-05 0.0407742 0.256889
9.9964E-05 0.301226 0.449336 9.9964E-05 9.9964E-05 9.9964E-05 0.249038
0.068213 9.9973E-05 9.9973E-05 9.9973E-05 0.00851544 0.00640462 0.916567
0.0760796 9.9955E-05 9.9955E-05 9.9955E-05 9.9955E-05 9.9955E-05 0.923421
0.0402918 9.9955E-05 9.9955E-05 9.9955E-05 9.9955E-05 9.9955E-05 0.959208
9.9964E-05 9.9964E-05 0.0907885 0.00765999 9.9964E-05 9.9964E-05 0.901152
9.9964E-05 9.9964E-05 9.9964E-05 0.00905877 0.111289 9.9964E-05 0.879252
9.9964E-05 9.9964E-05 9.9964E-05 0.0286166 0.147185 9.9964E-05 0.823798
9.9973E-05 9.9973E-05 0.101171 9.9973E-05 0.0389 0.000733366 0.858896
9.9955E-05 9.9955E-05 0.156891 9.9955E-05 9.9955E-05 9.9955E-05 0.842609
0.0786977 9.9955E-05 9.9955E-05 9.9955E-05 9.9955E-05 9.9955E-05 0.920803
0.0523476 9.9973E-05 0.0307771 9.9973E-05 9.9973E-05 0.00780241 0.908773
0.0664828 9.9955E-05 9.9955E-05 9.9955E-05 9.9955E-05 9.9955E-05 0.933017
9.9964E-05 9.9964E-05 9.9964E-05 0.0156512 0.110913 9.9964E-05 0.873036
0.467352 0.0484319 0.37074 0.0852962 0.00554248 0.0194878 0.003149
0.565756 0.0471485 0.243856 0.0999829 9.9991E-05 0.0252346 0.0179217
0.835819 0.0470531 9.9991E-05 0.0433617 0.00597995 0.0392 0.0284861
0.512552 0.027523 0.209087 0.106779 0.0919114 0.00200612 0.0501413
0.532383 0.0809513 0.201349 0.061828 0.0683933 0.0549949 9.9991E-05
0.358783 9.9982E-05 0.363913 0.0802443 0.144966 9.9982E-05 0.0518939
0.724537 9.9991E-05 0.00117397 0.0213838 0.200003 0.00303304 0.0497693
0.664053 9.9991E-05 0.0953108 0.0412079 0.120073 0.0217982 0.0574574
0.841507 0.102259 9.9982E-05 0.0292524 0.0171669 0.00961479 9.9982E-05
0.596155 9.9982E-05 0.250196 0.0372708 0.0704945 9.9982E-05 0.0456838
0.591468 9.9973E-05 0.373851 0.0339439 9.9973E-05 9.9973E-05 0.000437025
0.870982 9.9973E-05 0.0451179 0.0350983 9.9973E-05 9.9973E-05 0.0485021
0.781204 0.0416474 9.9982E-05 0.0626167 0.0827896 9.9982E-05 0.031542
0.903673 0.0730117 9.9964E-05 9.9964E-05 9.9964E-05 0.0229154 9.9964E-05
0.489505 9.9991E-05 0.121918 0.0716489 0.259547 0.0127713 0.0445091
0.0330374 0.660815 9.9982E-05 0.0169397 0.185509 9.9982E-05 0.103498
9.9982E-05 0.325391 0.035652 0.0423636 0.247818 9.9982E-05 0.348575
0.00743047 0.661385 9.9982E-05 0.0498557 0.175025 9.9982E-05 0.106104
0.0495727 0.603521 9.9982E-05 0.0186426 0.191414 9.9982E-05 0.13665
9.9973E-05 0.405713 0.0934603 9.9973E-05 0.311058 9.9973E-05 0.189469
9.9982E-05 0.474145 0.129393 0.045037 0.0716191 9.9982E-05 0.279606
0.139049 0.574682 9.9982E-05 9.9982E-05 0.0877631 0.0137134 0.184593
9.9982E-05 0.644965 9.9982E-05 0.0523715 0.146692 0.0134461 0.142325
9.9973E-05 9.9973E-05 0.622908 0.0013562 0.350054 0.0253822 9.9973E-05
0.103701 9.9973E-05 0.45466 9.9973E-05 0.348804 0.0925353 9.9973E-05
0.331447 0.0379295 9.9973E-05 9.9973E-05 0.508287 0.122037 9.9973E-05
0.178547 0.164304 0.0289043 0.0217123 0.564431 9.9991E-05 0.0420008
0.186192 0.0554283 0.183332 9.9991E-05 0.470179 0.0693369 0.0354317
0.0872893 0.0272177 0.308008 9.9982E-05 0.510753 0.0665318 9.9982E-05
0.359277 0.0688915 9.9973E-05 9.9973E-05 0.449097 0.122434 9.9973E-05
0.229835 0.0837741 0.0682911 9.9982E-05 0.476999 0.140901 9.9982E-05
0.0996003 0.0777193 0.211683 0.000132512 0.541049 0.0697163 9.9991E-05
9.9973E-05 0.00284093 0.643248 9.9973E-05 0.268223 0.0853882 9.9973E-05
0.160869 0.0740312 0.149987 0.0208511 0.504084 0.0890068 0.00117077
0.121991 0.0139733 0.0406158 0.0124067 0.727569 0.057356 0.0260885
0.182119 0.0910145 9.9982E-05 9.9982E-05 0.625047 0.0858138 0.0158062
9.9964E-05 9.9964E-05 9.9964E-05 0.0226059 0.953943 9.9964E-05 0.0230512
0.0332115 9.9973E-05 0.185662 9.9973E-05 0.723471 0.0573547 9.9973E-05
9.9973E-05 0.0106989 9.9973E-05 0.019056 0.945811 0.0241338 9.9973E-05
0.0938903 9.9973E-05 0.152467 9.9973E-05 0.662822 0.0905206 9.9973E-05
0.135374 0.00592211 0.125472 0.0333873 0.645853 0.053601 0.00039025
0.129996 0.0428289 0.112284 0.00993307 0.618567 0.086291 9.9991E-05
9.9964E-05 9.9964E-05 0.540025 9.9964E-05 0.389473 0.070102 9.9964E-05
9.9982E-05 9.9982E-05 0.209212 0.0369012 0.660637 0.0495595 0.0434908
9.9973E-05 9.9973E-05 0.572782 9.9973E-05 0.346408 0.0776629 0.00284704
9.9955E-05 9.9955E-05 9.9955E-05 0.00138407 0.998116 9.9955E-05 9.9955E-05
