0.448748 0.0185116 0.441221 0.0915201
0.452029 9.9991E-05 0.418175 0.129696
0.450764 0.0130032 0.465779 0.0704544
0.475068 0.0470033 0.456875 0.0210533
0.439531 9.9991E-05 0.545249 0.0151195
0.435552 9.9982E-05 0.564248 9.9982E-05
0.465352 0.0926675 0.348852 0.0931288
0.486991 0.0605351 0.38626 0.0662141
0.525758 0.0568248 0.417318 9.9991E-05
9.998E-05 9.998E-05 9.998E-05 0.9997
0.0261419 0.0218015 0.399546 0.552511
0.0843689 0.0712577 0.353785 0.490589
0.0692082 0.085148 9.9997E-05 0.845544
0.0483943 0.049794 9.9991E-05 0.901712
9.998E-05 9.998E-05 9.998E-05 0.9997
0.0250328 0.0502102 0.192661 0.732096
9.998E-05 9.998E-05 9.998E-05 0.9997
0.0172266 0.0314893 0.024788 0.926496
0.0362782 0.0324603 9.9991E-05 0.931162
0.079803 0.0708884 0.397687 0.451621
9.998E-05 9.998E-05 9.998E-05 0.9997
0.0834024 0.130178 0.422691 0.363729
0.0993403 0.0743195 0.443882 0.382458
0.0717042 0.0727422 0.515526 0.340027
0.0174606 0.0422586 0.488913 0.451368
0.0790999 0.0752166 0.584649 0.261034
0.0538528 0.0858487 0.505329 0.354969
0.0865111 0.0985018 0.404898 0.41009
0.0688016 0.0717965 0.468411 0.390991
0.0800748 0.0804474 0.396966 0.442511
0.0570485 0.094972 0.403636 0.444343
0.699675 0.0352881 0.2171 0.0479365
0.601379 9.9991E-05 0.323354 0.0751669
0.620911 0.0265153 0.300363 0.0522106
0.708316 9.9982E-05 0.291484 9.9982E-05
0.642221 0.0298261 0.246039 0.0819132
0.681174 0.0214762 0.297249 9.9991E-05
0.664134 0.0338252 0.299599 0.00244124
0.687499 0.0160855 0.296316 9.9991E-05
0.652508 9.9982E-05 0.347292 9.9982E-05
0.690282 0.00361608 0.306002 9.9991E-05
9.9982E-05 0.949647 9.9982E-05 0.0501532
0.0071024 0.989948 0.00284946 9.9991E-05
0.0277278 0.93577 9.9991E-05 0.0364021
0.0110692 0.920356 9.9991E-05 0.0684743
0.0357625 0.909716 9.9991E-05 0.0544217
0.0352747 0.919966 9.9991E-05 0.0446589
0.0515921 0.811428 0.0590523 0.0779273
9.9982E-05 0.974239 9.9982E-05 0.0255611
9.998E-05 0.9997 9.998E-05 9.998E-05
0.0459065 0.953894 9.9982E-05 9.9982E-05
9.998E-05 0.9997 9.998E-05 9.998E-05
9.998E-05 0.9997 9.998E-05 9.998E-05
0.0190082 0.166438 0.775267 0.039287
0.00192805 0.126275 0.747126 0.124671
0.0601761 0.130014 0.649227 0.160584
9.9991E-05 0.157144 0.701997 0.14076
0.036256 0.18202 0.661638 0.120086
0.0195599 0.183595 0.692059 0.104787
0.0404166 0.192445 0.719412 0.0477264
0.015365 0.17944 0.695439 0.109756
0.389449 9.9982E-05 0.610351 9.9982E-05
0.386536 9.9982E-05 0.613264 9.9982E-05
0.436548 0.0241921 0.423525 0.115735
0.455418 0.0130946 0.500759 0.0307283
0.328729 0.0174916 0.653679 9.9991E-05
0.400502 0.0234186 0.464994 0.111085
0.409407 9.9991E-05 0.497574 0.0929194
0.437513 0.0214233 0.53183 0.00923432
0.407106 0.0543933 0.4919 0.0466012
0.423902 0.00696471 0.522817 0.0463159
0.378621 9.9982E-05 0.621179 9.9982E-05
0.112951 0.105621 0.259746 0.521682
0.117497 0.0819649 0.253536 0.547001
0.178134 0.0880954 0.187907 0.545864
0.133132 0.0900163 0.264617 0.512235
0.0232852 0.0324321 0.45794 0.486343
0.0220595 0.00935652 0.462009 0.506575
9.9991E-05 0.00555928 0.478988 0.515353
0.0543041 9.9991E-05 0.359274 0.586322
0.0287552 0.047234 0.524368 0.399643
0.0621101 0.0175014 0.454296 0.466092
0.107131 0.101969 0.357923 0.432977
0.0171533 0.0569192 0.438233 0.487695
0.0197395 0.832737 0.104764 0.0427599
0.034795 0.803609 0.0702214 0.0913742
9.9982E-05 0.832244 0.167556 9.9982E-05
0.0427655 0.878235 0.0350675 0.0439318
0.0381915 0.891284 0.0464773 0.0240472
0.0652977 0.779244 0.0157901 0.139668
0.0747745 0.806889 0.0309024 0.0874345
0.0811628 0.744612 0.109389 0.064836
0.085495 0.777646 0.0222913 0.114567
0.144936 9.9991E-05 0.734646 0.120318
0.21633 0.0112394 0.74723 0.0252004
0.28462 0.00385571 0.624753 0.0867709
0.252173 9.9991E-05 0.613481 0.134247
0.288661 0.0298302 0.490814 0.190695
0.239035 0.0410848 0.47878 0.2411
0.184753 0.00791624 0.575782 0.231548
0.128725 9.9991E-05 0.722769 0.148406
0.252744 9.9991E-05 0.710568 0.0365881
0.0807997 9.9991E-05 0.725441 0.193659
0.191846 9.9991E-05 0.73613 0.0719242
0.192343 0.00207465 0.717795 0.0877867
0.0182985 0.174222 0.716777 0.0907028
9.9991E-05 0.156018 0.743057 0.100825
0.091488 0.1611 0.624615 0.122797
0.0334353 0.199856 0.723463 0.0432455
9.9982E-05 0.123607 0.876193 9.9982E-05
0.0802567 0.18583 0.588054 0.145859
9.9991E-05 0.178837 0.665028 0.156036
0.0323314 0.182694 0.691139 0.0938354
9.9991E-05 0.1448 0.800942 0.0541587
9.9991E-05 0.145511 0.763707 0.0906819
9.9991E-05 0.15488 0.72157 0.123449
0.923148 9.9982E-05 0.0766519 9.9982E-05
0.878693 9.9991E-05 0.106852 0.0143555
0.873159 0.052731 0.0572342 0.0168759
0.806669 0.0476867 0.0478159 0.0978284
0.807936 0.0768703 0.0265868 0.0886067
0.784976 0.0859127 9.9991E-05 0.129012
0.828839 0.0503466 0.00906374 0.111751
0.927424 0.00869999 0.0310827 0.0327937
0.872214 9.9982E-05 0.127586 9.9982E-05
0.858117 0.0367394 0.017426 0.0877174
0.847286 0.0553746 0.0574221 0.0399172
0.827749 0.054931 9.9991E-05 0.11722
0.609096 0.0185705 0.263074 0.109259
0.617946 0.0266328 0.307589 0.0478321
0.622083 9.9991E-05 0.345955 0.0318618
0.618278 0.0629943 0.301748 0.0169805
0.638269 0.0553047 0.22782 0.078606
0.613085 0.0376251 0.218405 0.130884
0.58933 9.9991E-05 0.389206 0.0213647
0.596881 0.0112912 0.335502 0.0563255
0.632077 0.0359215 0.32591 0.00609191
0.622805 0.034391 0.342704 9.9991E-05
0.617778 9.9991E-05 0.368653 0.0134693
0.652238 0.055745 0.248162 0.0438553
0.976122 9.9982E-05 9.9982E-05 0.023678
0.989279 9.9982E-05 9.9982E-05 0.0105209
0.9997 9.998E-05 9.998E-05 9.998E-05
0.969945 0.0298546 9.9982E-05 9.9982E-05
0.931441 0.0166545 9.9991E-05 0.0518046
0.879075 0.0449371 9.9991E-05 0.0758883
0.950385 0.000621027 9.9991E-05 0.0488941
0.951275 0.0351495 9.9991E-05 0.0134754
0.9997 9.998E-05 9.998E-05 9.998E-05
0.985925 9.9982E-05 9.9982E-05 0.0138749
0.98516 9.9982E-05 9.9982E-05 0.0146401
0.90079 0.0288629 9.9991E-05 0.070247
0.0382465 0.193734 0.676124 0.0918963
0.0142327 0.207468 0.685804 0.0924953
9.9991E-05 0.148771 0.803629 0.0475001
0.0573607 0.211758 0.620766 0.110115
0.0051203 0.160224 0.688451 0.146205
0.0778904 0.201003 0.572737 0.148369
9.9991E-05 0.146678 0.690087 0.163135
0.0110574 0.146077 0.706328 0.136537
9.9991E-05 0.127593 0.844091 0.0282159
0.0151282 0.169368 0.685425 0.130079
9.9991E-05 0.172229 0.766272 0.0613982
9.9991E-05 0.142851 0.828969 0.0280796
9.9991E-05 0.150937 0.789582 0.0593808
9.9982E-05 0.105569 0.894231 9.9982E-05
0.0322512 0.174434 0.574735 0.21858
0.534957 0.00638893 0.458554 9.9991E-05
0.637461 0.0466476 0.205855 0.110037
0.542086 0.0366063 0.421207 9.9991E-05
0.55252 0.00255972 0.428796 0.0161246
0.543373 0.0129266 0.318951 0.12475
0.637731 0.0390837 0.314072 0.00911357
0.542409 9.9982E-05 0.457391 9.9982E-05
0.58521 0.0139139 0.376859 0.0240174
0.126288 0.100703 0.378699 0.39431
0.00630661 0.0222751 0.538351 0.433067
9.9991E-05 0.00852655 0.551837 0.439536
0.163285 0.079446 0.50992 0.247349
0.108118 0.0536085 0.489251 0.349023
0.0509947 0.0656905 0.462798 0.420517
9.9991E-05 0.00592896 0.581708 0.412263
0.0533739 0.0279299 0.476097 0.442599
0.0825136 0.0545362 0.448808 0.414142
0.0959784 0.0823158 0.427306 0.3944
0.0905187 0.070298 0.437801 0.401382
0.0651669 0.0633399 0.406347 0.465147
0.0771964 0.0319213 0.46533 0.425552
0.0917807 0.0832737 0.285658 0.539288
0.0626529 0.051239 0.371648 0.51446
0.0423306 0.0813822 0.354782 0.521505
0.022976 0.0386439 0.426166 0.512214
0.0457403 0.0873511 0.421388 0.445521
0.0647816 0.0717477 0.429025 0.434446
0.0552386 0.0963536 0.387319 0.461088
0.131289 0.100923 0.263492 0.504297
0.128086 0.0937672 0.371133 0.407014
0.0598427 0.0620553 0.321417 0.556685
