9.9964E-05 0.769282 0.0358478 9.9964E-05 0.00293444 0.0476668 9.9964E-05 0.139261 0.00460794 9.9964E-05
0.0111312 0.783369 9.9964E-05 9.9964E-05 0.00820084 0.0520674 9.9964E-05 0.137633 9.9964E-05 0.00719837
9.9973E-05 0.799364 0.0191626 9.9973E-05 0.00937299 0.0623985 0.000998062 0.103019 9.9973E-05 0.00538463
0.026666 0.614712 9.9973E-05 0.117203 0.0621548 0.176875 0.000729627 9.9973E-05 9.9973E-05 0.00135874
0.00966324 0.892048 9.9937E-05 0.0975891 9.9937E-05 9.9937E-05 9.9937E-05 9.9937E-05 9.9937E-05 9.9937E-05
9.9928E-05 0.947091 9.9928E-05 0.0521095 9.9928E-05 9.9928E-05 9.9928E-05 9.9928E-05 9.9928E-05 9.9928E-05
0.020269 0.376443 9.9982E-05 0.0648755 0.0735016 0.340361 0.0358155 0.0590888 9.9982E-05 0.0294455
0.000385468 0.673182 9.9964E-05 9.9964E-05 0.0850041 0.163448 9.9964E-05 0.0735756 9.9964E-05 0.00400481
0.00594799 0.606879 9.9973E-05 0.000676244 0.0829561 0.220927 9.9973E-05 0.0626116 0.0197023 9.9973E-05
9.99201E-05 9.99201E-05 9.99201E-05 9.99201E-05 9.99201E-05 9.99201E-05 9.99201E-05 9.99201E-05 9.99201E-05 0.999101
0.012056 0.0211071 0.0358973 0.127165 9.9973E-05 9.9973E-05 0.0185372 0.677397 9.9973E-05 0.107541
0.00655422 9.9973E-05 0.0146043 0.124391 0.0707509 0.10154 9.9973E-05 0.586813 9.9973E-05 0.0950467
9.9955E-05 9.9955E-05 9.9955E-05 9.9955E-05 0.109453 0.0473247 9.9955E-05 0.195996 0.0369513 0.609776
0.00221657 9.9964E-05 9.9964E-05 9.9964E-05 0.0486072 0.0904316 0.0087011 0.144477 9.9964E-05 0.705167
0.0135852 9.9937E-05 9.9937E-05 0.00708976 9.9937E-05 9.9937E-05 9.9937E-05 9.9937E-05 9.9937E-05 0.978625
0.00897136 0.00953556 0.0614579 9.9982E-05 0.0286052 0.0220575 9.9982E-05 0.518646 0.0106867 0.33984
9.99201E-05 9.99201E-05 9.99201E-05 9.99201E-05 9.99201E-05 9.99201E-05 9.99201E-05 9.99201E-05 9.99201E-05 0.999101
9.9973E-05 9.9973E-05 0.0571413 9.9973E-05 0.00534917 0.0335805 0.00175334 0.235466 0.011194 0.655216
9.99549E-05 9.99549E-05 9.99549E-05 9.99549E-05 0.059905 0.0440967 9.99549E-05 0.0984727 0.00914988 0.787876
0.0238384 9.9973E-05 0.0110647 0.161468 0.0787736 0.0853259 9.9973E-05 0.567945 9.9973E-05 0.0712838
9.99201E-05 9.99201E-05 9.99201E-05 9.99201E-05 9.99201E-05 9.99201E-05 9.99201E-05 9.99201E-05 9.99201E-05 0.999101
9.999E-05 0.0232184 0.16934 0.0355262 0.049794 0.00317146 0.0350267 0.629684 0.0416214 0.012518
0.0147364 0.10135 0.0469237 0.100192 0.0229412 9.998E-05 0.0331376 0.655959 0.0245594 9.998E-05
0.024629 0.021515 0.0657496 0.305816 9.9982E-05 9.9982E-05 0.0631527 0.490906 0.0103433 0.017688
9.9937E-05 9.9937E-05 9.9937E-05 0.182163 9.9937E-05 9.9937E-05 0.0196487 0.797489 9.9937E-05 9.9937E-05
0.0256258 9.9982E-05 0.091495 0.314497 0.0854557 0.0526919 0.00416285 0.413499 9.9982E-05 0.0123724
0.0140419 9.9982E-05 0.104903 0.254138 0.0373274 9.9982E-05 0.0295448 0.513587 0.026344 0.0199129
9.9982E-05 0.00932414 0.0775705 0.029337 0.0426955 0.0190392 0.0223378 0.762668 0.0368279 9.9982E-05
9.9973E-05 0.0175589 0.0704918 0.215475 9.9973E-05 9.9973E-05 0.0367289 0.604068 0.0302694 0.025108
9.9973E-05 9.9973E-05 0.0323382 0.079676 0.00741194 0.0342571 0.0407878 0.779308 0.0259214 9.9973E-05
0.0152608 0.026713 0.0288869 0.0655688 0.0125079 9.9991E-05 0.0553142 0.755729 0.0197089 0.0202101
9.9964E-05 0.0602623 0.0138021 9.9964E-05 9.9964E-05 0.648209 0.0297212 0.0819105 0.165695 9.9964E-05
9.9946E-05 0.11291 9.9946E-05 9.9946E-05 9.9946E-05 0.679019 9.9946E-05 0.180244 0.0272264 9.9946E-05
9.9964E-05 0.0718005 9.9964E-05 0.0174621 9.9964E-05 0.672317 0.0270129 0.128595 0.0824119 9.9964E-05
9.9937E-05 9.9937E-05 9.9937E-05 0.0368944 9.9937E-05 0.953242 0.00916385 9.9937E-05 9.9937E-05 9.9937E-05
9.9946E-05 9.9946E-05 9.9946E-05 9.9946E-05 0.0553178 0.759207 9.9946E-05 0.125345 0.0595307 9.9946E-05
0.0104507 9.9964E-05 0.0211143 0.028446 9.9964E-05 0.833191 0.0225496 9.9964E-05 0.0838487 9.9964E-05
9.994E-05 9.994E-05 9.994E-05 0.00340078 0.0563068 0.908057 9.994E-05 0.0316353 9.994E-05 9.994E-05
9.9946E-05 9.9946E-05 9.9946E-05 0.0391865 0.0342265 0.921782 9.9946E-05 9.9946E-05 9.9946E-05 0.00420514
0.00432324 0.0562146 9.9964E-05 0.168004 9.9964E-05 0.65092 9.9964E-05 9.9964E-05 0.0901858 0.0299517
9.9946E-05 9.9946E-05 0.0541487 9.9946E-05 9.9946E-05 0.942161 0.0024812 9.9946E-05 0.000609633 9.9946E-05
0.017849 9.9946E-05 9.9946E-05 9.9946E-05 9.9946E-05 9.9946E-05 0.915569 0.0549175 9.9946E-05 0.011065
9.9946E-05 9.9946E-05 0.0119898 9.9946E-05 0.223654 0.0256376 0.738119 9.9946E-05 9.9946E-05 9.9946E-05
0.00663346 9.9955E-05 9.9955E-05 9.9955E-05 0.0740686 9.9955E-05 0.834413 0.0584981 0.0258869 9.9955E-05
9.99459E-05 9.99459E-05 9.99459E-05 9.99459E-05 0.13472 9.99459E-05 0.754227 0.105223 0.0052298 9.99459E-05
0.00373548 0.000647748 9.9964E-05 9.9964E-05 0.114506 9.9964E-05 0.764785 0.0891139 0.0268119 9.9964E-05
9.9964E-05 0.00279083 9.9964E-05 9.9964E-05 0.0181208 0.0144612 0.863722 0.0863052 0.0141996 9.9964E-05
0.0136012 9.9973E-05 0.0292698 9.9973E-05 0.229622 0.052466 0.582258 0.0810371 0.0114459 9.9973E-05
9.9964E-05 0.0257855 0.0087847 9.9964E-05 0.066742 9.9964E-05 0.8702 0.0211122 9.9964E-05 0.00697575
9.99201E-05 9.99201E-05 9.99201E-05 9.99201E-05 9.99201E-05 9.99201E-05 0.999101 9.99201E-05 9.99201E-05 9.99201E-05
9.9946E-05 9.9946E-05 9.9946E-05 9.9946E-05 0.215514 0.0403129 0.706899 0.0366745 9.9946E-05 9.9946E-05
9.99201E-05 9.99201E-05 9.99201E-05 9.99201E-05 9.99201E-05 9.99201E-05 0.999101 9.99201E-05 9.99201E-05 9.99201E-05
9.99201E-05 9.99201E-05 9.99201E-05 9.99201E-05 9.99201E-05 9.99201E-05 0.999101 9.99201E-05 9.99201E-05 9.99201E-05
9.9928E-05 9.9928E-05 0.964885 9.9928E-05 9.9928E-05 9.9928E-05 9.9928E-05 9.9928E-05 0.0343152 9.9928E-05
0.0109081 0.0387266 0.706717 0.0756122 9.9982E-05 9.9982E-05 0.0145889 0.111787 0.0306971 0.0107631
0.0499789 9.9973E-05 0.51572 0.0520864 9.9973E-05 0.122121 0.0546086 0.1806 9.9973E-05 0.0245847
0.0312219 0.0500756 0.805177 9.9973E-05 0.02955 9.9973E-05 0.00379716 0.058437 9.9973E-05 0.0214417
0.0259832 0.0416834 0.591125 0.0730385 0.00930955 9.9982E-05 0.0720501 0.160905 0.0257055 9.9982E-05
0.0267889 0.0404382 0.695691 0.0773429 0.0222026 9.9991E-05 0.0547569 0.0163936 0.0347764 0.0315096
9.9946E-05 9.9946E-05 0.830184 9.9946E-05 0.0701567 0.0847501 9.9946E-05 9.9946E-05 0.0143091 9.9946E-05
9.9964E-05 9.9964E-05 0.766068 9.9964E-05 0.050414 0.0571602 0.0115732 0.105355 0.00902918 9.9964E-05
9.9964E-05 0.360047 0.0293857 0.428787 9.9964E-05 0.159082 0.0106086 9.9964E-05 9.9964E-05 0.0116899
9.9937E-05 0.125725 9.9937E-05 0.537428 9.9937E-05 0.336148 9.9937E-05 9.9937E-05 9.9937E-05 9.9937E-05
0.00547249 0.168947 9.9964E-05 0.305024 0.0861529 0.36465 9.9964E-05 0.0693538 9.9964E-05 9.9964E-05
0.0190823 0.259204 9.9955E-05 0.38161 0.0256369 0.313967 9.9955E-05 9.9955E-05 9.9955E-05 9.9955E-05
9.9946E-05 0.0457621 9.9946E-05 0.600883 0.0710486 0.281706 9.9946E-05 9.9946E-05 9.9946E-05 9.9946E-05
0.0390093 0.209983 0.0438941 0.228668 0.0465684 0.322943 9.9991E-05 0.0461148 0.0165993 0.0461196
0.0147838 0.250965 0.00324644 0.272595 9.9973E-05 0.317435 0.00997859 0.130695 9.9973E-05 9.9973E-05
9.9964E-05 0.0586709 9.9964E-05 0.426325 0.0259825 0.445367 0.0259586 9.9964E-05 9.9964E-05 0.0172967
9.9964E-05 0.115012 0.0144721 0.238012 0.0991186 0.449584 9.9964E-05 0.0834019 9.9964E-05 9.9964E-05
0.0320312 0.345704 0.031837 0.223817 9.9982E-05 0.268292 0.0282909 0.0598974 9.9982E-05 0.0099307
9.9937E-05 0.0865404 9.9937E-05 0.693517 9.9937E-05 0.219243 9.9937E-05 9.9937E-05 9.9937E-05 9.9937E-05
0.0104119 9.9973E-05 9.9973E-05 0.033311 0.118879 0.135725 9.9973E-05 0.583497 0.000589832 0.117285
0.0233634 0.0107538 9.9973E-05 9.9973E-05 0.0569407 0.113787 9.9973E-05 0.716633 0.00735487 0.0708678
9.9964E-05 0.101265 9.9964E-05 9.9964E-05 0.0588135 9.9964E-05 0.00756612 0.6621 0.0758169 0.0940385
9.9964E-05 9.9964E-05 0.0200735 9.9964E-05 0.0982727 0.148736 9.9964E-05 0.621951 0.0194522 0.0911154
0.0208077 9.9964E-05 0.00644724 0.310873 0.0424358 9.9964E-05 9.9964E-05 0.486828 9.9964E-05 0.132208
0.0234352 0.0213712 0.00744946 0.176494 9.9973E-05 9.9973E-05 0.0167332 0.664997 9.9973E-05 0.08922
0.0381708 9.9964E-05 0.115009 0.167247 9.9964E-05 9.9964E-05 0.0100838 0.547167 9.9964E-05 0.121923
9.9955E-05 9.9955E-05 0.0428487 0.11874 9.9955E-05 9.9955E-05 9.9955E-05 0.687671 0.0257366 0.124504
0.010005 0.0256243 0.151938 0.207043 9.9973E-05 9.9973E-05 0.0211044 0.509727 9.9973E-05 0.0742576
0.0425654 0.00311214 9.9973E-05 0.25946 9.9973E-05 9.9973E-05 0.0163698 0.591959 0.0190214 0.0672122
0.0255237 9.9973E-05 0.022795 0.0889713 0.111783 0.110096 9.9973E-05 0.594797 9.9973E-05 0.0457344
0.0392576 9.9964E-05 0.032228 0.221824 0.0524421 9.9964E-05 9.9964E-05 0.547301 9.9964E-05 0.106547
0.00319233 9.9955E-05 0.0209667 0.024206 0.868755 9.9955E-05 0.0823797 9.9955E-05 9.9955E-05 9.9955E-05
9.9955E-05 0.00869946 9.9955E-05 9.9955E-05 0.923926 9.9955E-05 0.031113 0.0244056 9.9955E-05 0.0113564
9.9937E-05 9.9937E-05 9.9937E-05 0.0775878 0.856213 9.9937E-05 0.0655 9.9937E-05 9.9937E-05 9.9937E-05
9.9928E-05 9.9928E-05 9.9928E-05 9.9928E-05 0.995661 9.9928E-05 0.00353998 9.9928E-05 9.9928E-05 9.9928E-05
9.99201E-05 9.99201E-05 9.99201E-05 9.99201E-05 0.999101 9.99201E-05 9.99201E-05 9.99201E-05 9.99201E-05 9.99201E-05
0.00531445 0.0361112 9.9955E-05 9.9955E-05 0.718969 9.9955E-05 0.126783 0.112323 9.9955E-05 9.9955E-05
9.9955E-05 9.9955E-05 9.9955E-05 9.9955E-05 0.932209 0.028824 0.0280476 0.0101722 9.9955E-05 0.000247687
9.9946E-05 9.9946E-05 0.0143452 9.9946E-05 0.913634 0.0539686 9.9946E-05 0.0174529 9.9946E-05 9.9946E-05
9.9946E-05 0.00715574 9.9946E-05 9.9946E-05 0.949355 9.9946E-05 9.9946E-05 9.9946E-05 0.0188607 0.0240287
0.00413623 9.99279E-05 9.99279E-05 0.995064 9.99279E-05 9.99279E-05 9.99279E-05 9.99279E-05 9.99279E-05 9.99279E-05
9.9955E-05 9.9955E-05 0.0173785 0.883337 0.0414399 0.0541389 9.9955E-05 9.9955E-05 0.00320562 9.9955E-05
9.9973E-05 0.266496 9.9973E-05 0.637738 9.9973E-05 0.00525546 0.0452977 0.0135704 0.0144894 0.0168532
0.00355192 0.19116 9.9973E-05 0.547556 9.9973E-05 0.0802551 9.9973E-05 0.171304 0.00277306 0.0030998
9.9964E-05 0.0534459 9.9964E-05 0.39106 0.0794862 0.231724 9.9964E-05 0.229951 9.9964E-05 0.0139336
9.9964E-05 0.026695 9.9964E-05 0.358819 0.0824092 0.164906 9.9964E-05 0.344407 0.0223641 9.9964E-05
9.99639E-05 0.0338645 9.99639E-05 0.739831 9.99639E-05 9.99639E-05 0.0213321 0.117353 0.0410205 0.0461988
9.99369E-05 9.99369E-05 9.99369E-05 0.974344 0.000526083 9.99369E-05 9.99369E-05 0.0244301 9.99369E-05 9.99369E-05
9.9964E-05 0.0860174 0.0410338 0.725459 0.0193396 0.12536 9.9964E-05 9.9964E-05 9.9964E-05 0.00239088
9.9946E-05 9.9946E-05 9.9946E-05 0.866124 9.9946E-05 9.9946E-05 0.0100167 0.122143 9.9946E-05 0.00111655
9.995E-05 9.995E-05 0.0626846 0.696611 0.0164867 0.113573 9.995E-05 0.110145 9.995E-05 9.995E-05
9.9946E-05 9.9946E-05 9.9946E-05 0.894124 0.0358831 0.0643992 9.9946E-05 9.9946E-05 9.9946E-05 0.00499449
0.0147515 9.9955E-05 0.759064 9.9955E-05 0.0876952 0.0967283 9.9955E-05 0.0412612 9.9955E-05 9.9955E-05
0.0174681 9.9946E-05 0.839975 9.9946E-05 9.9946E-05 9.9946E-05 0.0334382 0.108519 9.9946E-05 9.9946E-05
9.9955E-05 9.9955E-05 0.539418 0.00173501 0.124714 0.156867 9.9955E-05 0.176766 9.9955E-05 9.9955E-05
9.9946E-05 9.9946E-05 0.711384 9.9946E-05 0.123462 0.114603 9.9946E-05 0.0499514 9.9946E-05 9.9946E-05
9.9946E-05 9.9946E-05 0.698012 0.258903 9.9946E-05 9.9946E-05 0.0127595 9.9946E-05 9.9946E-05 0.0297263
9.9964E-05 9.9964E-05 0.606667 0.000567232 0.126003 0.122963 9.9964E-05 0.12454 9.9964E-05 0.0188607
9.9955E-05 9.9955E-05 0.665249 9.9955E-05 0.0392375 9.9955E-05 0.0200692 0.274246 0.000698248 9.9955E-05
9.9946E-05 9.9946E-05 0.665158 9.9946E-05 0.102868 0.103636 9.9946E-05 0.127738 9.9946E-05 9.9946E-05
0.0098094 0.0491233 0.831025 0.00548547 9.9964E-05 9.9964E-05 0.0191708 0.0849861 9.9964E-05 9.9964E-05
0.0109522 0.0108302 0.818965 9.9973E-05 0.0134652 0.0246548 9.9973E-05 0.118473 0.00236019 9.9973E-05
0.0304488 9.9982E-05 0.796862 0.0218515 0.0097983 0.0601623 0.022522 0.011857 9.9982E-05 0.0462981
9.9946E-05 0.0419033 9.9946E-05 0.191388 9.9946E-05 0.00618025 9.9946E-05 9.9946E-05 0.759929 9.9946E-05
0.00496322 0.0547126 9.9973E-05 0.128674 9.9973E-05 0.155527 0.00310696 9.9973E-05 0.643287 0.00942926
9.997E-05 9.997E-05 0.0277149 0.0216276 0.0170009 0.280981 0.0230015 9.997E-05 0.618121 0.0112523
0.0439722 0.0682005 9.9973E-05 9.9973E-05 0.0284944 0.216764 0.0164278 0.0733414 0.5525 9.9973E-05
9.9964E-05 0.0588152 9.9964E-05 9.9964E-05 0.0619053 0.203537 0.00754737 0.0958631 0.571932 9.9964E-05
0.00293172 0.0162529 9.9964E-05 9.9964E-05 0.0758828 0.241739 9.9964E-05 0.112185 0.550609 9.9964E-05
9.9955E-05 0.02398 9.9955E-05 9.9955E-05 0.0435239 0.217707 9.9955E-05 0.126278 0.588011 9.9955E-05
9.9964E-05 0.10438 0.0353774 9.9964E-05 9.9964E-05 0.10725 0.0232454 9.9964E-05 0.727596 0.00175101
0.016548 0.0528621 9.9955E-05 0.140043 9.9955E-05 0.172251 9.9955E-05 9.9955E-05 0.617795 9.9955E-05
0.038583 0.0405876 9.9964E-05 9.9964E-05 0.0292997 0.238413 9.9964E-05 0.0545131 0.598203 9.9964E-05
9.9964E-05 0.057422 9.9964E-05 0.0161007 0.0740174 0.238102 9.9964E-05 0.0438092 0.570149 9.9964E-05
9.99549E-05 0.0125704 9.99549E-05 9.99549E-05 0.0473595 0.131784 9.99549E-05 0.1503 0.657485 9.99549E-05
0.0279422 0.0648221 9.9973E-05 9.9973E-05 9.9973E-05 0.666734 0.0222083 0.158699 0.0556715 0.00362318
0.00271104 9.9964E-05 0.0105751 9.9964E-05 0.0461586 0.874755 9.9964E-05 0.0149713 9.9964E-05 0.0504293
0.029804 0.121169 9.9973E-05 0.0613724 9.9973E-05 0.711701 0.0324391 9.9973E-05 0.0124874 0.0307273
0.0100999 0.00863456 0.0192504 0.0353173 0.0745159 0.799597 9.9982E-05 9.9982E-05 0.0271988 0.0251864
9.9955E-05 9.9955E-05 9.9955E-05 0.00365774 0.0840035 0.832836 9.9955E-05 0.0561097 9.9955E-05 0.022893
9.9964E-05 0.0857883 9.9964E-05 9.9964E-05 9.9964E-05 0.672699 0.021004 0.139985 0.0568526 0.0232709
0.0370376 0.0950823 0.00331807 0.0782895 9.9973E-05 0.731546 9.9973E-05 0.0218256 9.9973E-05 0.0326006
0.00561839 0.116492 9.9982E-05 0.0787284 9.9982E-05 0.68992 0.020338 0.0714364 0.00715436 0.0101125
0.000451423 9.9973E-05 0.0290773 0.0313364 0.0184613 0.882808 0.0197437 9.9973E-05 9.9973E-05 0.0178217
0.0173416 9.9973E-05 0.0157231 0.0339493 0.0606711 0.807802 9.9973E-05 0.0508369 0.0133766 9.9973E-05
0.03609 0.0363108 0.0134011 0.1199 9.9982E-05 0.717742 0.0260706 9.9982E-05 0.0433029 0.00698277
9.9946E-05 9.9946E-05 9.9946E-05 9.9946E-05 0.0710061 0.849104 9.9946E-05 0.0612813 0.0180089 9.9946E-05
9.9955E-05 0.0341821 0.0166583 9.9955E-05 9.9955E-05 9.9955E-05 9.9955E-05 0.00310257 0.931417 0.0141398
9.9955E-05 9.9955E-05 0.00333378 0.0248212 9.9955E-05 9.9955E-05 0.00151477 9.9955E-05 0.964123 0.00570759
0.00927352 9.99371E-05 9.99371E-05 0.0226973 9.99371E-05 9.99371E-05 9.99371E-05 9.99371E-05 0.96733 9.99371E-05
9.9955E-05 9.9955E-05 9.9955E-05 9.9955E-05 0.0283321 0.0669031 0.0015815 0.00778781 0.894896 9.9955E-05
9.9946E-05 0.00139304 9.9946E-05 9.9946E-05 0.0152679 9.9946E-05 9.9946E-05 0.0897249 0.893015 9.9946E-05
0.00513135 9.9964E-05 9.9964E-05 9.9964E-05 0.0401573 0.022909 9.9964E-05 0.10088 0.827836 0.00268683
9.9964E-05 0.00698638 9.9964E-05 9.9964E-05 0.0042936 0.0666561 9.9964E-05 0.0675046 0.849994 0.004165
9.9946E-05 9.9946E-05 9.9946E-05 9.9946E-05 0.0450536 0.0477579 9.9946E-05 0.0403522 0.866237 9.9946E-05
0.00304029 9.9937E-05 9.9937E-05 0.0783784 9.9937E-05 9.9937E-05 9.9937E-05 9.9937E-05 0.917882 9.9937E-05
9.9928E-05 9.9928E-05 9.9928E-05 0.0862616 9.9928E-05 9.9928E-05 9.9928E-05 9.9928E-05 0.912939 9.9928E-05
9.9955E-05 9.9955E-05 0.0219688 0.00216272 9.9955E-05 9.9955E-05 0.00360538 9.9955E-05 0.953044 0.0187196
0.00523851 9.9964E-05 9.9964E-05 9.9964E-05 0.0190992 9.9964E-05 0.00980964 0.0719319 0.891815 0.00170622
0.000380281 9.9982E-05 0.542895 0.168741 0.117303 0.0380815 0.0148508 0.101296 0.0162536 9.9982E-05
0.0405433 0.0178898 0.641987 0.129596 0.0867636 0.0286528 0.0294314 0.00622928 9.9991E-05 0.0188076
0.0228698 0.0246174 0.745977 0.129197 9.9964E-05 9.9964E-05 0.0538883 9.9964E-05 9.9964E-05 0.0230507
0.0353373 0.0494825 0.575627 0.0505729 0.121749 0.0425756 0.0210419 0.0934298 0.0100835 9.9991E-05
0.0507345 0.0652019 0.556687 0.138955 0.0373601 9.9982E-05 0.0498506 0.0728445 9.9982E-05 0.0281667
0.0086498 0.0402958 0.532611 9.997E-05 0.122429 0.0782209 9.997E-05 0.190335 0.0271583 9.997E-05
0.026185 9.9964E-05 0.751508 9.9964E-05 9.9964E-05 9.9964E-05 0.0167478 0.170004 0.0277891 0.00736597
0.0268392 0.0641997 0.741614 9.9982E-05 0.0222137 9.9982E-05 0.00373492 0.114403 0.0113387 0.0154563
0.0562905 0.00558398 0.72181 0.181029 9.9955E-05 9.9955E-05 0.0347865 9.9955E-05 9.9955E-05 9.9955E-05
0.0126822 0.0262106 0.738825 9.9973E-05 9.9973E-05 9.9973E-05 0.0279953 0.144782 0.0394689 0.00973616
9.9946E-05 9.9946E-05 0.808234 0.0940786 9.9946E-05 0.0534009 0.0436864 9.9946E-05 9.9946E-05 9.9946E-05
0.0631695 0.0197794 0.846024 0.0270198 9.997E-05 9.997E-05 0.0275569 9.997E-05 0.00871943 0.00743074
0.00747401 0.0472481 0.763258 0.098354 9.9964E-05 9.9964E-05 0.0513716 0.0318947 9.9964E-05 9.9964E-05
0.0696887 9.9946E-05 0.700413 0.222804 9.9946E-05 9.9946E-05 0.00649467 9.9946E-05 9.9946E-05 9.9946E-05
9.9982E-05 0.0570622 0.603624 9.9982E-05 0.0481825 0.0324982 0.0149894 0.211287 0.000639898 0.0315162
9.99201E-05 0.999101 9.99201E-05 9.99201E-05 9.99201E-05 9.99201E-05 9.99201E-05 9.99201E-05 9.99201E-05 9.99201E-05
9.9964E-05 0.547944 9.9964E-05 9.9964E-05 0.0100497 0.0248471 0.00297257 0.132468 0.281318 9.9964E-05
9.99201E-05 0.999101 9.99201E-05 9.99201E-05 9.99201E-05 9.99201E-05 9.99201E-05 9.99201E-05 9.99201E-05 9.99201E-05
0.00104101 0.85165 9.9973E-05 0.00822973 0.0209083 0.0084489 9.9973E-05 0.040224 0.0691981 9.9973E-05
9.99459E-05 0.600564 9.99459E-05 9.99459E-05 9.99459E-05 0.131809 9.99459E-05 0.181067 0.0859602 9.99459E-05
9.9955E-05 0.547687 9.9955E-05 0.00370268 0.0824522 0.180153 9.9955E-05 9.9955E-05 0.185506 9.9955E-05
0.0199641 0.788695 0.0370482 0.0365875 9.9964E-05 9.9964E-05 9.9964E-05 9.9964E-05 0.115072 0.00223378
0.0321252 0.883989 9.9946E-05 9.9946E-05 9.9946E-05 9.9946E-05 0.00195002 9.9946E-05 0.081336 9.9946E-05
0.0275603 9.9964E-05 9.9964E-05 0.100768 0.107911 0.103758 9.9964E-05 0.64291 0.0166931 9.9964E-05
0.0603556 9.9964E-05 0.0394636 0.246959 0.0239367 9.9964E-05 9.9964E-05 0.597202 9.9964E-05 0.0316832
0.999101 9.99201E-05 9.99201E-05 9.99201E-05 9.99201E-05 9.99201E-05 9.99201E-05 9.99201E-05 9.99201E-05 9.99201E-05
0.012223 0.094402 0.102031 0.121495 0.0189756 0.133797 0.0232149 0.493661 9.9982E-05 9.9982E-05
0.0150716 0.0753555 0.143527 0.180726 9.9982E-05 9.9982E-05 0.0178509 0.521074 0.036783 0.00941153
0.0320761 0.101153 0.122946 0.0522931 9.9973E-05 9.9973E-05 0.0195449 0.649298 9.9973E-05 0.0223886
0.999101 9.99201E-05 9.99201E-05 9.99201E-05 9.99201E-05 9.99201E-05 9.99201E-05 9.99201E-05 9.99201E-05 9.99201E-05
0.899753 9.9955E-05 9.9955E-05 9.9955E-05 0.0316393 0.0135956 9.9955E-05 0.0492153 0.0052972 9.9955E-05
0.0603338 0.102177 0.0632205 0.141222 0.0325212 0.00166646 0.00757143 0.547097 9.9991E-05 0.0440907
0.0188263 9.9982E-05 0.0608656 0.164267 0.0309442 0.107736 0.0316058 0.553972 9.9982E-05 0.0315826
0.115501 0.0353725 0.0796421 0.138766 0.0630302 0.0317028 0.00319577 0.486994 0.00994093 0.0358545
0.0460237 0.0819804 0.0505405 0.0311193 0.0253181 9.9991E-05 0.00536808 0.733798 0.00512322 0.020629
0.0418231 0.0475352 0.041338 0.19844 9.998E-05 9.998E-05 0.0282573 0.587623 0.0138608 0.0409226
0.0188334 0.0226479 9.9964E-05 9.9964E-05 9.9964E-05 0.0436734 0.0417819 0.861682 0.0109818 9.9964E-05
0.0241677 0.0422013 0.0298746 0.000155727 0.0409182 9.9982E-05 9.9982E-05 0.81639 0.0139459 0.0321469
0.0227415 0.0620987 9.9964E-05 0.0302994 9.9964E-05 9.9964E-05 0.0427911 0.839561 9.9964E-05 0.00210824
0.0131353 9.9964E-05 0.0579559 0.104945 9.9964E-05 9.9964E-05 0.0192543 0.768694 9.9964E-05 0.0356158
0.0400482 0.0785389 0.0704139 0.0431613 0.0268869 9.9982E-05 0.0384897 0.679695 9.9982E-05 0.0225657
0.0491901 0.0100864 0.0198457 0.170703 0.0248526 0.0114847 0.028884 0.659239 0.00323103 0.0224832
0.0135436 9.9973E-05 0.0168752 0.121013 0.0983518 0.0479931 9.9973E-05 0.67615 9.9973E-05 0.0257728
9.9964E-05 0.0700419 9.9964E-05 9.9964E-05 0.0815549 0.0408736 9.9964E-05 0.75973 0.0182609 0.0291385
0.0475076 9.9964E-05 9.9964E-05 0.0903726 0.107843 0.133809 9.9964E-05 0.598216 9.9964E-05 0.0218518
0.0293434 0.024535 9.9955E-05 9.9955E-05 9.9955E-05 0.0176415 0.0277027 0.900278 9.9955E-05 9.9955E-05
