0.0246936 0.516465 0.458841
0.00923541 0.524674 0.46609
0.0378696 0.506055 0.456075
0.0613454 0.565336 0.373319
9.9991E-05 0.522976 0.476924
0.0272579 0.524399 0.448343
0.107885 0.52111 0.371006
0.0740677 0.552693 0.37324
0.0827691 0.592424 0.324807
9.999E-05 9.999E-05 0.9998
0.04502 0.0619476 0.893032
0.0888382 0.121771 0.789391
0.0901803 0.109592 0.800228
0.0616 0.0897634 0.848637
0.0102874 9.9991E-05 0.989613
0.0625368 0.066766 0.870697
0.0312912 0.0271555 0.941553
0.0271188 0.0537242 0.919157
0.0470717 0.0765943 0.876334
0.0799495 0.121143 0.798908
9.999E-05 9.999E-05 0.9998
0.151096 0.104796 0.744108
0.093525 0.131185 0.77529
0.101581 0.118618 0.779801
0.0824942 0.0521372 0.865369
0.110003 0.1306 0.759397
0.117595 0.0962841 0.786121
0.123023 0.126943 0.750034
0.0906267 0.111639 0.797734
0.096815 0.11692 0.786265
0.112789 0.0753987 0.811812
0.0461725 0.754296 0.199531
0.00532215 0.650753 0.343924
0.0324326 0.68612 0.281447
0.0165444 0.784669 0.198787
0.0458084 0.701723 0.252469
0.0381292 0.758568 0.203303
0.0407981 0.719043 0.240159
0.0399129 0.751756 0.208331
9.9991E-05 0.733885 0.266015
0.0170827 0.76932 0.213597
0.961435 9.9991E-05 0.0384653
0.9998 9.999E-05 9.999E-05
0.948173 0.0435574 0.00826981
0.954216 0.0328008 0.0129835
0.920835 0.0376008 0.0415642
0.95024 0.0496605 9.9991E-05
0.820241 0.0766119 0.103147
0.996386 9.9991E-05 0.00351369
0.9998 9.999E-05 9.999E-05
0.965028 0.034872 9.9991E-05
0.9998 9.999E-05 9.999E-05
0.9998 9.999E-05 9.999E-05
0.217445 0.0648755 0.71768
0.162406 0.0484769 0.789117
0.165243 0.110165 0.724593
0.201027 0.00879279 0.79018
0.228232 0.0615899 0.710178
0.22388 0.0710632 0.705056
0.235032 0.0947739 0.670194
0.221289 0.0566985 0.722013
9.9991E-05 0.456513 0.543387
0.00512731 0.512447 0.482426
0.0522472 0.497829 0.449924
0.0248681 0.530355 0.444777
0.0564486 0.41691 0.526641
0.0275074 0.456271 0.516221
0.00413103 0.466281 0.529588
0.0534612 0.511294 0.435244
0.0685191 0.467783 0.463698
0.0354281 0.484244 0.480328
9.9991E-05 0.524664 0.475236
0.122564 0.148375 0.729061
0.089221 0.151826 0.758953
0.0999661 0.180575 0.719459
0.108627 0.181579 0.709794
0.0635794 0.0568275 0.879593
0.0382731 0.0611124 0.900614
0.0290578 0.0393502 0.931592
0.0153119 0.0905025 0.894186
0.0701889 0.0688333 0.860978
0.0420863 0.0984324 0.859481
0.110042 0.153195 0.736762
0.0779469 0.0564358 0.865617
0.84439 0.0405878 0.115022
0.815195 0.040835 0.14397
0.873567 9.9991E-05 0.126333
0.903394 0.0486297 0.0479766
0.917395 0.0409701 0.0416349
0.781883 0.0753542 0.142763
0.819268 0.0944431 0.0862891
0.754102 0.0910032 0.154895
0.798655 0.073244 0.128101
9.9991E-05 0.207666 0.792234
0.041529 0.274698 0.683773
0.0326722 0.354369 0.612959
9.9991E-05 0.315651 0.684249
0.0481124 0.342039 0.609849
0.0511458 0.295724 0.653131
0.0287645 0.236412 0.734823
0.0114691 0.193695 0.794836
9.9991E-05 0.330982 0.668918
0.0173563 0.142236 0.840408
0.00589416 0.263397 0.730709
0.0411732 0.271159 0.687668
0.209224 0.0581504 0.732625
0.209801 0.000940851 0.789258
0.188718 0.132408 0.678874
0.233394 0.0941078 0.672498
0.190595 9.9991E-05 0.809305
0.224497 0.107688 0.667815
0.226595 0.0145755 0.758829
0.224158 0.0730229 0.702819
0.210042 9.9991E-05 0.789858
0.190619 0.0409007 0.76848
0.209085 0.0390257 0.75189
9.999E-05 0.9998 9.999E-05
9.9991E-05 0.925097 0.0748032
0.0591641 0.921565 0.0192708
0.0429216 0.863989 0.0930889
0.0723081 0.841745 0.0859474
0.0783939 0.855532 0.0660739
0.0456116 0.871224 0.0831641
0.011542 0.960528 0.0279296
9.9991E-05 0.941182 0.058718
0.0355635 0.904832 0.0596041
0.0661827 0.902638 0.0311796
0.0712812 0.867088 0.0616308
0.0219088 0.664597 0.313494
0.0260706 0.6746 0.29933
0.0190076 0.690757 0.290236
0.0742113 0.685183 0.240606
0.0595896 0.690896 0.249515
0.0394953 0.661728 0.298777
9.9991E-05 0.659624 0.340276
0.0185907 0.648902 0.332508
0.0457403 0.697969 0.256291
0.0509165 0.683704 0.26538
0.0111445 0.676951 0.311905
0.0687142 0.711875 0.219411
9.999E-05 0.9998 9.999E-05
9.999E-05 0.9998 9.999E-05
9.999E-05 0.9998 9.999E-05
0.0208175 0.979082 9.9991E-05
0.0110945 0.988806 9.9991E-05
0.0523985 0.930628 0.0169735
0.00792263 0.991977 9.9991E-05
0.0253613 0.974539 9.9991E-05
9.999E-05 0.9998 9.999E-05
9.999E-05 0.9998 9.999E-05
9.999E-05 0.9998 9.999E-05
0.0357469 0.964153 9.9991E-05
0.231855 0.0775828 0.690562
0.250644 0.0667698 0.682586
0.193314 0.0270915 0.779595
0.248071 0.0963055 0.655623
0.192887 0.0556428 0.75147
0.220339 0.12601 0.653651
0.192907 0.0141569 0.792937
0.180092 0.0443596 0.775548
0.171862 0.0215065 0.806632
0.201542 0.0559553 0.742503
0.226081 0.0383132 0.735606
0.199806 0.0150744 0.78512
0.205103 0.029869 0.765028
0.16266 0.0100975 0.827243
0.202892 0.073938 0.72317
0.0161205 0.613266 0.370613
0.0563875 0.679694 0.263919
0.0345 0.61636 0.34914
0.0245907 0.601115 0.374294
0.0174313 0.607244 0.375325
0.0541959 0.703889 0.241915
9.9991E-05 0.621247 0.378653
0.0310293 0.649936 0.319035
0.130416 0.165433 0.70415
0.0610438 0.0616756 0.877281
0.0328025 0.0221446 0.945053
0.0843912 0.219945 0.695663
0.0675287 0.149037 0.783434
0.0831847 0.0945331 0.822282
0.0320166 0.0240911 0.943892
0.0591535 0.0689872 0.871859
0.0804316 0.115283 0.804286
0.10724 0.127547 0.765213
0.0982354 0.122187 0.779578
0.077942 0.101966 0.820092
0.0543793 0.125362 0.820259
0.0992843 0.142103 0.758613
0.0610792 0.0986519 0.840269
0.0949428 0.0759874 0.82907
0.0586568 0.0644759 0.876867
0.100614 0.0778703 0.821516
0.0808027 0.106666 0.812531
0.117333 0.0905132 0.792154
0.131812 0.173268 0.69492
0.110529 0.162633 0.726839
0.0806787 0.0925496 0.826772
