0.0978124 0.689717 0.1855 9.9973E-05 0.0266699 9.9973E-05 9.9973E-05
0.00478467 0.71104 0.207203 0.0483081 0.0284644 9.9982E-05 9.9982E-05
0.077347 0.719304 0.105085 0.0731806 0.0248831 9.9982E-05 9.9982E-05
9.9973E-05 0.72001 9.9973E-05 0.188478 0.0318149 0.059397 9.9973E-05
9.9964E-05 0.698017 9.9964E-05 0.287699 0.0138837 9.9964E-05 9.9964E-05
0.0524169 0.750593 9.9982E-05 0.174656 0.0189666 0.00316837 9.9982E-05
0.0052042 0.632782 0.126583 0.0946336 0.0381307 0.07725 0.0254166
9.999E-05 0.715165 0.131479 0.058068 0.0206533 0.054999 0.0195354
0.000456491 0.715159 0.165264 0.038386 9.9991E-05 0.0475146 0.0331205
9.995E-05 9.995E-05 9.995E-05 9.995E-05 0.9994 9.995E-05 9.995E-05
0.0609659 0.00285956 0.643715 0.174677 0.117583 9.9982E-05 9.9982E-05
0.0714505 0.0370013 0.597242 0.135273 0.104641 0.0279904 0.026402
9.9982E-05 0.0461804 0.255072 9.9982E-05 0.592235 0.0675896 0.0387232
9.9982E-05 0.0843742 0.17782 9.9982E-05 0.688812 0.0485683 0.000225358
9.9955E-05 9.9955E-05 9.9955E-05 0.0312006 0.9683 9.9955E-05 9.9955E-05
0.0837665 0.0249517 0.52473 9.9982E-05 0.356632 9.9982E-05 0.00971953
9.995E-05 9.995E-05 9.995E-05 9.995E-05 0.9994 9.995E-05 9.995E-05
0.0608866 9.9973E-05 0.267229 9.9973E-05 0.65881 9.9973E-05 0.0127742
9.9982E-05 0.0321029 0.148336 9.9982E-05 0.769824 0.0304724 0.0190644
0.0344749 0.0767458 0.585636 0.188502 0.0796796 0.0348618 9.9991E-05
9.995E-05 9.995E-05 9.995E-05 9.995E-05 0.9994 9.995E-05 9.995E-05
0.184936 9.9991E-05 0.626998 0.0766211 0.0100683 0.0611666 0.0401096
0.0804613 0.0155765 0.65774 0.17898 0.0122445 0.0216129 0.0333845
0.0823888 9.9991E-05 0.457067 0.38433 0.0137505 0.0369374 0.0254261
0.0317779 9.9973E-05 0.712228 0.254976 9.9973E-05 0.000717773 9.9973E-05
0.126704 0.0416056 0.409621 0.356274 0.0124256 0.0524797 0.000889371
0.129953 9.9991E-05 0.481842 0.301823 0.016804 0.0483926 0.0210858
0.11032 0.00891336 0.745601 0.0686667 9.9991E-05 0.0275043 0.0388946
0.109127 9.9991E-05 0.563268 0.240471 0.0366001 0.0149344 0.0355001
0.053262 9.9991E-05 0.724414 0.120345 0.0219831 0.0268751 0.0530206
0.067512 9.9991E-05 0.728058 0.129232 0.0333533 0.0356717 0.00607305
0.0198605 0.554682 0.118085 9.9991E-05 0.000729636 0.0155217 0.291021
0.0119203 0.661553 0.206483 9.9982E-05 0.00194616 9.9982E-05 0.117898
0.0182696 0.641603 0.148049 9.9982E-05 9.9982E-05 0.0122596 0.179618
9.9982E-05 0.729846 9.9982E-05 0.0556745 0.0120621 0.00933496 0.192882
9.9973E-05 0.623226 0.171452 9.9973E-05 9.9973E-05 0.0204455 0.184576
0.038213 0.663697 0.00156378 0.0538898 9.9991E-05 0.0237294 0.218807
0.00916279 0.792481 0.0487229 9.9991E-05 0.00354416 0.0303132 0.115676
9.9982E-05 0.7715 9.9982E-05 0.0403321 0.0101858 0.0341114 0.143671
9.9973E-05 0.573453 9.9973E-05 0.202139 0.0237428 9.9973E-05 0.200366
0.0575906 0.783689 9.9964E-05 9.9964E-05 9.9964E-05 9.9964E-05 0.158321
9.9973E-05 9.9973E-05 0.0179221 0.0480027 0.0163382 0.917437 9.9973E-05
0.0116033 9.9973E-05 0.0271746 0.0123449 9.9973E-05 0.948577 9.9973E-05
9.9973E-05 9.9973E-05 0.0584316 0.00711397 9.9973E-05 0.900523 0.0336317
9.9964E-05 9.9964E-05 0.114752 9.9964E-05 9.9964E-05 0.877779 0.0070687
9.9964E-05 9.9964E-05 0.119998 9.9964E-05 9.9964E-05 0.868215 0.0113876
9.9973E-05 0.00256974 0.0812213 9.9973E-05 9.9973E-05 0.891927 0.0239816
0.0418996 0.00869752 0.123051 0.00404652 0.0064279 0.774675 0.0412029
0.0304595 9.9964E-05 9.9964E-05 9.9964E-05 0.0250042 0.944136 9.9964E-05
9.9955E-05 9.9955E-05 9.9955E-05 0.0120162 9.9955E-05 0.987484 9.9955E-05
9.9973E-05 0.0224083 0.0619668 9.9973E-05 9.9973E-05 0.90963 0.00569492
9.995E-05 9.995E-05 9.995E-05 9.995E-05 9.995E-05 0.9994 9.995E-05
9.9955E-05 9.9955E-05 9.9955E-05 0.0115192 9.9955E-05 0.987981 9.9955E-05
0.961576 9.9955E-05 9.9955E-05 9.9955E-05 9.9955E-05 9.9955E-05 0.0379237
0.715246 9.9982E-05 0.0970348 0.133405 0.0215569 9.9982E-05 0.0325574
0.499088 0.0462337 0.26257 0.149298 9.9991E-05 0.032556 0.0101541
0.837877 9.9991E-05 0.0746858 0.0344747 0.0413299 0.00271566 0.00881721
0.614122 0.00803791 0.182435 0.105439 9.9991E-05 0.0651075 0.0247586
0.700063 9.9991E-05 0.0283028 0.136003 0.0312696 0.0583893 0.0458725
0.86808 0.0491766 0.030244 9.9982E-05 9.9982E-05 0.0174707 0.0348291
0.795473 0.0397452 0.10758 9.9991E-05 0.00467318 0.030652 0.0217774
0.0389055 0.486638 9.9982E-05 0.460587 0.0121764 9.9982E-05 0.00149308
9.9955E-05 0.509327 9.9955E-05 0.490173 9.9955E-05 9.9955E-05 9.9955E-05
9.9982E-05 0.529678 0.14432 0.259238 9.9982E-05 0.028231 0.0383334
9.9982E-05 0.585811 9.9982E-05 0.353537 0.0139691 0.0217621 0.0247207
0.0211009 0.415579 9.9973E-05 0.523065 9.9973E-05 0.0399553 9.9973E-05
0.0728626 0.473395 0.11684 0.234386 0.0421937 0.00712139 0.053202
9.9973E-05 0.521888 0.181362 0.284358 9.9973E-05 9.9973E-05 0.0120926
9.9982E-05 0.513248 9.9982E-05 0.371063 0.0311044 0.0426516 0.0417339
0.0248859 0.582171 0.139463 0.204299 9.9982E-05 0.0489813 9.9982E-05
0.0439777 0.559414 0.0805788 0.264229 0.0255128 0.0112029 0.0150849
9.9955E-05 0.402032 9.9955E-05 0.597468 9.9955E-05 9.9955E-05 9.9955E-05
0.0563265 0.0773968 0.633764 0.0295207 0.107421 0.0577423 0.0378285
0.0369509 0.0942158 0.754108 9.9991E-05 0.0763089 0.0272626 0.0110542
0.00784695 0.103078 0.678801 9.9991E-05 0.126035 0.0336512 0.0504884
0.0433389 0.108251 0.668293 9.9991E-05 0.10172 0.0343657 0.0439323
0.0242693 9.9982E-05 0.445815 0.378013 0.132052 0.0196506 9.9982E-05
0.0487583 0.0117056 0.609933 0.22433 0.105073 9.9982E-05 9.9982E-05
0.128558 9.9973E-05 0.507478 0.213601 0.150063 9.9973E-05 9.9973E-05
0.0727265 9.9982E-05 0.636141 0.123118 0.146418 9.9982E-05 0.0213962
0.184905 0.021774 0.439268 0.258989 0.0875959 0.00736873 9.9991E-05
0.0250946 9.9982E-05 0.577293 0.308298 0.0778999 9.9982E-05 0.0112137
0.0500601 0.0923249 0.662929 0.0789176 0.0474343 0.0483482 0.0199855
0.0629535 9.9982E-05 0.51374 0.289343 0.106191 0.0275724 9.9982E-05
0.120464 0.0285628 0.0836561 0.000219448 9.9991E-05 0.766634 0.000363711
0.0348887 9.9982E-05 0.182536 9.9982E-05 0.0104591 0.761781 0.0101354
0.042445 9.9964E-05 9.9964E-05 0.163119 9.9964E-05 0.794036 9.9964E-05
0.00614133 0.0351355 0.0945577 0.00426374 0.00870195 0.844146 0.00705415
0.0203504 0.0183038 0.112148 9.9973E-05 9.9973E-05 0.848898 9.9973E-05
9.99816E-05 0.0286223 0.261437 9.99816E-05 9.99816E-05 0.700275 0.00936557
0.0144083 0.0271697 0.177849 9.9982E-05 9.9982E-05 0.757898 0.0224752
0.0925629 0.078577 0.153801 9.9982E-05 9.9982E-05 0.670786 0.00407255
9.9982E-05 0.0162072 0.209374 9.9982E-05 0.00992817 0.731768 0.032522
9.99549E-05 9.99549E-05 9.99549E-05 0.984516 9.99549E-05 9.99549E-05 0.0149839
0.0184395 0.158152 9.9973E-05 0.794699 9.9973E-05 0.0284097 9.9973E-05
9.9973E-05 0.300164 9.9973E-05 0.650687 0.0189762 0.0298729 9.9973E-05
9.9973E-05 0.288914 0.138385 0.569884 0.00251705 9.9973E-05 9.9973E-05
9.9991E-05 0.2948 0.252095 0.376614 0.0178207 0.0353007 0.0232689
0.0131367 0.203626 0.389208 0.32953 0.0027131 0.0210509 0.0407356
9.9991E-05 0.00112318 0.135645 0.751756 0.0260183 0.0132285 0.0721288
9.99639E-05 9.99639E-05 9.99639E-05 0.98449 9.99639E-05 0.00346259 0.011648
0.0537573 0.293052 0.00077801 0.64175 0.0104626 9.9982E-05 9.9982E-05
9.9973E-05 9.9973E-05 0.095984 0.899108 0.00145462 0.0031531 9.9973E-05
0.0608933 0.157306 0.122522 0.649796 9.9982E-05 9.9982E-05 0.00928232
9.9982E-05 0.121617 9.9982E-05 0.821104 0.00423907 0.0389351 0.0139048
0.837878 0.0486403 0.0823033 9.9991E-05 0.0048662 0.00625478 0.0199577
0.869724 9.9955E-05 0.129776 9.9955E-05 9.9955E-05 9.9955E-05 9.9955E-05
0.577475 0.149536 0.20976 9.9982E-05 9.9982E-05 0.047378 0.0156503
0.750437 0.126769 0.0822047 9.9973E-05 9.9973E-05 0.0402899 9.9973E-05
0.699589 9.9964E-05 9.9964E-05 0.264517 0.0354942 9.9964E-05 9.9964E-05
0.608699 0.0912056 0.182363 9.9991E-05 0.0219527 0.0709778 0.0247018
0.7307 9.9964E-05 0.239852 9.9964E-05 9.9964E-05 0.0290483 9.9964E-05
0.683651 0.0806621 0.179924 9.9982E-05 9.9982E-05 0.0521599 0.00340347
0.84926 0.00712299 0.0891976 0.0511619 9.9982E-05 0.00305778 9.9982E-05
0.836594 0.0204407 0.142566 9.9964E-05 9.9964E-05 9.9964E-05 9.9964E-05
0.806667 0.0301393 0.0436633 0.0608955 0.0380813 0.0111547 0.00939861
9.9964E-05 0.0848416 9.9964E-05 0.181731 9.9964E-05 9.9964E-05 0.733027
0.0104053 0.156512 9.9982E-05 0.140518 0.00665117 9.9982E-05 0.685713
0.0415584 0.231606 9.99845E-05 9.99845E-05 0.014788 0.0441364 0.667712
9.9991E-05 0.235206 0.127329 0.000586631 0.00643959 0.0297898 0.600548
9.9973E-05 0.197787 0.165485 9.9973E-05 9.9973E-05 0.036707 0.599721
9.9973E-05 0.201068 0.199346 9.9973E-05 9.9973E-05 0.0326056 0.56668
9.9973E-05 0.184745 0.177361 9.9973E-05 9.9973E-05 0.0163132 0.621281
0.0558776 0.176336 9.9973E-05 9.9973E-05 0.0179901 9.9973E-05 0.749496
9.9964E-05 0.184225 9.9964E-05 0.1635 9.9964E-05 9.9964E-05 0.651875
9.9973E-05 0.236987 0.119122 9.9973E-05 9.9973E-05 0.00842189 0.63517
9.9982E-05 0.265362 0.0837245 0.00474176 9.9982E-05 0.0378973 0.608074
9.9973E-05 0.106488 0.193196 9.9973E-05 9.9973E-05 0.0189155 0.6811
9.9973E-05 0.601359 0.226079 9.9973E-05 0.00679659 9.9973E-05 0.165466
0.0229793 0.760483 0.0587656 9.9991E-05 0.0468767 0.023646 0.0871492
9.9991E-05 0.677774 0.025121 0.123081 0.018332 0.0139942 0.141598
0.0251987 0.694424 0.0349553 0.024181 0.0166567 0.0601533 0.144431
9.9982E-05 0.667469 0.126606 9.9982E-05 0.0196024 0.0364114 0.149711
9.9982E-05 0.634559 0.178508 9.9982E-05 0.0229428 0.0205885 0.143202
9.9982E-05 0.688627 0.0712514 0.107945 0.0240923 9.9982E-05 0.107885
9.9991E-05 0.660975 0.113761 0.0896246 0.00682678 0.00497556 0.123738
0.0320979 0.734103 0.0509323 0.0257655 0.000466595 0.0299089 0.126726
9.9982E-05 0.707896 0.106246 0.0294945 9.9982E-05 0.023904 0.13226
0.0263181 0.623856 9.9991E-05 0.173627 0.00791967 0.00990534 0.158274
0.0014284 0.66876 0.129654 9.9982E-05 9.9982E-05 0.035835 0.164122
0.0225941 9.9973E-05 9.9973E-05 0.0128759 0.0217276 9.9973E-05 0.942502
0.011296 9.9973E-05 9.9973E-05 0.0370626 0.00557058 9.9973E-05 0.945771
9.9955E-05 9.9955E-05 9.9955E-05 0.0616892 9.9955E-05 9.9955E-05 0.937811
0.00510419 0.0194377 0.026933 9.9982E-05 9.9982E-05 0.0273598 0.920965
9.9955E-05 9.9955E-05 0.11069 9.9955E-05 9.9955E-05 9.9955E-05 0.88881
9.9964E-05 9.9964E-05 0.149034 9.9964E-05 9.9964E-05 0.0280208 0.822546
9.9964E-05 0.0701259 0.0817857 9.9964E-05 9.9964E-05 9.9964E-05 0.847689
0.00253522 9.9973E-05 0.0881365 9.9973E-05 9.9973E-05 0.0157205 0.893308
9.9955E-05 9.9955E-05 9.9955E-05 0.0930213 9.9955E-05 9.9955E-05 0.906479
9.9955E-05 9.9955E-05 9.9955E-05 0.0863801 9.9955E-05 9.9955E-05 0.91312
0.0528788 9.99616E-05 9.99616E-05 9.99616E-05 9.99616E-05 9.99616E-05 0.946621
9.9973E-05 9.9973E-05 0.09583 9.9973E-05 0.00131172 0.011707 0.890851
0.558767 0.0351253 0.130673 0.17813 9.9991E-05 0.0871547 0.0100498
0.659514 0.0361187 0.0222064 0.169447 0.0199971 0.0926173 9.9991E-05
0.777683 9.9973E-05 9.9973E-05 0.198556 0.0119339 0.0115272 9.9973E-05
0.567349 0.0374644 0.170367 0.0912426 9.9991E-05 0.0940955 0.039381
0.601772 0.0430439 0.0667879 0.201082 0.0302388 0.0569757 9.9991E-05
0.572203 0.0664822 0.266358 9.9982E-05 9.9982E-05 0.0652701 0.0294866
0.831442 9.9973E-05 0.15393 9.9973E-05 0.00365197 9.9973E-05 0.0106755
0.752443 0.0087004 0.163846 0.0238005 0.0274723 0.00447344 0.0192641
0.734865 9.9964E-05 9.9964E-05 0.259625 0.00511077 9.9964E-05 9.9964E-05
0.788509 0.0131148 0.141559 9.9991E-05 0.0163474 0.0118587 0.0285102
0.860944 9.9982E-05 9.9982E-05 0.0815735 0.00750636 0.024132 0.0256443
0.896894 9.9973E-05 9.9973E-05 0.0909012 0.00651598 9.9973E-05 0.00538923
0.776142 9.9973E-05 0.0503605 0.157537 9.9973E-05 0.0156612 9.9973E-05
0.692907 9.9955E-05 9.9955E-05 0.306593 9.9955E-05 9.9955E-05 9.9955E-05
0.62833 0.0596161 0.261941 9.9982E-05 0.0219 0.0280132 9.9982E-05
0.112202 0.833295 0.0439121 9.9973E-05 0.0102914 9.9973E-05 9.9973E-05
0.0126353 0.513476 0.177913 9.9991E-05 0.0068035 0.0329785 0.256093
0.0930104 0.837353 0.0242663 0.0204461 0.0154592 0.00752731 0.00193749
0.0509381 0.702398 0.0798542 0.0871294 0.00475699 0.00866142 0.0662616
0.00370429 0.626578 0.276684 9.9973E-05 9.9973E-05 9.9973E-05 0.0927334
0.0431462 0.624925 0.0568991 0.0221344 0.00877051 0.0379272 0.206197
0.0927538 0.629964 9.9982E-05 0.135115 0.0300335 9.9982E-05 0.111934
9.9991E-05 0.715707 0.0233636 0.119993 0.0294618 0.021992 0.0893827
9.9982E-05 0.0392811 0.720665 0.137562 9.9982E-05 0.0671656 0.0351265
0.0469919 9.9973E-05 0.621447 0.305866 0.0253953 9.9973E-05 9.9973E-05
9.9955E-05 9.9955E-05 0.467615 0.531886 9.9955E-05 9.9955E-05 9.9955E-05
0.140581 0.165441 0.490693 0.159918 9.9991E-05 0.0147615 0.0285054
0.148603 0.03532 0.547148 0.219634 0.0141273 0.000479844 0.0346877
0.133195 0.0659676 0.66757 0.0956218 0.0341472 0.00339885 9.9991E-05
9.9955E-05 9.9955E-05 0.442973 0.556527 9.9955E-05 9.9955E-05 9.9955E-05
9.9973E-05 9.9973E-05 0.544241 0.441479 0.00558123 0.00839911 9.9973E-05
0.057775 0.0753893 0.623693 0.197074 0.0348145 0.0111538 9.9991E-05
0.0625662 0.0658781 0.581958 0.184033 0.044537 0.0508062 0.0102205
0.0758845 0.00932845 0.577655 0.241375 0.0374146 0.0335741 0.0247689
0.098202 0.0449 0.737541 0.0767879 0.0423694 9.9982E-05 9.9982E-05
0.0537169 9.9991E-05 0.62415 0.257505 0.0411221 0.00205306 0.0213532
9.9973E-05 0.0457295 0.943364 9.9973E-05 9.9973E-05 0.00334059 0.00726599
0.0508763 0.00699949 0.84822 0.0479285 0.0298069 9.9991E-05 0.0160686
9.9982E-05 0.000245418 0.895455 0.0876738 0.00499709 0.0114291 9.9982E-05
0.0875846 9.9973E-05 0.743597 0.117821 0.0506968 9.9973E-05 9.9973E-05
0.113071 0.021695 0.725977 0.0905817 0.0287362 0.0198396 9.9991E-05
0.0179814 0.0234428 0.702786 0.202721 0.035188 0.0177813 9.9991E-05
0.0519009 0.0170902 0.731298 0.115109 0.0354514 0.0490508 9.9991E-05
0.0167065 0.0613822 0.796287 9.9991E-05 0.0387482 0.0514082 0.0353684
0.0235282 0.109362 0.670041 0.103528 0.0314361 0.0488266 0.0132786
9.9964E-05 0.00102221 0.970277 0.0283005 9.9964E-05 9.9964E-05 9.9964E-05
