0.526655 0.446136 0.027209
0.516985 0.479174 0.00384052
0.508821 0.463594 0.0275846
0.555259 0.380217 0.0645239
0.516112 0.483788 9.9991E-05
0.533538 0.449387 0.0170749
0.523297 0.383414 0.0932892
0.549008 0.376033 0.0749586
0.5854 0.344562 0.0700382
9.999E-05 0.9998 9.999E-05
0.0576137 0.89448 0.0479064
0.114963 0.801357 0.0836801
0.105307 0.81234 0.0823531
0.0856279 0.85393 0.060442
9.9991E-05 0.998932 0.000968468
0.0617958 0.872979 0.0652254
0.0176425 0.956723 0.0256341
0.0497479 0.920965 0.0292874
0.0673178 0.889846 0.0428366
0.120701 0.797646 0.0816521
9.999E-05 0.9998 9.999E-05
0.107343 0.732392 0.160264
0.128718 0.76595 0.105332
0.125773 0.786567 0.0876596
0.0443035 0.889805 0.0658912
0.118857 0.767335 0.113808
0.08674 0.798998 0.114262
0.118835 0.756167 0.124998
0.128753 0.784609 0.0866389
0.115829 0.781798 0.102373
0.0857184 0.799017 0.115265
0.752329 0.203175 0.0444954
0.669417 0.324203 0.00638023
0.681906 0.282043 0.0360516
0.789826 0.188962 0.0212115
0.701654 0.254192 0.0441537
0.76857 0.190305 0.0411246
0.719103 0.239295 0.0416019
0.756421 0.209773 0.0338059
0.739295 0.260605 9.9991E-05
0.785417 0.199009 0.0155735
9.9991E-05 0.0415266 0.958373
0.00456487 9.9991E-05 0.995335
0.0384692 0.0105663 0.950964
0.0276511 0.0318272 0.940522
0.0380665 0.0372185 0.924715
0.0613867 9.9991E-05 0.938513
0.0718808 0.106733 0.821386
9.9991E-05 0.0069495 0.992951
9.999E-05 9.999E-05 0.9998
0.0288265 9.9991E-05 0.971073
9.999E-05 9.999E-05 0.9998
9.999E-05 9.999E-05 0.9998
0.0717693 0.707863 0.220367
0.0577951 0.774863 0.167342
0.104821 0.723077 0.172101
0.0144978 0.777648 0.207855
0.0778726 0.715444 0.206683
0.0674724 0.705243 0.227284
0.105961 0.671579 0.22246
0.0637647 0.710741 0.225494
0.453545 0.537784 0.00867117
0.512062 0.487838 9.9991E-05
0.493227 0.468573 0.0381998
0.524151 0.452086 0.0237627
0.404752 0.538339 0.0569089
0.471392 0.498332 0.0302752
0.469208 0.521925 0.00886707
0.515624 0.428958 0.0554179
0.471231 0.453464 0.0753047
0.491262 0.474101 0.0346371
0.52962 0.47028 9.9991E-05
0.14672 0.740597 0.112683
0.165711 0.738437 0.0958524
0.204786 0.706291 0.0889224
0.168619 0.724053 0.107328
0.0718535 0.883672 0.0444746
0.0576794 0.912642 0.0296789
0.0385049 0.940187 0.0213085
0.0900876 0.902117 0.00779591
0.0709042 0.855639 0.0734571
0.101943 0.850249 0.0478082
0.150456 0.740482 0.109062
0.052042 0.869646 0.0783117
0.031511 0.122478 0.846011
0.0412222 0.138334 0.820443
9.9991E-05 0.136278 0.863622
0.0491254 0.0512813 0.899593
0.0394327 0.0404818 0.920085
0.0669403 0.156242 0.776818
0.0935811 0.085429 0.82099
0.0891356 0.149514 0.761351
0.076843 0.126932 0.796225
0.215224 0.784676 9.9991E-05
0.27917 0.679295 0.041535
0.342401 0.623825 0.0337746
0.319298 0.680602 9.9991E-05
0.345574 0.601732 0.0526934
0.286392 0.654687 0.0589206
0.240004 0.736632 0.0233641
0.197047 0.784266 0.0186873
0.319384 0.680516 9.9991E-05
0.141565 0.846938 0.0114966
0.27273 0.722177 0.00509324
0.276796 0.687869 0.0353346
0.0638765 0.725357 0.210766
0.00310619 0.793162 0.203732
0.131929 0.66876 0.199311
0.0986056 0.666533 0.234862
9.9991E-05 0.813206 0.186694
0.119796 0.65287 0.227333
0.0115239 0.759818 0.228658
0.0806754 0.697265 0.222059
9.9991E-05 0.79567 0.20423
0.039709 0.773112 0.187179
0.0326474 0.764449 0.202904
0.9998 9.999E-05 9.999E-05
0.919012 0.080888 9.9991E-05
0.919221 0.0277335 0.053046
0.859014 0.0890425 0.0519438
0.850528 0.0798363 0.0696361
0.863524 0.0546217 0.0818539
0.870051 0.0751838 0.0547649
0.978609 0.00544695 0.015944
0.945167 0.0512776 0.00355522
0.916871 0.0503148 0.0328142
0.885287 0.0641705 0.0505424
0.875802 0.0468471 0.0773511
0.65488 0.3159 0.0292199
0.670681 0.292266 0.0370529
0.689932 0.300916 0.00915236
0.682197 0.249333 0.0684693
0.692252 0.252241 0.0555076
0.649918 0.298106 0.0519755
0.656694 0.343206 9.9991E-05
0.6489 0.33831 0.0127908
0.691453 0.266237 0.0423098
0.68401 0.262011 0.0539798
0.688627 0.310688 0.000685565
0.702385 0.233505 0.0641106
0.9998 9.999E-05 9.999E-05
0.9998 9.999E-05 9.999E-05
0.9998 9.999E-05 9.999E-05
0.987333 9.9991E-05 0.0125667
0.978379 9.9991E-05 0.0215211
0.934555 0.0111516 0.0542938
0.995613 9.9991E-05 0.00428652
0.983317 9.9991E-05 0.0165833
0.9998 9.999E-05 9.999E-05
0.9998 9.999E-05 9.999E-05
0.9998 9.999E-05 9.999E-05
0.963847 9.9991E-05 0.0360532
0.0920225 0.676324 0.231654
0.0711959 0.67973 0.249074
0.0287981 0.775381 0.195821
0.0976746 0.641446 0.260879
0.0601513 0.745168 0.19468
0.105819 0.653845 0.240336
0.00925551 0.803138 0.187607
0.0471893 0.773012 0.179798
0.0229181 0.793162 0.18392
0.0628961 0.740211 0.196892
0.0522304 0.725094 0.222675
0.0164745 0.770116 0.213409
0.0249628 0.766741 0.208297
0.0131654 0.814897 0.171937
0.0635203 0.729337 0.207143
0.603996 0.372823 0.023181
0.679309 0.267584 0.0531068
0.60843 0.353893 0.0376769
0.6072 0.374439 0.0183617
0.607152 0.378253 0.0145954
0.707795 0.236836 0.0553694
0.630807 0.364255 0.00493846
0.652014 0.321973 0.0260129
0.162452 0.70499 0.132557
0.0454217 0.896973 0.0576055
0.0312541 0.945955 0.0227905
0.217099 0.690594 0.0923064
0.163736 0.77005 0.0662146
0.0908531 0.822448 0.086699
0.0239997 0.942417 0.0335836
0.0802906 0.865977 0.0537319
0.128291 0.797493 0.0742153
0.128495 0.771189 0.100317
0.12143 0.780244 0.0983259
0.0920676 0.829838 0.078094
0.107888 0.837409 0.0547028
0.141344 0.759487 0.0991694
0.0948715 0.846086 0.0590429
0.0821125 0.824352 0.0935358
0.0702276 0.877812 0.0519602
0.0848277 0.802523 0.11265
0.092945 0.825372 0.0816833
0.0856677 0.798026 0.116306
0.157922 0.725505 0.116572
0.161716 0.728692 0.109591
0.0901756 0.823703 0.0861211
