9.9973E-05 0.722772 0.11866 9.9973E-05 9.9973E-05 0.129723 0.0285458
9.9982E-05 0.714304 0.0173955 9.9982E-05 0.0682248 0.173126 0.0267502
9.999E-05 0.713343 0.0837374 0.00193422 0.0927424 0.0731299 0.0350132
9.9973E-05 0.696053 9.9973E-05 0.0581136 0.22575 9.9973E-05 0.019783
9.9964E-05 0.687232 9.9964E-05 9.9964E-05 0.295753 9.9964E-05 0.0166146
9.9973E-05 0.736216 0.0404826 9.9973E-05 0.20683 9.9973E-05 0.0161721
0.0249555 0.637482 0.00370021 0.0877462 0.0957687 0.114073 0.0362744
0.00968276 0.716358 9.9991E-05 0.0596732 0.0825077 0.119843 0.0118347
0.0361045 0.713239 9.9982E-05 0.0557617 0.060235 0.13446 9.9982E-05
9.995E-05 9.995E-05 9.995E-05 9.995E-05 9.995E-05 9.995E-05 0.9994
9.9973E-05 9.9973E-05 0.0515663 9.9973E-05 0.165934 0.676556 0.105644
0.0190618 0.044392 0.0242811 0.027579 0.145705 0.63185 0.107131
0.0381354 0.0561078 0.0120138 0.0619035 9.9991E-05 0.234596 0.597143
0.00848595 0.101623 9.9982E-05 0.048923 9.9982E-05 0.140936 0.699832
9.9955E-05 9.9955E-05 9.9955E-05 9.9955E-05 0.0203574 9.9955E-05 0.979143
0.0202801 0.0177294 0.0916917 9.9982E-05 9.9982E-05 0.51756 0.352539
9.995E-05 9.995E-05 9.995E-05 9.995E-05 9.995E-05 9.995E-05 0.9994
0.0301656 0.00397635 0.0404543 0.00536379 9.9991E-05 0.236491 0.683449
0.0260716 0.0428644 9.9982E-05 0.0265464 9.9982E-05 0.12191 0.782408
9.999E-05 0.083308 0.0468199 0.041732 0.181074 0.565954 0.0810119
9.995E-05 9.995E-05 9.995E-05 9.995E-05 9.995E-05 9.995E-05 0.9994
0.0580411 0.00686254 0.194109 0.0545679 0.0511155 0.613052 0.0222521
0.0303094 0.0341785 0.0781289 0.0233749 0.157195 0.672381 0.00443191
0.0275936 9.9991E-05 0.0572416 0.0403772 0.36019 0.496277 0.0182212
9.9955E-05 9.9955E-05 9.9955E-05 9.9955E-05 0.21646 0.783041 9.9955E-05
0.00604461 0.0190063 0.121735 0.0523308 0.357191 0.418882 0.0248107
0.0228731 9.9991E-05 0.11745 0.0445261 0.256839 0.545238 0.0129736
0.044116 0.0212123 0.0860861 0.0333122 0.0211362 0.794037 9.9991E-05
0.0338419 9.9991E-05 0.109187 0.021069 0.200141 0.603554 0.0321067
0.0486272 9.9991E-05 0.0537894 0.0271041 0.07683 0.784933 0.00861663
0.0204559 0.0162439 0.0834591 0.0392635 0.0784065 0.740529 0.0216416
0.273137 0.594812 0.0530514 0.0193089 9.9991E-05 0.0476046 0.0119861
0.124135 0.705243 0.0160551 9.9982E-05 9.9982E-05 0.145347 0.00902086
0.178677 0.643815 0.0362966 0.0165239 0.0147629 0.109825 9.9991E-05
0.18298 0.720848 9.9973E-05 0.00396043 0.0919113 9.9973E-05 9.9973E-05
0.19387 0.650472 0.0150603 0.0215297 9.9991E-05 0.112473 0.00649405
0.23925 0.637624 0.0349846 0.021315 0.0666267 9.9982E-05 9.9982E-05
0.131343 0.754023 9.9982E-05 0.0388181 0.0109772 0.0646395 9.9982E-05
0.144812 0.763933 9.9973E-05 0.02226 0.0686948 9.9973E-05 9.9973E-05
0.209408 0.54713 9.9973E-05 9.9973E-05 0.225779 9.9973E-05 0.017383
0.17557 0.752077 0.0529105 9.9973E-05 0.0191428 9.9973E-05 9.9973E-05
9.9973E-05 9.9973E-05 9.9973E-05 0.915317 0.0367201 0.0272291 0.0204341
9.9973E-05 9.9973E-05 0.023059 0.946483 0.000887218 0.0292712 9.9973E-05
0.0189847 9.9973E-05 9.9973E-05 0.908625 0.0188239 0.0532669 9.9973E-05
0.00754919 9.9964E-05 9.9964E-05 0.876512 9.9964E-05 0.115539 9.9964E-05
0.0159937 9.9964E-05 9.9964E-05 0.873843 9.9964E-05 0.109764 9.9964E-05
0.0167083 9.9964E-05 9.9964E-05 0.883281 9.9964E-05 0.0996111 9.9964E-05
0.0215447 0.0401941 0.0407957 0.771643 0.0157482 0.105563 0.00451076
9.9964E-05 9.9964E-05 0.0358305 0.936822 9.9964E-05 9.9964E-05 0.0269479
9.9955E-05 9.9955E-05 9.9955E-05 0.98097 0.0185307 9.9955E-05 9.9955E-05
0.00555194 0.0199311 9.9973E-05 0.92248 9.9973E-05 0.0517373 9.9973E-05
9.995E-05 9.995E-05 9.995E-05 0.9994 9.995E-05 9.995E-05 9.995E-05
9.9955E-05 9.9955E-05 9.9955E-05 0.996253 0.00324715 9.9955E-05 9.9955E-05
0.025659 9.9955E-05 0.973841 9.9955E-05 9.9955E-05 9.9955E-05 9.9955E-05
0.0363115 9.9982E-05 0.722157 9.9982E-05 0.123696 0.101437 0.0161986
0.0122702 0.0669978 0.530553 0.0286693 0.104203 0.239667 0.017639
0.00987596 9.9991E-05 0.850951 0.00614847 0.0279648 0.0682867 0.0366729
0.0290229 9.9982E-05 0.613294 0.0589389 0.114386 0.184159 9.9982E-05
0.0317576 9.9991E-05 0.705406 0.0553987 0.108624 0.0702566 0.0284575
0.0435851 0.0522727 0.859023 0.0206977 9.9982E-05 0.0242212 9.9982E-05
0.0250278 0.0401108 0.806337 0.0365911 9.9991E-05 0.0768102 0.0150228
0.00455214 0.436342 0.0155895 9.9982E-05 0.538959 9.9982E-05 0.00435743
9.9955E-05 0.470601 9.9955E-05 9.9955E-05 0.528899 9.9955E-05 9.9955E-05
0.0380082 0.508437 9.9982E-05 0.0267867 0.279064 0.147505 9.9982E-05
0.0378809 0.539928 9.9982E-05 0.0203073 0.396767 9.9982E-05 0.00491729
9.9973E-05 0.365757 0.003234 0.0439956 0.586714 9.9973E-05 9.9973E-05
0.0516688 0.470866 0.0612401 0.0177829 0.245649 0.10447 0.0483234
0.0260469 0.515968 0.0154281 9.9991E-05 0.297446 0.139184 0.00582734
0.0412718 0.463226 9.9982E-05 0.0386523 0.442525 9.9982E-05 0.0141257
0.00481918 0.551404 0.0182815 0.0515985 0.237528 0.136269 9.9991E-05
0.0116753 0.546671 0.0299098 0.0191642 0.306483 0.0750471 0.01105
9.9955E-05 0.332108 9.9955E-05 9.9955E-05 0.667392 9.9955E-05 9.9955E-05
0.039368 0.0837053 0.0412122 0.0606832 0.0404516 0.621227 0.113353
0.0286814 0.102454 0.0158018 0.0232844 9.9991E-05 0.75602 0.0736586
0.0687446 0.117585 9.9982E-05 0.0443513 9.9982E-05 0.653076 0.116043
0.0517546 0.110341 0.0256815 0.0506054 9.9991E-05 0.666858 0.0946595
9.9982E-05 9.9982E-05 0.0217587 0.0119409 0.374432 0.443697 0.147971
9.9982E-05 0.00259776 0.0243416 9.9982E-05 0.232844 0.636446 0.10357
9.9973E-05 9.9973E-05 0.106699 9.9973E-05 0.226977 0.534216 0.131808
0.0326859 9.9982E-05 0.0520989 9.9982E-05 0.117534 0.66104 0.136442
9.9982E-05 0.0251868 0.210453 9.9982E-05 0.216484 0.455558 0.0921182
0.0202647 9.9991E-05 0.0101067 0.00492943 0.294735 0.581683 0.0881819
0.0212758 0.0922079 0.0287206 0.0586517 0.0817229 0.657493 0.0599283
9.9982E-05 9.9982E-05 0.0645474 0.0185521 0.241527 0.573524 0.10165
0.00398667 0.0393571 0.107285 0.779671 0.0104497 0.0591506 9.9991E-05
9.9982E-05 0.0343384 0.0608616 0.747482 9.9982E-05 0.147179 0.00993856
9.9964E-05 9.9964E-05 0.0504699 0.791325 0.157805 9.9964E-05 9.9964E-05
9.9982E-05 0.0553225 0.00643255 0.858319 9.9982E-05 0.0740306 0.00569506
9.9973E-05 0.0293967 0.0425837 0.838164 9.9973E-05 0.0895557 9.9973E-05
9.9964E-05 0.0496669 9.9964E-05 0.711316 9.9964E-05 0.238617 9.9964E-05
0.0154463 0.0630622 9.9973E-05 0.762934 9.9973E-05 0.158258 9.9973E-05
9.9973E-05 0.0809769 0.0737532 0.673733 9.9973E-05 0.171237 9.9973E-05
0.0265935 0.0418251 0.00796777 0.729399 9.9991E-05 0.172703 0.0214112
0.0104159 9.99549E-05 9.99549E-05 9.99549E-05 0.989084 9.99549E-05 9.99549E-05
0.00761045 0.0713873 0.0222505 0.0264281 0.872124 9.9982E-05 9.9982E-05
9.9973E-05 0.268669 9.9973E-05 0.0335353 0.670335 9.9973E-05 0.0271601
0.0236529 0.205827 9.9982E-05 9.9982E-05 0.608995 0.152223 0.00910205
0.0254229 0.288755 9.9991E-05 0.0359055 0.387386 0.250596 0.0118351
0.0431775 0.207126 0.0148454 0.0271555 0.305544 0.390338 0.0118149
0.0727218 9.9982E-05 9.9982E-05 0.0142455 0.715424 0.154586 0.0428232
9.9973E-05 9.9973E-05 9.9973E-05 0.000976814 0.958775 0.0356065 0.00434146
0.00320448 0.215905 0.0527109 9.9982E-05 0.713705 9.9982E-05 0.0142749
9.9973E-05 9.9973E-05 9.9973E-05 0.00336556 0.863336 0.125429 0.00757034
0.00904655 0.107031 0.0862823 9.9982E-05 0.691622 0.105817 9.9982E-05
0.0313335 0.0316602 9.9982E-05 0.029568 0.901661 9.9982E-05 0.00557722
0.0082234 0.0678215 0.834047 0.0121346 9.9991E-05 0.0684683 0.00920476
0.00357225 9.9973E-05 0.878833 9.9973E-05 9.9973E-05 0.113082 0.00421271
0.00566203 0.160455 0.579914 0.0393305 9.9982E-05 0.214438 9.9982E-05
9.9973E-05 0.118489 0.742224 0.0573371 9.9973E-05 0.0816498 9.9973E-05
9.9964E-05 9.9964E-05 0.707285 9.9964E-05 0.266664 9.9964E-05 0.0256508
0.0451878 0.0773395 0.604761 0.0656607 9.9991E-05 0.194906 0.0120455
0.00528408 9.9973E-05 0.741262 0.0246184 9.9973E-05 0.228536 9.9973E-05
9.9973E-05 0.0926126 0.711549 0.0411166 9.9973E-05 0.154422 9.9973E-05
9.9973E-05 0.00759684 0.857486 9.9973E-05 0.0582019 0.0764155 9.9973E-05
0.00344588 0.0220101 0.840833 9.9973E-05 9.9973E-05 0.133411 9.9973E-05
0.0232686 0.0159781 0.832277 0.00225953 0.0434483 0.0494711 0.0332971
0.746708 0.0492987 9.9964E-05 9.9964E-05 0.203593 9.9964E-05 9.9964E-05
0.666876 0.171705 9.9973E-05 9.9973E-05 0.154055 9.9973E-05 0.00706429
0.677241 0.210366 0.0399175 0.0391768 0.0233319 9.9991E-05 0.00986722
0.581986 0.256795 9.9991E-05 0.0375215 0.0012122 0.117433 0.00495205
0.579728 0.243092 9.9973E-05 0.0384324 9.9973E-05 0.138448 9.9973E-05
0.584298 0.213027 9.9973E-05 0.0287902 9.9973E-05 0.173584 9.9973E-05
0.620693 0.205971 9.9973E-05 0.017853 9.9973E-05 0.155183 9.9973E-05
0.756773 0.163517 0.0676556 9.9982E-05 9.9982E-05 0.00262187 0.00923322
0.65323 0.179187 9.9964E-05 9.9964E-05 0.167183 9.9964E-05 9.9964E-05
0.643127 0.214281 9.9973E-05 0.0132026 9.9973E-05 0.12909 9.9973E-05
0.603962 0.243558 9.9982E-05 0.0496695 0.0198461 0.0827647 9.9982E-05
0.675583 0.13912 9.9973E-05 0.0294035 9.9973E-05 0.155594 9.9973E-05
0.164274 0.644906 9.9964E-05 9.9964E-05 9.9964E-05 0.19042 9.9964E-05
0.0888419 0.766559 0.023099 0.0206132 0.00894736 0.0550478 0.0368921
0.130742 0.694345 9.9982E-05 9.9982E-05 0.126035 0.03805 0.0106286
0.160418 0.674096 0.0387235 0.0446181 0.0585237 9.9991E-05 0.0235209
0.143772 0.686674 9.9982E-05 0.036847 9.9982E-05 0.0924653 0.0400414
0.150098 0.644921 9.9982E-05 0.030071 9.9982E-05 0.138807 0.0359022
0.114677 0.681136 9.9982E-05 9.9982E-05 0.119757 0.0560665 0.0281633
0.112428 0.677727 9.9991E-05 0.0165004 0.0978978 0.0766473 0.0186994
0.131622 0.757912 0.0400703 0.0286627 0.0317388 9.9991E-05 0.00989446
0.142883 0.677034 0.0287337 0.0304018 0.037892 0.0829551 9.9991E-05
0.160681 0.618581 0.0246499 9.9982E-05 0.182272 9.9982E-05 0.0136163
0.16211 0.69473 0.0147751 0.0331058 9.9982E-05 0.0950788 9.9982E-05
0.92926 9.9973E-05 0.0263519 9.9973E-05 0.0347926 9.9973E-05 0.00929545
0.954621 9.9955E-05 9.9955E-05 9.9955E-05 0.0448787 9.9955E-05 9.9955E-05
0.953754 9.9955E-05 9.9955E-05 9.9955E-05 0.0457462 9.9955E-05 9.9955E-05
0.9354 0.0123884 9.9973E-05 0.0244852 9.9973E-05 0.0274263 9.9973E-05
0.896395 9.9964E-05 9.9964E-05 0.00424039 9.9964E-05 0.0989643 9.9964E-05
0.816316 0.024129 9.9973E-05 0.0246323 9.9973E-05 0.134623 9.9973E-05
0.87634 0.0365553 9.9964E-05 9.9964E-05 9.9964E-05 0.0867052 9.9964E-05
0.886893 0.00963045 9.9973E-05 0.0203967 9.9973E-05 0.08278 9.9973E-05
0.918138 9.9955E-05 9.9955E-05 9.9955E-05 0.081362 9.9955E-05 9.9955E-05
0.913596 9.9955E-05 9.9955E-05 9.9955E-05 0.0859045 9.9955E-05 9.9955E-05
0.95499 9.9973E-05 0.0319094 9.9973E-05 0.00254807 9.9973E-05 0.0102531
0.894718 9.9964E-05 9.9964E-05 0.0102995 9.9964E-05 0.0945827 9.9964E-05
0.0141735 0.0405638 0.55085 0.0863651 0.190209 0.113493 0.00434521
9.9991E-05 0.0492112 0.647806 0.0853889 0.149319 0.04904 0.0191347
9.9973E-05 9.9973E-05 0.779709 0.0127637 0.181843 9.9973E-05 0.0253847
0.0204607 0.0678779 0.592958 0.0914739 0.0684459 0.158683 9.9991E-05
9.9991E-05 0.0332166 0.583428 0.055876 0.167444 0.119539 0.0403963
0.0378167 0.0740796 0.575548 0.066189 9.9982E-05 0.246167 9.9982E-05
0.0254634 9.9973E-05 0.813423 9.9973E-05 9.9973E-05 0.14747 0.0133442
0.0204168 0.027988 0.775709 9.9991E-05 0.0192906 0.127492 0.0290036
9.9964E-05 9.9964E-05 0.75636 9.9964E-05 0.243026 9.9964E-05 0.00021448
0.0381188 0.0175065 0.781053 0.0111751 9.9991E-05 0.13715 0.0148972
0.00907313 9.9982E-05 0.842185 0.0315598 0.115874 9.9982E-05 0.0011082
9.9964E-05 9.9964E-05 0.883012 9.9964E-05 0.10827 9.9964E-05 0.00831798
9.9991E-05 0.00361028 0.775511 0.0257205 0.161153 0.0322391 0.00166637
9.9955E-05 9.9955E-05 0.682042 9.9955E-05 0.317458 9.9955E-05 9.9955E-05
9.9982E-05 0.0885981 0.627168 0.0334281 9.9982E-05 0.214751 0.0358544
9.9973E-05 0.86454 0.107538 9.9973E-05 9.9973E-05 0.0126916 0.0149312
0.24869 0.529984 0.0378672 0.031716 9.9991E-05 0.140819 0.0108232
0.00541108 0.83976 0.0914914 0.00866874 9.9991E-05 0.0376329 0.0169357
0.058248 0.713004 0.0511912 0.00483047 0.101108 0.0685483 0.00306973
0.100039 0.640357 9.9964E-05 9.9964E-05 9.9964E-05 0.259205 9.9964E-05
0.21024 0.611149 0.0539097 0.037673 0.0601147 0.0268142 9.9991E-05
0.128836 0.610385 0.0919274 9.9982E-05 0.137666 9.9982E-05 0.0309855
0.0909119 0.716921 9.9991E-05 0.0264491 0.143963 0.00551307 0.016142
0.0456312 0.0634908 9.9982E-05 0.057898 0.122674 0.710106 9.9982E-05
9.9973E-05 9.9973E-05 0.0388422 9.9973E-05 0.295996 0.636825 0.0280369
9.9955E-05 9.9955E-05 9.9955E-05 9.9955E-05 0.436763 0.562738 9.9955E-05
0.0244146 0.169642 0.141343 0.0281218 0.156481 0.479897 9.9991E-05
0.0424704 0.0400502 0.164427 9.9991E-05 0.218908 0.522778 0.0112657
9.9982E-05 0.0749352 0.130094 9.9982E-05 0.0688913 0.69897 0.0269093
9.9964E-05 9.9964E-05 9.9964E-05 9.9964E-05 0.463297 0.532108 0.00419547
9.99688E-05 9.99688E-05 9.99688E-05 9.99688E-05 0.354032 0.634502 0.011066
9.9991E-05 0.101908 0.0817871 0.0163587 0.163391 0.592493 0.0439616
0.0157813 0.049744 0.0441387 0.0489462 0.178945 0.610586 0.0518593
0.0181179 0.0399012 0.0634581 0.0394086 0.204314 0.587421 0.0473786
9.9991E-05 0.0719839 0.0848367 0.000937716 0.0738469 0.732573 0.0357218
0.0212493 9.9982E-05 0.05378 9.9982E-05 0.243608 0.629531 0.0516325
0.00665223 0.0807226 9.9973E-05 0.0121781 9.9973E-05 0.900147 9.9973E-05
9.9982E-05 0.044351 0.0374804 9.9982E-05 0.022251 0.851642 0.0440752
9.9982E-05 0.0466502 9.9982E-05 0.0135265 0.0477724 0.876375 0.0154761
9.9973E-05 9.9973E-05 0.0726462 9.9973E-05 0.122817 0.752412 0.0518252
9.9991E-05 0.0573832 0.128852 0.029339 0.0509234 0.681018 0.0523845
0.00527545 0.000854159 0.0274935 0.0264774 0.218973 0.68408 0.0368464
9.9991E-05 0.025482 0.0635044 0.0442259 0.118556 0.707 0.0411315
0.0547053 0.0735286 0.0167754 0.0476848 9.9991E-05 0.765147 0.0420586
0.0151412 0.119616 0.027593 0.0522012 0.094927 0.645236 0.0452851
9.9964E-05 0.0483854 9.9964E-05 0.0153103 9.9964E-05 0.935904 9.9964E-05
