0.645262 0.0290808 0.125783 0.123373 0.0765013
0.724434 0.0158074 0.151127 0.0770622 0.03157
0.741062 0.0254268 0.083474 0.0639834 0.0860542
0.837468 0.0746035 0.055566 0.032262 9.9991E-05
0.896978 9.9982E-05 0.059406 9.9982E-05 0.0434164
0.928163 0.0297483 0.00127433 9.9991E-05 0.0407149
0.642187 0.113908 0.118238 0.117576 0.00809186
0.696883 0.0822513 0.103894 0.116405 0.000567161
0.717963 0.0753217 0.0282643 0.143974 0.0344765
9.997E-05 9.997E-05 0.9996 9.997E-05 9.997E-05
0.0916737 0.00392739 0.559895 0.0166688 0.327835
0.134152 0.0465929 0.498914 0.0410917 0.27925
9.9982E-05 0.08446 0.832562 0.0827777 9.9982E-05
0.0190598 0.0618469 0.897463 0.0215305 9.9991E-05
9.997E-05 9.997E-05 0.9996 9.997E-05 9.997E-05
9.999E-05 0.0480338 0.749563 0.0502679 0.152036
9.997E-05 9.997E-05 0.9996 9.997E-05 9.997E-05
9.999E-05 0.0124482 0.922498 0.0433189 0.0216347
9.9982E-05 0.0324633 0.941414 0.0259232 9.9982E-05
0.208072 0.0575849 0.447285 0.0100404 0.277018
9.997E-05 9.997E-05 0.9996 9.997E-05 9.997E-05
0.00723683 0.079779 0.377613 0.115321 0.420051
0.120851 0.0519885 0.405116 0.0611396 0.360904
0.163706 0.0506357 0.353971 0.0286313 0.403056
0.0162097 0.0179192 0.477372 0.0570215 0.431478
0.222177 0.0648859 0.295397 0.010821 0.40672
0.0745142 0.0593429 0.358726 0.0656146 0.441802
0.0286746 0.0713897 0.40865 0.108816 0.382469
0.098421 0.0282696 0.400316 0.0691188 0.403875
0.0410998 0.0541955 0.447703 0.10275 0.354252
0.0645989 0.073236 0.46593 0.0579053 0.33833
0.489309 0.0581685 0.0417645 0.410658 9.9991E-05
0.583307 0.0094891 0.103371 0.274603 0.0292287
0.603579 0.0401702 0.0521986 0.295069 0.0089837
0.709208 0.0108261 9.9982E-05 0.279766 9.9982E-05
0.546523 0.0429126 0.0814422 0.329022 9.9991E-05
0.603621 0.0400421 9.9982E-05 0.356137 9.9982E-05
0.68003 0.0434811 0.0176573 0.258732 9.9991E-05
0.701208 0.0325067 9.9982E-05 0.266086 9.9982E-05
0.731428 9.9973E-05 9.9973E-05 0.268272 9.9973E-05
0.675744 0.016422 9.9991E-05 0.306972 0.000762044
9.9982E-05 0.938138 0.0475366 9.9982E-05 0.0141254
9.9973E-05 0.97191 9.9973E-05 9.9973E-05 0.0277904
9.9982E-05 0.918942 0.0472892 0.0335684 9.9982E-05
9.9982E-05 0.911293 0.0658697 0.0226368 9.9982E-05
9.9982E-05 0.902171 0.0572934 0.0403355 9.9982E-05
9.9982E-05 0.912643 0.0360972 0.0510596 9.9982E-05
0.0200418 0.794836 0.0681886 0.0485416 0.0683921
9.9973E-05 0.964864 0.0348366 9.9973E-05 9.9973E-05
9.997E-05 0.9996 9.997E-05 9.997E-05 9.997E-05
9.9982E-05 0.957111 0.00363803 0.0390515 9.9982E-05
9.997E-05 0.9996 9.997E-05 9.997E-05 9.997E-05
9.997E-05 0.9996 9.997E-05 9.997E-05 9.997E-05
9.9982E-05 0.0540414 9.9982E-05 0.0768966 0.868862
9.9991E-05 0.0338983 0.0893732 0.0732891 0.803339
0.0983463 0.0860955 0.140498 0.0559558 0.619105
9.9991E-05 0.0755828 0.0801373 0.0323184 0.811861
0.0484441 0.108823 0.0957935 0.056329 0.69061
9.9991E-05 0.110082 0.0738898 0.074759 0.741169
9.9982E-05 0.100877 9.9982E-05 0.105659 0.793264
9.9991E-05 0.111065 0.0455043 0.0743121 0.769019
0.788903 9.9982E-05 0.0398858 9.9982E-05 0.171011
0.897006 0.00279604 9.9982E-05 9.9982E-05 0.0999975
0.703566 0.051489 0.144244 0.0760825 0.0246183
0.804362 0.031749 0.0806474 0.0517896 0.0314523
0.751217 0.0358513 0.0219911 9.9991E-05 0.19084
0.593607 0.0263033 0.143036 0.0905747 0.14648
0.68143 0.00766376 0.127294 0.0701529 0.11346
0.734271 0.0407897 0.0335236 0.0667007 0.124715
0.697582 0.0678097 0.0767416 0.0581152 0.0997516
0.702739 0.0370489 0.0953355 0.0646724 0.100204
0.929152 9.9973E-05 9.9973E-05 9.9973E-05 0.0705478
0.0671117 0.087429 0.516625 0.109589 0.219246
0.0628247 0.0554111 0.552727 0.117984 0.211054
0.0574586 0.0734119 0.541815 0.149729 0.177585
0.0965402 0.0711217 0.508844 0.111117 0.212377
0.150833 0.0252765 0.506901 9.9991E-05 0.31689
0.150106 9.9982E-05 0.543099 9.9982E-05 0.306595
0.0983014 9.9982E-05 0.525271 9.9982E-05 0.376228
0.0378055 9.9991E-05 0.586283 0.0654096 0.310402
0.152437 0.0194174 0.410715 9.9991E-05 0.417331
0.14009 0.010045 0.491294 0.0336043 0.324966
0.142359 0.0810039 0.447185 0.0714977 0.257955
0.101796 0.0288979 0.520851 9.9991E-05 0.348355
0.0102964 0.815838 0.0363625 0.0337572 0.103746
9.9991E-05 0.78828 0.101102 0.0320901 0.0784279
0.0272617 0.830624 9.9982E-05 9.9982E-05 0.141914
0.0365748 0.880783 0.0438265 0.0168329 0.0219824
0.0106279 0.885968 0.0228563 0.0221305 0.058417
9.9991E-05 0.747561 0.143633 0.0580819 0.0506242
9.9991E-05 0.796918 0.0888286 0.060447 0.0537069
0.0441701 0.72349 0.0593517 0.0576079 0.11538
0.0175934 0.774706 0.103096 0.0729908 0.0316133
0.437382 9.9982E-05 0.19273 9.9982E-05 0.369688
0.584666 0.00371166 0.055012 9.9991E-05 0.35651
0.675868 0.0146043 0.12962 9.9991E-05 0.179808
0.590662 9.9982E-05 0.187818 9.9982E-05 0.221321
0.522389 0.0524255 0.238967 0.040528 0.14569
0.382805 0.0290105 0.266822 0.0631023 0.25826
0.445771 0.007989 0.276402 0.00611793 0.26372
0.424121 9.9982E-05 0.214621 9.9982E-05 0.361059
0.61889 9.9982E-05 0.071161 9.9982E-05 0.309749
0.397227 9.9982E-05 0.224195 9.9982E-05 0.378378
0.506921 9.9982E-05 0.0936377 9.9982E-05 0.399241
0.554458 9.9982E-05 0.121597 9.9982E-05 0.323744
0.000444057 0.0740074 0.0283147 0.0798512 0.817383
9.9991E-05 0.0522043 0.0392647 0.0296713 0.87876
0.0950649 0.104961 0.0949564 0.0824264 0.622592
0.0748565 0.12481 9.9991E-05 0.0523434 0.74789
0.0730775 0.0590094 9.9982E-05 9.9982E-05 0.867713
0.0561158 0.124198 0.105088 0.0940465 0.620551
9.9991E-05 0.0992146 0.107107 0.0430709 0.750507
0.0308729 0.114027 0.0402994 0.0691119 0.745688
0.0336855 0.0699579 0.0217848 0.00953665 0.865035
9.9991E-05 0.04958 0.0420637 0.0517641 0.856492
0.00017386 0.0809153 0.0634806 0.0578532 0.797577
0.245596 9.9973E-05 9.9973E-05 0.754104 9.9973E-05
0.238435 9.9982E-05 9.9982E-05 0.721777 0.0395884
0.1802 0.0485581 9.9991E-05 0.763641 0.00750091
0.222648 0.0468838 0.0731652 0.657203 9.9991E-05
0.17668 0.0720724 0.0482751 0.702873 9.9991E-05
0.125553 0.0697848 0.0994783 0.705084 9.9991E-05
0.121982 0.0463649 0.0857208 0.745833 9.9991E-05
0.125103 9.9991E-05 0.0173001 0.833083 0.0244145
0.301133 9.9982E-05 9.9982E-05 0.690319 0.00834799
0.185536 0.0317304 0.0660702 0.716564 9.9991E-05
0.241468 0.0522064 0.0351257 0.6711 9.9991E-05
0.0332603 0.0547335 0.11151 0.800396 9.9991E-05
0.532033 0.0288179 0.123324 0.305396 0.0104295
0.656396 0.0545026 0.0676199 0.221382 9.9991E-05
0.725308 0.0145777 0.0366711 0.223343 9.9991E-05
0.621516 0.0674552 0.0304259 0.270677 0.00992636
0.579301 0.0612492 0.0905766 0.268773 9.9991E-05
0.54272 0.0472364 0.123246 0.286698 9.9991E-05
0.68887 0.00884808 0.0763643 0.216863 0.00905473
0.695084 0.0349042 0.0557764 0.214135 9.9991E-05
0.67398 0.0531381 0.013862 0.25892 9.9991E-05
0.652288 0.0647953 0.0110269 0.255118 0.0167715
0.675586 0.0122189 0.045171 0.231136 0.0358871
0.590656 0.0724956 0.034521 0.2986 0.00372673
9.9982E-05 9.9982E-05 0.00415397 0.977052 0.0185944
9.9973E-05 9.9973E-05 9.9973E-05 0.991473 0.00822681
9.997E-05 9.997E-05 9.997E-05 0.9996 9.997E-05
9.9973E-05 0.0241314 9.9973E-05 0.975569 9.9973E-05
9.9982E-05 0.0102085 0.0353033 0.954288 9.9982E-05
9.9982E-05 0.0442592 0.0626963 0.892844 9.9982E-05
0.0217719 0.00415711 0.0454383 0.928533 9.9991E-05
9.9991E-05 0.0282752 0.0153282 0.946216 0.0100803
9.9973E-05 9.9973E-05 9.9973E-05 0.994915 0.00478534
9.9973E-05 9.9973E-05 9.9973E-05 0.977588 0.0221122
9.9973E-05 9.9973E-05 9.9973E-05 0.983257 0.0164434
9.9982E-05 0.0145147 0.0507873 0.934498 9.9982E-05
0.121275 0.133791 0.0654387 0.0385075 0.640987
0.0854357 0.135533 0.0519969 0.0220956 0.704939
0.0355513 0.0753556 0.0270155 0.0164185 0.845659
0.0795364 0.146112 0.078845 0.059077 0.636429
0.109254 0.101196 0.134253 9.9991E-05 0.655197
0.0365721 0.138897 0.108519 0.102245 0.613767
9.9991E-05 0.0500866 0.09599 0.0590744 0.794749
0.0120901 0.0628287 0.110805 0.0508023 0.763474
0.101108 0.0517621 0.00619335 9.9991E-05 0.840836
9.9991E-05 0.0790528 0.0735585 0.0812185 0.76607
9.9991E-05 0.092691 0.00343083 0.0606141 0.843164
0.000337789 0.0672518 0.00414723 0.0327636 0.8955
0.0514387 0.0890993 0.0383615 0.0158102 0.80529
0.0846905 0.0257235 9.9982E-05 9.9982E-05 0.889386
9.9991E-05 0.109314 0.177438 0.0835181 0.62963
0.771113 0.0114703 0.0267841 0.121375 0.0692574
0.433234 0.0591525 0.10412 0.388938 0.0145559
0.761597 0.0398212 0.0195874 0.134896 0.0440981
0.743247 0.0210155 0.0527252 0.147454 0.0355584
0.553852 0.0257543 0.138733 0.246846 0.0348147
0.584012 0.059942 9.9991E-05 0.320416 0.0355305
0.672438 9.9991E-05 0.03015 0.201633 0.0956793
0.738973 0.038069 0.0402849 0.182573 9.9991E-05
0.153782 0.0929245 0.442063 0.0819518 0.229279
0.15716 0.00530377 0.466074 9.9991E-05 0.371363
0.135269 9.9982E-05 0.468761 9.9982E-05 0.395771
0.245411 0.0503983 0.286586 0.0757316 0.341874
0.13083 0.0115843 0.373349 0.0698659 0.41437
0.162267 0.0303455 0.43557 0.000701371 0.371116
0.171719 9.9982E-05 0.414258 9.9982E-05 0.413823
0.176207 0.0136985 0.481009 0.00815508 0.32093
0.213214 0.0433815 0.420079 0.0167537 0.306572
0.164912 0.0638706 0.413745 0.0354621 0.32201
0.1569 0.0468091 0.415583 0.0459983 0.33471
0.112389 0.0325988 0.484584 0.0479615 0.322467
0.152512 0.023834 0.468229 0.0302336 0.325192
0.107804 0.0703102 0.528988 0.0770529 0.215846
0.0659209 0.0161229 0.541369 0.0622859 0.314302
0.155073 0.0612147 0.53937 0.00324091 0.241101
0.0599145 0.0113906 0.529232 0.0403264 0.359137
0.0934167 0.0526101 0.46432 0.0284245 0.361229
0.144749 0.0419404 0.484727 0.0185904 0.309993
0.0873818 0.0744332 0.483604 0.03054 0.324041
0.0698195 0.0843382 0.505341 0.117049 0.223452
0.156604 0.0804415 0.446432 0.0668954 0.249627
0.119733 0.0741353 0.583852 0.0337847 0.188495
