0.428074 0.104418 0.00784211 0.459666
0.416351 0.128774 9.9991E-05 0.454775
0.415476 0.0768979 0.0161301 0.491496
0.468975 0.0124289 0.0429414 0.475655
0.400851 9.9982E-05 9.9982E-05 0.598949
0.391139 9.9982E-05 9.9982E-05 0.608661
0.431256 0.0971682 0.0891335 0.382443
0.461223 0.0720561 0.0585838 0.408137
0.509933 0.000314795 0.0536669 0.436085
9.998E-05 0.9997 9.998E-05 9.998E-05
0.0152982 0.569085 0.0348927 0.380724
0.0590262 0.534554 0.0734154 0.333005
0.0770549 0.84601 0.0768348 9.9991E-05
0.0433129 0.909367 0.0472205 9.9991E-05
9.998E-05 0.9997 9.998E-05 9.998E-05
0.0317907 0.755064 0.0440364 0.169109
9.998E-05 0.9997 9.998E-05 9.998E-05
0.0191862 0.950301 0.0199462 0.0105662
0.0245536 0.947381 0.0279658 9.9991E-05
0.0625185 0.479352 0.0702191 0.387911
9.998E-05 0.9997 9.998E-05 9.998E-05
0.0713119 0.413129 0.129057 0.386502
0.0878998 0.418331 0.079785 0.413984
0.0614669 0.36736 0.0830451 0.488128
0.0041201 0.515555 0.0478091 0.432515
0.0730346 0.314386 0.0892611 0.523318
0.0433709 0.392341 0.0978035 0.466485
0.0901185 0.458722 0.0991592 0.352
0.0634759 0.437962 0.0634539 0.435108
0.0663774 0.500891 0.0846344 0.348097
0.0499852 0.494056 0.0892741 0.366684
0.680552 0.0456946 0.0423893 0.231364
0.576764 0.0843249 9.9991E-05 0.338812
0.605391 0.0550642 0.0179112 0.321634
0.679972 9.9982E-05 9.9982E-05 0.319828
0.634791 0.0646518 0.0365558 0.264001
0.653386 9.9991E-05 0.028325 0.318189
0.640025 9.9991E-05 0.0308411 0.329034
0.655032 9.9991E-05 0.0240208 0.320847
0.62998 9.9982E-05 9.9982E-05 0.36982
0.653805 9.9982E-05 9.9982E-05 0.345995
9.9982E-05 0.0526922 0.947108 9.9982E-05
0.00867217 0.00663858 0.984589 9.9991E-05
0.0353014 0.030459 0.93414 9.9991E-05
0.0244839 0.0579434 0.917473 9.9991E-05
0.0341623 0.0635647 0.902173 9.9991E-05
0.0400031 0.049924 0.909973 9.9991E-05
0.0649612 0.0892857 0.805485 0.0402676
9.9982E-05 0.0247713 0.975029 9.9982E-05
9.998E-05 9.998E-05 0.9997 9.998E-05
0.0493279 9.9982E-05 0.950472 9.9982E-05
9.998E-05 9.998E-05 0.9997 9.998E-05
9.998E-05 9.998E-05 0.9997 9.998E-05
0.00168591 0.0876893 0.181914 0.728711
9.9991E-05 0.181605 0.130403 0.687891
0.0372454 0.204172 0.132167 0.626415
9.9991E-05 0.175473 0.16967 0.654757
0.0127825 0.168601 0.186365 0.632252
0.00994901 0.152571 0.190825 0.646655
0.0345346 0.0957235 0.200495 0.669246
0.00740681 0.167658 0.188823 0.636112
0.34305 9.9982E-05 9.9982E-05 0.65675
0.359048 9.9982E-05 9.9982E-05 0.640752
0.415787 0.0779038 0.0285508 0.477758
0.438688 0.0247381 9.9991E-05 0.536474
0.301319 9.9991E-05 0.0200547 0.678526
0.378723 0.119664 0.0162394 0.485374
0.372029 0.0771667 9.9991E-05 0.550704
0.412254 0.00851259 0.0229125 0.556321
0.376448 0.0503766 0.0546639 0.518512
0.386875 0.0582429 0.0143525 0.540529
0.334091 9.9982E-05 9.9982E-05 0.665709
0.101836 0.528581 0.112948 0.256635
0.113882 0.566458 0.0960515 0.223609
0.149671 0.578832 0.0844643 0.187033
0.142084 0.541403 0.0952343 0.221279
0.0106813 0.503064 0.0430646 0.44319
0.00957042 0.522469 0.0194289 0.448532
9.9991E-05 0.546681 0.00456722 0.448652
0.0418797 0.613741 0.00823447 0.336145
0.0139663 0.434993 0.0509528 0.500088
0.0521251 0.517132 0.0239169 0.406826
0.101659 0.442652 0.0974756 0.358214
0.0125479 0.506984 0.0630209 0.417447
0.0384022 0.0418442 0.830777 0.0889766
0.0377613 0.124235 0.806247 0.0317568
9.9982E-05 9.9982E-05 0.837437 0.162363
0.0422702 0.0518144 0.885771 0.0201442
0.0358843 0.0221666 0.904118 0.0378308
0.0650793 0.154295 0.769227 0.0113988
0.080317 0.10662 0.812963 9.9991E-05
0.0737184 0.0671993 0.744934 0.114149
0.0969895 0.121351 0.78156 9.9991E-05
0.118033 0.137293 9.9991E-05 0.744574
0.181521 0.026006 0.0165044 0.775968
0.240823 0.0898957 0.00568736 0.663594
0.223172 0.136218 9.9991E-05 0.64051
0.265887 0.203997 0.0367662 0.49335
0.218754 0.248021 0.0464993 0.486726
0.154831 0.245745 0.0092294 0.590195
0.104901 0.148361 9.9991E-05 0.746638
0.220901 0.0522739 9.9991E-05 0.726725
0.0564184 0.21011 9.9991E-05 0.733371
0.158985 0.0937097 9.9991E-05 0.747205
0.16958 0.0878174 0.00983991 0.732762
0.00740465 0.143106 0.174633 0.674857
9.9991E-05 0.157651 0.166106 0.676143
0.0795495 0.158334 0.167948 0.594168
0.0269925 0.0970259 0.206268 0.669714
9.9991E-05 0.032678 0.138687 0.828535
0.0535218 0.190669 0.196134 0.559674
9.9991E-05 0.228065 0.188395 0.58344
0.0347598 0.139759 0.194695 0.630785
9.9991E-05 0.110634 0.156621 0.732645
9.9991E-05 0.146934 0.154716 0.69825
9.9991E-05 0.169751 0.163083 0.667067
0.902953 9.9982E-05 9.9982E-05 0.0968471
0.865315 0.00676793 9.9991E-05 0.127818
0.868435 0.00619824 0.0621322 0.0632341
0.799409 0.0827955 0.0499937 0.067802
0.801342 0.10022 0.07159 0.026848
0.8021 0.118726 0.0790735 9.9991E-05
0.829087 0.111498 0.0587724 0.000643208
0.904614 0.0296274 0.012971 0.0527876
0.851637 9.9982E-05 9.9982E-05 0.148163
0.857575 0.0977978 0.0324375 0.0121901
0.840159 0.0428494 0.0582471 0.0587444
0.8246 0.109306 0.0659941 9.9991E-05
0.587675 0.122397 0.0153459 0.274583
0.584703 0.0620567 0.0254786 0.327761
0.604054 0.0184094 0.00213561 0.375401
0.599264 9.9991E-05 0.0646403 0.335995
0.61338 0.0824566 0.0440983 0.260065
0.584447 0.119399 0.02946 0.266694
0.568654 0.0319432 9.9991E-05 0.399303
0.560851 0.0548284 0.00229083 0.382029
0.608029 9.9991E-05 0.0299371 0.361934
0.597326 0.00330895 0.0357457 0.36362
0.590355 9.9991E-05 0.00131994 0.408225
0.628655 0.0383066 0.0485245 0.284514
0.956515 0.0432852 9.9982E-05 9.9982E-05
0.968952 0.0308476 9.9982E-05 9.9982E-05
0.9997 9.998E-05 9.998E-05 9.998E-05
0.968287 9.9982E-05 0.0315133 9.9982E-05
0.933146 0.0618787 0.0048756 9.9991E-05
0.869078 0.0867257 0.0440964 9.9991E-05
0.947269 0.0478212 0.00480955 9.9991E-05
0.947409 0.0151181 0.0373729 9.9991E-05
0.996009 9.9982E-05 9.9982E-05 0.00379136
0.984833 0.0149672 9.9982E-05 9.9982E-05
0.968231 0.0203476 0.0113216 9.9991E-05
0.912999 0.0672287 0.0196728 9.9991E-05
0.0188229 0.142142 0.192605 0.646429
0.00102787 0.122006 0.206852 0.670114
9.9991E-05 0.0873359 0.16001 0.752555
0.0460577 0.172987 0.213916 0.567039
9.9991E-05 0.178625 0.166872 0.654403
0.0614368 0.196038 0.195557 0.546969
9.9991E-05 0.212137 0.151348 0.636415
9.9991E-05 0.208792 0.147856 0.643252
9.9991E-05 0.0650202 0.123744 0.811135
0.00282663 0.207612 0.167071 0.622491
9.9991E-05 0.0942007 0.178835 0.726864
9.9991E-05 0.0902295 0.152625 0.757046
9.9991E-05 0.102162 0.158762 0.738976
9.9991E-05 0.0297096 0.111546 0.858644
0.0226148 0.269184 0.17928 0.528921
0.517307 9.9982E-05 9.9982E-05 0.482493
0.615137 0.112339 0.0519353 0.220588
0.508884 9.9991E-05 0.0137493 0.477267
0.514357 0.0220269 0.00899181 0.454624
0.521582 0.128462 0.00406723 0.345889
0.616022 0.00528416 0.0480693 0.330624
0.51669 9.9982E-05 9.9982E-05 0.48311
0.562079 0.0152854 0.0156168 0.407019
0.120051 0.43658 0.111244 0.332125
0.00868882 0.455703 0.0296158 0.505992
9.9991E-05 0.458141 0.00553239 0.536227
0.155295 0.273975 0.0742821 0.496448
0.0942832 0.386258 0.0466696 0.472789
0.0300241 0.461976 0.0705501 0.43745
9.9991E-05 0.417879 0.00738663 0.574635
0.0291734 0.468258 0.0323836 0.470185
0.0709203 0.445485 0.0612534 0.422341
0.0809645 0.429325 0.0867021 0.403008
0.0703007 0.41492 0.0737722 0.441007
0.0577618 0.496026 0.0586314 0.387581
0.0635114 0.471506 0.0390562 0.425926
0.0940526 0.551926 0.0864751 0.267546
0.0524326 0.563827 0.0394027 0.344338
0.0301112 0.537677 0.0793248 0.352887
0.0252116 0.547712 0.0430918 0.383985
0.039121 0.485956 0.0940726 0.380851
0.0441656 0.485375 0.0708713 0.399588
0.0477528 0.501705 0.0982404 0.352302
0.129939 0.533314 0.108825 0.227922
0.118585 0.440868 0.0940232 0.346523
0.0504391 0.572511 0.0754465 0.301604
