9.9964E-05 0.210403 0.0232914 9.9964E-05 9.9964E-05 0.0720704 9.9964E-05 0.0138129 0.680023
0.0240762 0.173493 0.0309125 9.9973E-05 9.9973E-05 9.9973E-05 0.0424193 0.0306426 0.698157
0.0122578 0.121032 0.029469 0.00094609 9.9991E-05 0.0759961 0.0530457 0.00737078 0.699783
0.0339118 9.9973E-05 0.0275357 0.0603082 9.9973E-05 9.9973E-05 0.176237 0.0261769 0.675531
0.029141 9.9964E-05 0.017249 9.9964E-05 9.9964E-05 9.9964E-05 0.247203 0.059006 0.647001
9.9955E-05 9.9955E-05 0.0300688 9.9955E-05 9.9955E-05 0.0657829 0.184768 9.9955E-05 0.71888
0.0266556 0.113986 0.0386089 0.0876729 0.00891007 0.00623618 0.0659135 9.9991E-05 0.651917
0.0233738 0.139734 0.0183682 0.0525065 9.9982E-05 9.9982E-05 0.0436938 0.0123706 0.709754
0.0163025 0.125413 9.9991E-05 0.0467226 0.0151822 0.0176583 0.0273808 0.0294742 0.721766
9.993E-05 9.993E-05 0.999201 9.993E-05 9.993E-05 9.993E-05 9.993E-05 9.993E-05 9.993E-05
0.0221922 0.679137 0.101865 9.9973E-05 9.9973E-05 0.0191107 0.13514 0.0422558 9.9973E-05
0.00876038 0.701416 0.0838598 0.0349307 0.0108524 9.9991E-05 0.126569 0.0175348 0.0159767
9.9973E-05 0.213028 0.603904 0.0657239 0.0461581 9.9973E-05 9.9973E-05 0.046455 0.0244311
9.9964E-05 0.113634 0.70839 0.046938 9.9964E-05 9.9964E-05 9.9964E-05 0.0499296 0.0807089
0.0218451 9.9946E-05 0.964208 9.9946E-05 9.9946E-05 9.9946E-05 9.9946E-05 0.0133472 9.9946E-05
0.0168687 0.56485 0.3373 0.00221472 0.00340021 0.0378297 9.9991E-05 0.0141003 0.0233366
9.993E-05 9.993E-05 0.999201 9.993E-05 9.993E-05 9.993E-05 9.993E-05 9.993E-05 9.993E-05
9.9973E-05 0.277949 0.665343 9.9973E-05 0.0216294 0.0232276 9.9973E-05 0.000483448 0.0110669
0.00225613 0.136945 0.777074 0.0290866 0.0147236 9.9982E-05 9.9982E-05 0.00545296 0.0342618
0.0168161 0.578142 0.0752868 0.033463 9.9991E-05 0.00350607 0.148399 0.0809424 0.063345
9.993E-05 9.993E-05 0.999201 9.993E-05 9.993E-05 9.993E-05 9.993E-05 9.993E-05 9.993E-05
0.00192011 0.739085 9.9982E-05 0.068104 0.0253797 0.101988 0.0465199 9.9982E-05 0.0168035
0.0261924 0.665848 9.9991E-05 0.0388929 0.0313478 0.0355869 0.15074 0.0497171 0.00157518
0.0268591 0.585566 0.00871644 0.0419083 0.0046049 0.0151793 0.316966 9.9982E-05 9.9982E-05
9.9937E-05 0.865633 9.9937E-05 9.9937E-05 9.9937E-05 9.9937E-05 0.133668 9.9937E-05 9.9937E-05
0.0165906 0.504585 0.00165807 0.0410719 9.9991E-05 0.076475 0.320936 0.00877479 0.0298083
0.0212369 0.618021 0.0097138 0.0436361 0.011721 0.0783865 0.217085 9.9982E-05 9.9982E-05
9.9973E-05 0.885212 9.9973E-05 0.0421849 0.0302221 0.00541492 0.0324618 9.9973E-05 0.00420387
9.9973E-05 0.669632 0.0241446 0.021863 0.0224183 0.0452361 0.216406 9.9973E-05 9.9973E-05
0.00225646 0.890021 0.0125792 0.0326764 0.0196117 9.9982E-05 0.0317982 9.9982E-05 0.0108567
0.00507687 0.842799 0.021958 0.043741 0.00384961 0.0151508 0.0663048 0.00102003 9.9991E-05
9.9955E-05 0.127984 9.9955E-05 0.0217942 0.248143 9.9955E-05 9.9955E-05 9.9955E-05 0.601578
9.9955E-05 0.194711 9.9955E-05 9.9955E-05 0.105351 9.9955E-05 9.9955E-05 0.0146769 0.684761
9.9982E-05 0.128444 9.9982E-05 0.00509419 0.162035 0.00474478 0.0431913 0.0243555 0.631935
0.00997714 9.9982E-05 0.0182012 0.000380544 0.182398 9.9982E-05 0.0575105 0.00371354 0.727619
9.9964E-05 0.174818 9.9964E-05 0.0139296 0.179935 9.9964E-05 9.9964E-05 0.0159391 0.614978
0.0243045 0.0166363 9.9982E-05 0.0151464 0.214294 0.0340854 0.0369689 9.9982E-05 0.658364
9.9955E-05 0.0917748 9.9955E-05 0.0223315 0.109975 9.9955E-05 9.9955E-05 9.9955E-05 0.775419
9.9973E-05 9.9973E-05 0.0136124 0.0197941 0.126603 9.9973E-05 0.0367356 0.0299896 0.772965
0.0107932 9.9964E-05 0.0258156 9.9964E-05 0.175145 9.9964E-05 0.183764 9.9964E-05 0.604083
0.00538632 9.9955E-05 9.9955E-05 9.9955E-05 0.145913 0.0522669 9.9955E-05 9.9955E-05 0.795934
0.0176979 9.9964E-05 0.0203855 0.919586 9.9964E-05 9.9964E-05 0.0222557 0.0196754 9.9964E-05
0.000648906 0.0192085 9.9982E-05 0.953708 0.00549637 0.0107539 0.00768776 0.00229693 9.9982E-05
0.0100989 0.0346668 0.00430425 0.904568 0.0256568 9.99781E-05 9.99781E-05 0.0204054 9.99781E-05
9.9955E-05 0.0781324 9.9955E-05 0.875774 0.0123742 9.9955E-05 9.9955E-05 0.0332192 9.9955E-05
0.0221671 0.084128 9.9964E-05 0.870268 0.00992369 9.9964E-05 9.9964E-05 0.0131133 9.9964E-05
9.9955E-05 0.0489809 9.9955E-05 0.891158 0.0291451 9.9955E-05 9.9955E-05 0.0302165 9.9955E-05
0.0180459 0.126053 9.9991E-05 0.773372 0.0292931 0.0159252 0.00607396 0.00417705 0.0269598
9.9955E-05 0.00689821 0.0272611 0.948531 9.9955E-05 0.0168104 9.9955E-05 9.9955E-05 9.9955E-05
9.9937E-05 9.9937E-05 9.9937E-05 0.980982 9.9937E-05 9.9937E-05 0.0183181 9.9937E-05 9.9937E-05
9.9964E-05 0.0262049 9.9964E-05 0.91868 0.00177324 9.9964E-05 9.9964E-05 0.0201711 0.0327709
9.993E-05 9.993E-05 9.993E-05 0.999201 9.993E-05 9.993E-05 9.993E-05 9.993E-05 9.993E-05
0.0135658 9.9937E-05 9.9937E-05 0.985735 9.9937E-05 9.9937E-05 9.9937E-05 9.9937E-05 9.9937E-05
9.9937E-05 9.9937E-05 9.9937E-05 9.9937E-05 0.0400087 0.959292 9.9937E-05 9.9937E-05 9.9937E-05
0.0092388 0.162865 9.9973E-05 9.9973E-05 0.0283343 0.701066 0.0932159 0.00498042 9.9973E-05
0.0564993 0.185652 0.0127546 0.0319901 0.0277673 0.499461 0.0912286 0.0341269 0.0605198
0.0346039 0.0919152 0.0440143 0.000376862 0.0117066 0.817083 9.9973E-05 9.9973E-05 9.9973E-05
0.0251171 0.172461 9.9991E-05 0.0586717 0.0266727 0.581335 0.0943165 0.0386174 0.00270807
0.036229 0.0678279 0.0125059 0.0468726 0.0381479 0.704319 0.0896956 0.00430178 9.9991E-05
9.9964E-05 0.0881881 9.9964E-05 0.011423 0.0499418 0.822029 9.9964E-05 9.9964E-05 0.0280179
9.9982E-05 0.130837 0.0114397 0.0290634 0.0182495 0.760846 9.9982E-05 0.0162198 0.0331445
0.00187171 9.9964E-05 0.0157944 9.9964E-05 9.9964E-05 0.0447595 0.484601 9.9964E-05 0.452573
9.9937E-05 9.9937E-05 9.9937E-05 9.9937E-05 9.9937E-05 9.9937E-05 0.531211 9.9937E-05 0.468089
0.0132396 0.10986 9.9982E-05 0.0254846 0.0308997 9.9982E-05 0.291334 0.0347097 0.494272
0.0236233 9.9982E-05 0.0100061 0.0166536 0.0316053 9.9982E-05 0.366077 0.0442348 0.5076
0.00159482 9.9964E-05 9.9964E-05 0.0373435 9.9964E-05 0.0302361 0.578795 9.9964E-05 0.351631
0.041645 0.0837158 0.0510837 0.0126445 0.0450116 0.0740635 0.22417 0.00771309 0.459953
0.0322844 0.121048 0.0100523 9.9982E-05 0.0161787 9.9982E-05 0.271639 0.0492396 0.499358
0.00530212 9.9991E-05 0.0123241 0.0327593 0.0164848 0.0141626 0.424979 0.000581415 0.493306
0.00371784 0.158502 9.9991E-05 0.0435174 0.0065806 0.0122433 0.232739 0.0151697 0.52743
0.0262189 9.9991E-05 0.0137493 0.0123663 0.0198056 0.0455867 0.248311 0.0880947 0.545767
9.9937E-05 9.9937E-05 9.9937E-05 9.9937E-05 9.9937E-05 9.9937E-05 0.673002 9.9937E-05 0.326299
0.013648 0.660028 0.103653 0.055942 0.033957 9.9991E-05 0.0198111 0.0408302 0.0720307
0.0187926 0.788531 0.0562895 0.0170422 0.0307487 9.9982E-05 9.9982E-05 0.0168374 0.0715583
9.9973E-05 0.655799 0.11639 0.028651 0.0791253 9.9973E-05 9.9973E-05 0.0577817 0.0619523
9.9973E-05 0.692141 0.0830321 0.031893 0.0340678 9.9973E-05 9.9973E-05 0.0487891 0.109777
0.0271206 0.499929 0.12764 0.00953706 9.9973E-05 9.9973E-05 0.321693 0.013781 9.9973E-05
0.0190974 0.705907 0.0834056 9.9955E-05 9.9955E-05 9.9955E-05 0.191091 9.9955E-05 9.9955E-05
0.0327608 0.631508 0.110695 9.9964E-05 9.9964E-05 0.0321245 0.192512 9.9964E-05 9.9964E-05
9.9964E-05 0.765714 0.1222 9.9964E-05 0.00976016 9.9964E-05 0.0951735 0.00675315 9.9964E-05
0.00898888 0.526901 0.0745805 9.9973E-05 9.9973E-05 0.128265 0.233478 0.0274865 9.9973E-05
0.0463335 0.591795 0.0664781 9.9964E-05 9.9964E-05 9.9964E-05 0.279674 0.0153196 9.9964E-05
0.0253359 0.629916 0.0432313 0.0520774 0.0239467 0.0174773 0.0620648 0.0664915 0.0794594
0.0395035 0.575991 0.085877 0.0210525 9.9982E-05 0.0332246 0.21263 0.0315218 9.9982E-05
0.00477868 0.117252 9.9964E-05 0.781335 9.9964E-05 0.0771473 9.9964E-05 9.9964E-05 0.0190873
9.9982E-05 0.162576 0.0110391 0.74611 0.00549636 0.0504683 9.9982E-05 0.0134587 0.010651
0.000728314 9.9955E-05 9.9955E-05 0.800923 9.9955E-05 0.0529383 0.14491 9.9955E-05 9.9955E-05
9.9964E-05 0.122084 0.00152106 0.840767 0.00358804 9.9964E-05 9.9964E-05 9.9964E-05 0.03164
9.9946E-05 0.131534 9.9946E-05 0.844057 9.9946E-05 9.9946E-05 9.9946E-05 9.9946E-05 0.0238091
9.9955E-05 0.212315 9.9955E-05 0.711318 9.9955E-05 9.9955E-05 9.9955E-05 0.0435357 0.0323318
9.9955E-05 0.202148 9.9955E-05 0.744092 0.0141447 9.9955E-05 9.9955E-05 9.9955E-05 0.0391159
9.9955E-05 0.174877 9.9955E-05 0.678712 9.9955E-05 0.0555569 9.9955E-05 9.9955E-05 0.0903542
9.9964E-05 0.168496 9.9964E-05 0.729058 0.0419856 9.9964E-05 9.9964E-05 0.0388932 0.021168
0.001169 9.99459E-05 9.99459E-05 9.99459E-05 9.99459E-05 9.99459E-05 0.996999 0.00123228 9.99459E-05
9.9964E-05 9.9964E-05 9.9964E-05 0.0257244 0.00512782 0.0361 0.843267 9.9964E-05 0.0893808
9.9964E-05 9.9964E-05 0.00915389 0.0225234 9.9964E-05 9.9964E-05 0.665631 0.063597 0.238695
9.9973E-05 0.193232 0.00239017 9.9973E-05 0.0134528 9.9973E-05 0.5959 0.00485605 0.189869
9.9973E-05 0.29819 0.0148985 0.0289054 0.0208585 9.9973E-05 0.368594 9.9973E-05 0.268254
9.9982E-05 0.379137 9.9982E-05 0.0176175 0.03599 0.000973848 0.331782 0.0624573 0.171842
9.9973E-05 0.0890714 0.0262949 0.00757561 0.0434471 9.9973E-05 0.752239 0.0810722 9.9973E-05
9.99369E-05 0.0235961 9.99369E-05 9.99369E-05 9.99369E-05 9.99369E-05 0.975704 9.99369E-05 9.99369E-05
9.9973E-05 0.0120829 0.0202703 9.9973E-05 9.9973E-05 0.0685964 0.677935 0.000826391 0.219989
9.9955E-05 0.0635076 0.00471632 9.9955E-05 9.9955E-05 9.9955E-05 0.874887 0.0563893 9.9955E-05
9.9955E-05 0.157796 9.9955E-05 9.9955E-05 9.9955E-05 0.0347343 0.694131 9.9955E-05 0.11284
9.9973E-05 0.0268891 0.000428689 0.0208249 0.00947672 9.9973E-05 0.891893 9.9973E-05 0.0501881
0.005978 0.126276 9.9973E-05 0.0104661 0.0058663 0.799698 9.9973E-05 9.9973E-05 0.0514156
0.0165162 0.125281 0.00208473 9.9964E-05 9.9964E-05 0.8374 9.9964E-05 0.0183187 9.9964E-05
9.9964E-05 0.232341 9.9964E-05 0.0366204 9.9964E-05 0.528258 9.9964E-05 0.0400919 0.162289
9.9973E-05 0.111173 9.9973E-05 0.0410556 9.9973E-05 0.723416 0.00273914 0.00924764 0.112069
9.9946E-05 9.9946E-05 0.0358432 9.9946E-05 9.9946E-05 0.721393 0.242164 9.9946E-05 9.9946E-05
9.9982E-05 0.196909 0.00923456 0.0613112 0.0388183 0.59805 9.9982E-05 0.0145897 0.0808871
9.9946E-05 0.29457 9.9946E-05 0.0230868 9.9946E-05 0.681744 9.9946E-05 9.9946E-05 9.9946E-05
9.9964E-05 0.208433 9.9964E-05 0.0411261 9.9964E-05 0.662666 9.9964E-05 0.0108454 0.0765293
0.00875004 0.0867865 9.9964E-05 9.9964E-05 9.9964E-05 0.838989 0.0393903 0.0256847 9.9964E-05
0.00173702 0.205427 9.9955E-05 9.9955E-05 9.9955E-05 0.776097 9.9955E-05 9.9955E-05 0.0162388
0.0299726 9.9982E-05 0.0371274 9.9982E-05 0.0128428 0.82357 0.0276046 0.0429525 0.02573
9.9946E-05 9.9946E-05 9.9946E-05 9.9946E-05 0.723349 9.9946E-05 0.186337 9.9946E-05 0.0897149
0.0210346 9.9982E-05 0.0124497 9.9982E-05 0.676253 0.00480799 0.1217 0.00231553 0.161239
9.9982E-05 9.9982E-05 0.00824555 0.0316839 0.6775 0.0339088 0.0337485 0.010967 0.203746
0.0431373 0.0235759 0.00651295 0.0262351 0.563527 9.9991E-05 0.00102038 0.051334 0.284557
9.9964E-05 0.137771 9.9964E-05 0.0427485 0.602207 9.9964E-05 9.9964E-05 0.00769832 0.209175
9.99639E-05 0.112141 9.99639E-05 0.0369114 0.568811 9.99639E-05 9.99639E-05 0.0450854 0.236652
9.9955E-05 0.173447 9.9955E-05 0.018649 0.630695 9.9955E-05 9.9955E-05 9.9955E-05 0.176709
9.9955E-05 9.9955E-05 0.0169291 9.9955E-05 0.744873 0.0488662 9.9955E-05 9.9955E-05 0.188832
0.022806 9.9955E-05 9.9955E-05 9.9955E-05 0.64895 9.9955E-05 0.138792 9.9955E-05 0.188952
0.0324238 0.0277772 0.000848223 0.0161325 0.635494 9.9982E-05 9.9982E-05 0.0535041 0.23362
9.9973E-05 0.085416 9.9973E-05 0.0371472 0.604402 9.9973E-05 0.0130198 0.00520033 0.254515
9.9964E-05 0.194281 9.9964E-05 0.0209212 0.675796 9.9964E-05 9.9964E-05 0.004647 0.103955
0.0287747 0.167619 0.00452818 9.9973E-05 0.147534 9.9973E-05 9.9973E-05 0.0317649 0.61948
0.00165847 0.107986 0.0344155 0.028031 0.0759661 9.9991E-05 0.000971121 0.00405447 0.746818
0.032291 9.9973E-05 0.0130075 9.9973E-05 0.116482 9.9973E-05 0.0764188 0.0720478 0.689453
0.0222901 0.0225391 0.0133945 0.06489 0.138457 0.0222827 0.048052 9.9991E-05 0.667995
9.9973E-05 0.122952 0.0329529 0.034022 0.128851 9.9973E-05 9.9973E-05 0.00160587 0.679316
0.0110314 0.133775 0.0306634 0.019163 0.143388 9.9982E-05 9.9982E-05 0.0267905 0.63499
0.0435333 0.0289899 0.0262443 9.9991E-05 0.0950676 0.00875264 0.0765707 0.0133048 0.707437
0.0163523 0.0815315 0.0108845 0.00973799 0.0997449 0.00138273 0.071001 0.0313127 0.678052
0.00569733 0.074236 9.9982E-05 0.0247053 0.107915 0.0319759 0.00713201 9.9982E-05 0.748139
0.0134287 0.0367182 9.9991E-05 0.0191333 0.122191 0.0589727 0.00644839 0.0396498 0.703358
0.0514125 9.9973E-05 0.0195007 9.9973E-05 0.152136 0.0291033 0.137326 9.9973E-05 0.610221
9.9955E-05 0.150157 9.9955E-05 0.0278879 0.14154 9.9955E-05 9.9955E-05 9.9955E-05 0.679915
9.9964E-05 0.0142605 0.00845583 9.9964E-05 0.944046 0.0160043 0.0168331 9.9964E-05 9.9964E-05
9.9946E-05 9.9946E-05 0.00826845 9.9946E-05 0.950113 9.9946E-05 0.0410192 9.9946E-05 9.9946E-05
0.0168625 9.9946E-05 9.9946E-05 9.9946E-05 0.958899 9.9946E-05 0.023639 9.9946E-05 9.9946E-05
9.9955E-05 0.0300621 9.9955E-05 0.0337227 0.921163 9.9955E-05 9.9955E-05 9.9955E-05 0.0145521
9.9937E-05 0.114594 9.9937E-05 9.9937E-05 0.884707 9.9937E-05 9.9937E-05 9.9937E-05 9.9937E-05
0.00377795 0.0962324 9.9973E-05 0.0209533 0.825542 9.9973E-05 9.9973E-05 0.036155 0.0170393
9.9955E-05 0.0526301 9.9955E-05 9.9955E-05 0.856783 9.9955E-05 9.9955E-05 0.0405495 0.0495378
9.9964E-05 0.0684415 9.9964E-05 0.0150508 0.876777 9.9964E-05 9.9964E-05 0.0132149 0.0261162
0.00722303 9.9946E-05 9.9946E-05 9.9946E-05 0.918568 9.9946E-05 0.0736097 9.9946E-05 9.9946E-05
9.9937E-05 9.9937E-05 9.9937E-05 9.9937E-05 0.916172 9.9937E-05 0.0831281 9.9937E-05 9.9937E-05
9.9955E-05 9.9955E-05 0.0115578 9.9955E-05 0.942099 0.0184855 0.0273574 9.9955E-05 9.9955E-05
0.00461628 0.0203537 0.00595507 0.0171821 0.899263 9.9973E-05 9.9973E-05 0.0523299 9.9973E-05
0.00156085 0.0381516 0.0094097 0.0828693 0.0166726 0.578346 0.17414 0.0613266 0.037523
0.0295596 9.9991E-05 0.0282154 0.0715306 0.00105929 0.685994 0.100715 0.0480609 0.0347647
0.0378496 9.9964E-05 0.0164693 0.0093451 9.9964E-05 0.774192 0.161744 9.9964E-05 9.9964E-05
0.0328031 0.0769252 0.00408066 0.0895311 0.0237265 0.601505 0.0470526 0.0609814 0.0633943
0.0417016 0.0290593 0.0417705 0.0524927 9.9991E-05 0.57271 0.153657 0.0643217 0.0441875
9.9973E-05 0.262187 9.9973E-05 0.0735212 0.0242668 0.544999 9.9973E-05 0.0153839 0.0793413
0.0262573 0.156954 0.0199006 9.9964E-05 0.0142863 0.782202 9.9964E-05 9.9964E-05 9.9964E-05
0.0313375 0.161739 0.0278855 0.00185584 0.0263069 0.738163 9.9982E-05 9.9982E-05 0.0125119
0.0565298 9.9964E-05 0.00135516 9.9964E-05 9.9964E-05 0.723095 0.170741 0.0478786 9.9964E-05
0.0138999 0.195848 9.9973E-05 0.00606856 0.0362045 0.741143 9.9973E-05 9.9973E-05 0.00653615
9.9973E-05 0.0193153 0.0084581 0.00859278 0.020885 0.837126 0.105323 9.9973E-05 9.9973E-05
0.0375395 9.9964E-05 9.9964E-05 9.9964E-05 0.00198629 0.891133 0.0429343 0.0260075 9.9964E-05
0.0166783 0.0747412 9.9964E-05 0.0160623 9.9964E-05 0.75635 0.135768 9.9964E-05 9.9964E-05
0.0581623 9.9946E-05 9.9946E-05 9.9946E-05 9.9946E-05 0.698302 0.242936 9.9946E-05 9.9946E-05
9.9982E-05 0.146017 0.0372693 0.0196002 0.00125755 0.63855 9.9982E-05 0.090954 0.0661522
0.00480207 0.0234619 0.017318 9.9982E-05 9.9982E-05 0.122187 0.00852363 0.0107181 0.812789
9.9973E-05 0.179319 0.0145302 0.02798 0.256507 0.0168875 9.9973E-05 9.9973E-05 0.504476
0.01567 9.9982E-05 0.0214054 0.0106378 0.0112511 0.105858 9.9982E-05 0.0369739 0.798004
0.0210389 0.029343 9.9982E-05 9.9982E-05 0.058202 0.0722585 0.0668746 0.0489474 0.703136
0.00162197 0.286158 9.9964E-05 9.9964E-05 0.0961732 9.9964E-05 9.9964E-05 0.0022232 0.613424
0.0081551 0.0247792 0.00466081 0.0311204 0.197897 0.0593425 0.0343689 0.0157762 0.6239
0.0394893 9.9982E-05 0.0245143 9.9982E-05 0.117393 0.0939181 0.111481 0.000102095 0.612902
0.050526 9.9982E-05 0.0207631 0.0182053 0.0826156 9.9982E-05 0.0820729 0.0351889 0.710428
0.0340904 0.704981 9.9982E-05 0.0496475 0.0237449 9.9982E-05 0.0873682 0.0501049 0.0498629
0.0637779 0.673319 0.015349 9.9973E-05 9.9973E-05 0.00985067 0.224045 0.0133586 9.9973E-05
0.999201 9.993E-05 9.993E-05 9.993E-05 9.993E-05 9.993E-05 9.993E-05 9.993E-05 9.993E-05
0.0151688 0.504858 9.9991E-05 0.0240037 0.0104256 0.120222 0.146142 0.0186944 0.160385
0.0219542 0.614633 0.00982557 9.9991E-05 0.0414233 0.111365 0.186474 0.00610577 0.00812005
0.0445705 0.651449 0.0214034 0.00945123 9.9991E-05 0.0903004 0.0590171 0.0672647 0.0564437
0.999201 9.993E-05 9.993E-05 9.993E-05 9.993E-05 9.993E-05 9.993E-05 9.993E-05 9.993E-05
0.904345 0.0655386 9.9955E-05 0.00766892 9.9955E-05 9.9955E-05 9.9955E-05 9.9955E-05 0.0219479
0.0703869 0.477385 0.0496303 0.0173162 9.9991E-05 0.065135 0.119133 0.122394 0.0785197
0.0315895 0.632931 0.0366489 0.0349605 0.00595847 0.0263648 0.144791 0.027653 0.0591031
0.119305 0.517037 0.050736 0.0414863 0.0232907 0.035152 0.15226 0.0387284 0.0220041
0.0540341 0.708834 0.0386444 0.000193539 9.9991E-05 0.0556226 0.0466153 0.0532358 0.0427198
0.0583645 0.621819 0.0432609 9.9982E-05 0.0163083 0.0143998 0.21123 0.0344176 9.9982E-05
9.9946E-05 0.0472347 9.9946E-05 9.9946E-05 0.00838029 9.9946E-05 9.9946E-05 0.943785 9.9946E-05
0.0352555 0.840765 0.0302483 9.9982E-05 9.9982E-05 0.00363618 0.0129291 0.0439931 0.0329731
9.993E-05 9.993E-05 9.993E-05 9.993E-05 9.993E-05 9.993E-05 9.993E-05 0.999201 9.993E-05
0.0213088 0.808138 0.0361519 9.9973E-05 9.9973E-05 0.0128222 0.10513 0.01615 9.9973E-05
0.047037 0.717747 0.0337589 0.0318515 9.9991E-05 0.074785 0.0324132 0.041243 0.0210638
0.0561095 0.628733 0.0281049 0.0252541 0.003563 9.9982E-05 0.177488 0.0805478 9.9982E-05
0.0123621 0.715568 0.0304809 0.047402 9.9973E-05 9.9973E-05 0.122611 0.0712763 9.9973E-05
9.9973E-05 0.788266 0.0331956 0.0426215 0.0302668 9.9973E-05 9.9973E-05 0.0428098 0.0625402
0.0450706 0.677353 0.0300118 0.0361409 0.0073557 9.9991E-05 0.0762959 0.0284683 0.0992038
9.993E-05 9.993E-05 9.993E-05 9.993E-05 9.993E-05 9.993E-05 9.993E-05 0.999201 9.993E-05
