0.530977 0.021052 0.447971
0.531141 0.00902923 0.45983
0.516819 0.0320386 0.451142
0.565377 0.0637847 0.370838
0.527234 9.9991E-05 0.472666
0.533184 0.0223472 0.444469
0.527924 0.0921818 0.379894
0.562955 0.0642734 0.372772
0.602795 0.0609785 0.336227
9.999E-05 9.999E-05 0.9998
0.0596144 0.0432827 0.897103
0.129659 0.0782693 0.792072
0.103629 0.0947657 0.801605
0.0883407 0.0622194 0.84944
9.999E-05 9.999E-05 0.9998
0.0681573 0.0536255 0.878217
0.0293196 0.0187065 0.951974
0.0573454 0.0197324 0.922922
0.0739276 0.0428466 0.883226
0.120437 0.0782696 0.801294
9.999E-05 9.999E-05 0.9998
0.118205 0.140897 0.740898
0.131757 0.0922041 0.776038
0.125678 0.0888751 0.785447
0.056819 0.0572703 0.885911
0.132586 0.110885 0.756529
0.0992033 0.119581 0.781215
0.12855 0.108307 0.763143
0.117607 0.0864168 0.795976
0.127726 0.0931453 0.779129
0.092277 0.0930706 0.814652
0.758089 0.0471837 0.194727
0.671025 9.9991E-05 0.328875
0.679591 0.0346193 0.28579
0.788867 0.0195404 0.191592
0.712109 0.0370597 0.250831
0.769318 0.0320159 0.198666
0.734537 0.0408552 0.224608
0.765745 0.0402042 0.194051
0.744441 9.9991E-05 0.255459
0.785181 0.0181454 0.196673
9.9991E-05 0.956949 0.0429512
0.00547674 0.994423 9.9991E-05
0.0471513 0.942738 0.0101106
0.0407509 0.937996 0.0212534
0.0365375 0.923894 0.0395685
0.0600516 0.939848 9.9991E-05
0.0714681 0.818071 0.110461
9.9991E-05 0.987166 0.0127342
9.999E-05 0.9998 9.999E-05
0.0515048 0.948395 9.9991E-05
9.999E-05 0.9998 9.999E-05
9.999E-05 0.9998 9.999E-05
0.0663452 0.22049 0.713165
0.0587131 0.163243 0.778044
0.116181 0.152968 0.73085
0.0127531 0.192969 0.794278
0.0819253 0.207825 0.71025
0.0696777 0.218073 0.712249
0.109045 0.221512 0.669442
0.0581224 0.219159 0.722719
0.465783 0.00607832 0.528139
0.510329 9.9991E-05 0.489571
0.515016 0.0398849 0.445099
0.54391 0.0310761 0.425014
0.411851 0.049728 0.538421
0.477317 0.0184495 0.504233
0.476139 0.00650276 0.517358
0.518064 0.0495894 0.432347
0.496093 0.0720528 0.431854
0.495628 0.0340786 0.470293
0.534012 9.9991E-05 0.465888
0.160492 0.120661 0.718847
0.169536 0.0893502 0.741114
0.209808 0.0885657 0.701627
0.188461 0.0934416 0.718097
0.0783678 0.052957 0.868675
0.0730155 0.0290721 0.897912
0.0380995 0.0192726 0.942628
0.098532 0.00543795 0.89603
0.0719121 0.0629503 0.865138
0.103939 0.0322066 0.863855
0.153608 0.104999 0.741394
0.0438334 0.0681552 0.888011
0.0314888 0.843739 0.124772
0.0463787 0.817178 0.136443
9.9991E-05 0.873675 0.126225
0.0546899 0.890834 0.0544758
0.0443325 0.917195 0.0384724
0.0699866 0.763514 0.1665
0.084409 0.821878 0.0937133
0.101361 0.761033 0.137606
0.094021 0.802939 0.10304
0.224779 0.00424766 0.770973
0.291565 0.0404099 0.668025
0.355991 0.0310413 0.612968
0.326687 9.9991E-05 0.673213
0.348413 0.0525199 0.599067
0.2959 0.0537948 0.650305
0.243623 0.0324576 0.72392
0.192617 0.0213888 0.785994
0.333934 9.9991E-05 0.665966
0.145007 0.00695971 0.848034
0.272375 0.00452646 0.723099
0.286712 0.0278063 0.685482
0.0647795 0.212181 0.72304
0.00822766 0.193918 0.797854
0.145957 0.190545 0.663497
0.093602 0.229258 0.67714
9.9991E-05 0.18238 0.81752
0.122581 0.214441 0.662979
0.0166592 0.217107 0.766234
0.0789933 0.224689 0.696318
0.0128944 0.19989 0.787216
0.0405975 0.183004 0.776399
0.0345804 0.194616 0.770803
0.9998 9.999E-05 9.999E-05
0.924255 9.9991E-05 0.0756448
0.927491 0.0586781 0.0138305
0.869053 0.0498617 0.0810853
0.857477 0.0629634 0.07956
0.854681 0.0896641 0.0556547
0.879459 0.0509665 0.0695746
0.968404 0.00597475 0.0256213
0.942263 9.9991E-05 0.0576371
0.91944 0.0370223 0.0435375
0.899535 0.0571045 0.0433602
0.875626 0.0692524 0.0551218
0.658567 0.0252903 0.316143
0.676624 0.0448643 0.278511
0.687488 0.0177546 0.294757
0.691302 0.07143 0.237268
0.702645 0.0614939 0.235861
0.672365 0.0401907 0.287444
0.657182 0.00387217 0.338946
0.664651 0.0414505 0.293899
0.70685 0.0458606 0.24729
0.690599 0.0509103 0.25849
0.673768 0.00994146 0.31629
0.707688 0.0680955 0.224217
0.9998 9.999E-05 9.999E-05
0.9998 9.999E-05 9.999E-05
0.9998 9.999E-05 9.999E-05
0.980897 0.0190033 9.9991E-05
0.989953 0.00994737 9.9991E-05
0.931324 0.0582729 0.0104028
0.993927 0.00597334 9.9991E-05
0.974308 0.0255918 9.9991E-05
0.9998 9.999E-05 9.999E-05
0.9998 9.999E-05 9.999E-05
0.9998 9.999E-05 9.999E-05
0.967874 0.0320259 9.9991E-05
0.081931 0.222943 0.695126
0.0554119 0.24691 0.697678
0.0219751 0.1917 0.786325
0.101869 0.24363 0.6545
0.0673078 0.18316 0.749532
0.123789 0.226073 0.650137
0.0196407 0.184255 0.796104
0.0517586 0.177643 0.770598
0.023049 0.174339 0.802612
0.0672265 0.19658 0.736194
0.052925 0.211206 0.735869
0.0246629 0.18802 0.787317
0.0397462 0.195348 0.764906
0.0113264 0.163829 0.824845
0.0722411 0.191738 0.736021
0.608859 0.0127164 0.378424
0.694395 0.0551618 0.250443
0.618012 0.037144 0.344844
0.611451 0.0227101 0.365839
0.610054 0.0143999 0.375546
0.713406 0.0474936 0.239101
0.628574 9.9991E-05 0.371326
0.661572 0.0371535 0.301274
0.177131 0.1126 0.710269
0.0600302 0.047895 0.892075
0.0298897 0.0192788 0.950832
0.229961 0.081786 0.688253
0.160052 0.0576968 0.782251
0.0938991 0.0694177 0.836683
0.0283908 0.0220932 0.949516
0.0852102 0.0405954 0.874194
0.119822 0.0681408 0.812037
0.134082 0.0982487 0.76767
0.132893 0.0866363 0.780471
0.105546 0.0653874 0.829067
0.122858 0.0450304 0.832112
0.15319 0.0872358 0.759574
0.113185 0.0561933 0.830622
0.0953353 0.0905222 0.814143
0.0743019 0.0535964 0.872102
0.0927855 0.101558 0.805657
0.0961194 0.0733781 0.830502
0.0911372 0.10997 0.798893
0.167 0.11153 0.72147
0.159902 0.101989 0.738109
0.11031 0.0721356 0.817555
