0.0335528 0.51871 0.447738
9.999E-05 0.522775 0.477125
0.0271049 0.509962 0.462933
0.0667619 0.549611 0.383627
9.9991E-05 0.515844 0.484056
0.0168293 0.531929 0.451242
0.101227 0.52738 0.371394
0.0740668 0.549057 0.376877
0.0746378 0.595985 0.329377
9.999E-05 9.999E-05 0.9998
0.0366544 0.0598599 0.903486
0.0802922 0.110711 0.808997
0.0826374 0.0992966 0.818066
0.0595596 0.0856017 0.854839
9.999E-05 9.999E-05 0.9998
0.0520586 0.0655243 0.882417
0.038963 0.01749 0.943547
0.021987 0.0458803 0.932133
0.0390382 0.0731986 0.887763
0.0852174 0.110788 0.803994
9.999E-05 9.999E-05 0.9998
0.144343 0.119663 0.735994
0.0932401 0.126686 0.780074
0.102933 0.109176 0.78789
0.0755718 0.0509761 0.873452
0.102324 0.122107 0.775569
0.109132 0.0945875 0.79628
0.107521 0.129647 0.762832
0.0840698 0.125339 0.790591
0.0968524 0.116997 0.78615
0.110823 0.0838079 0.805369
0.0495291 0.754937 0.195534
9.9991E-05 0.663129 0.336771
0.0354597 0.686644 0.277897
0.0158741 0.76911 0.215016
0.0529988 0.694527 0.252475
0.0346447 0.766485 0.198871
0.0433607 0.727243 0.229397
0.0420682 0.74862 0.209312
9.9991E-05 0.738453 0.261447
0.0109821 0.7739 0.215118
0.955245 9.9991E-05 0.0446554
0.9998 9.999E-05 9.999E-05
0.953008 0.0459371 0.00105474
0.95363 0.0264487 0.0199214
0.91156 0.0472576 0.0411826
0.939725 0.0456767 0.014598
0.828882 0.0633178 0.107801
0.9998 9.999E-05 9.999E-05
0.9998 9.999E-05 9.999E-05
0.965843 0.0340569 9.9991E-05
0.9998 9.999E-05 9.999E-05
0.9998 9.999E-05 9.999E-05
0.223727 0.0618066 0.714466
0.161288 0.0555065 0.783206
0.164626 0.0961793 0.739194
0.197076 0.0136167 0.789307
0.215722 0.0792164 0.705062
0.220401 0.0635869 0.716013
0.230225 0.103306 0.66647
0.21354 0.0653762 0.721084
9.9991E-05 0.468479 0.531421
0.000518998 0.517974 0.481507
0.0477277 0.504497 0.447776
0.0261606 0.539978 0.433862
0.0523951 0.409183 0.538422
0.0382432 0.459918 0.501838
0.000858585 0.471557 0.527584
0.0510431 0.514807 0.43415
0.074316 0.47237 0.453314
0.0359634 0.476689 0.487348
9.9991E-05 0.523568 0.476332
0.123661 0.150011 0.726328
0.0961904 0.159695 0.744115
0.084359 0.201622 0.714019
0.101273 0.178129 0.720598
0.0543803 0.0703477 0.875272
0.0239331 0.0655646 0.910502
0.0256537 0.0401097 0.934237
0.0105224 0.0913911 0.898087
0.0723895 0.0696364 0.857974
0.0396272 0.0953861 0.864987
0.111388 0.141573 0.747039
0.0734733 0.0527416 0.873785
0.85554 0.0384722 0.105988
0.817145 0.0420836 0.140771
0.879098 9.9991E-05 0.120802
0.890932 0.0576472 0.0514206
0.908069 0.0383912 0.0535401
0.786708 0.0593405 0.153952
0.827183 0.0756451 0.097172
0.758551 0.0944972 0.146951
0.792432 0.0884671 0.119101
9.9991E-05 0.205189 0.794711
0.0374546 0.281517 0.681028
0.0308913 0.354476 0.614633
9.9991E-05 0.317468 0.682432
0.049081 0.344318 0.606601
0.0639768 0.292556 0.643468
0.0326104 0.236137 0.731253
0.00776515 0.203047 0.789188
0.00130331 0.322384 0.676313
0.019369 0.140828 0.839803
0.00146583 0.270395 0.72814
0.0257364 0.282231 0.692033
0.208611 0.0607713 0.730618
0.201092 0.00688806 0.79202
0.195304 0.151581 0.653115
0.233226 0.0917332 0.675041
0.188607 9.9991E-05 0.811293
0.221265 0.120208 0.658527
0.222686 0.0214211 0.755893
0.227044 0.0779629 0.694993
0.194969 0.00329121 0.80174
0.181273 0.0350545 0.783673
0.199373 0.0465151 0.754112
9.999E-05 0.9998 9.999E-05
9.9991E-05 0.918643 0.0812572
0.0502543 0.925782 0.0239636
0.0497873 0.863571 0.0866412
0.070301 0.850699 0.0789996
0.0878696 0.845189 0.0669409
0.0513807 0.877086 0.0715338
0.00783561 0.962144 0.0300205
9.9991E-05 0.927868 0.0720321
0.0334759 0.919254 0.0472704
0.0595772 0.892717 0.0477054
0.0640506 0.879051 0.0568979
0.0204422 0.656119 0.323439
0.031852 0.67664 0.291508
0.0123194 0.683685 0.303996
0.0632279 0.688007 0.248765
0.0492664 0.680946 0.269788
0.0374587 0.659469 0.303073
9.9991E-05 0.66918 0.33072
0.0164023 0.646463 0.337135
0.052404 0.698725 0.248871
0.0398002 0.678435 0.281764
0.00824101 0.679367 0.312392
0.061026 0.701871 0.237103
9.999E-05 0.9998 9.999E-05
9.999E-05 0.9998 9.999E-05
9.999E-05 0.9998 9.999E-05
0.0132544 0.986646 9.9991E-05
0.0192094 0.980691 9.9991E-05
0.0555018 0.938348 0.00615038
0.00782054 0.992079 9.9991E-05
0.0130576 0.986842 9.9991E-05
9.999E-05 0.9998 9.999E-05
9.999E-05 0.9998 9.999E-05
9.999E-05 0.9998 9.999E-05
0.0337569 0.966143 9.9991E-05
0.22822 0.093418 0.678362
0.237638 0.0725096 0.689852
0.195028 0.026646 0.778326
0.247947 0.100282 0.651772
0.191842 0.0716681 0.73649
0.228805 0.12083 0.650365
0.180676 0.0191608 0.800163
0.175014 0.063238 0.761748
0.171512 0.0200398 0.808448
0.196172 0.0691229 0.734705
0.215819 0.0499354 0.734246
0.203651 0.0110054 0.785344
0.200651 0.0312318 0.768118
0.17285 0.0153122 0.811838
0.201172 0.0808021 0.718026
0.0095801 0.613408 0.377012
0.0519544 0.687183 0.260863
0.0368378 0.620127 0.343035
0.0226154 0.604111 0.373274
0.0233952 0.603185 0.37342
0.054177 0.702499 0.243324
9.9991E-05 0.626864 0.373036
0.0275906 0.64994 0.32247
0.124495 0.16795 0.707555
0.0428832 0.0591658 0.897951
0.0228021 0.0234977 0.9537
0.0810528 0.227125 0.691822
0.0607078 0.15143 0.787862
0.0784018 0.0848175 0.836781
0.0312355 0.0235062 0.945258
0.0487976 0.0857337 0.865469
0.0781595 0.112249 0.809591
0.100769 0.131461 0.767769
0.0859927 0.127378 0.786629
0.0697034 0.100109 0.830188
0.0499452 0.11914 0.830914
0.0921531 0.143204 0.764643
0.0567695 0.101456 0.841775
0.0880922 0.0847814 0.827126
0.0548936 0.0762867 0.86882
0.096334 0.0848261 0.81884
0.0811295 0.101418 0.817452
0.112012 0.0756779 0.81231
0.116918 0.167442 0.71564
0.110904 0.16543 0.723667
0.0776328 0.105111 0.817256
