9.9973E-05 0.0191914 9.9973E-05 9.9973E-05 0.063417 0.69355 0.0104277 0.213114
0.0423718 0.0269447 9.9982E-05 9.9982E-05 0.0132745 0.709579 0.0257116 0.181918
0.008649 0.0329157 9.9982E-05 9.9982E-05 0.106176 0.705919 0.0505055 0.0956345
0.0482 0.0216008 9.9973E-05 0.0627468 9.9973E-05 0.704432 0.162721 9.9973E-05
0.0467514 0.0160822 9.9964E-05 9.9964E-05 9.9964E-05 0.692593 0.244173 9.9964E-05
0.00534013 0.0215475 9.9973E-05 9.9973E-05 0.0651134 0.74387 0.163829 9.9973E-05
0.0327684 0.0317251 0.0156983 0.0719734 9.9991E-05 0.643945 0.0819463 0.121844
0.029433 0.014952 0.0120591 0.0518187 0.00154797 0.706702 0.0439493 0.139538
0.0113719 9.9982E-05 0.0396875 0.0565584 9.9982E-05 0.698119 0.0612757 0.132788
9.994E-05 0.9993 9.994E-05 9.994E-05 9.994E-05 9.994E-05 9.994E-05 9.994E-05
0.0305805 0.104187 9.9973E-05 9.9973E-05 0.0357783 9.9973E-05 0.17827 0.650884
0.00273056 0.0959315 0.024333 0.0456826 0.0167962 0.0126459 0.184421 0.61746
9.9973E-05 0.597679 0.0463574 0.0623837 9.9973E-05 0.0391424 9.9973E-05 0.254137
9.9964E-05 0.704866 9.9964E-05 0.0391626 9.9964E-05 0.0892187 9.9964E-05 0.166353
0.0276771 0.971723 9.9946E-05 9.9946E-05 9.9946E-05 9.9946E-05 9.9946E-05 9.9946E-05
0.0130361 0.339589 0.010375 9.9982E-05 0.0768029 0.0154264 9.9982E-05 0.544571
9.994E-05 0.9993 9.994E-05 9.994E-05 9.994E-05 9.994E-05 9.994E-05 9.994E-05
9.9982E-05 0.664728 0.0203028 0.00185104 0.0368723 0.00460314 9.9982E-05 0.271443
9.9973E-05 0.767331 0.0119831 0.0290287 9.9973E-05 0.0295396 9.9973E-05 0.161817
0.0244297 0.0811585 9.9991E-05 0.0386823 0.0433489 0.0657649 0.18177 0.564746
9.994E-05 0.9993 9.994E-05 9.994E-05 9.994E-05 9.994E-05 9.994E-05 9.994E-05
0.00100427 9.9982E-05 0.0433048 0.0569402 0.169752 9.9982E-05 0.0815309 0.647268
0.023867 0.00402372 0.0372269 0.0226024 0.0577428 0.00130127 0.15056 0.702676
0.0335783 0.0171637 0.0203201 0.0430852 0.0585846 9.9991E-05 0.358816 0.468352
9.9946E-05 9.9946E-05 9.9946E-05 9.9946E-05 9.9946E-05 9.9946E-05 0.245055 0.754345
0.0118527 0.00901507 0.00220408 0.0513679 0.121801 0.0106559 0.360196 0.432907
0.0157689 0.0138244 0.0155099 0.0456143 0.115704 9.9991E-05 0.270634 0.522845
0.00197404 9.9982E-05 0.0317014 0.0370155 0.0704195 9.9982E-05 0.0637176 0.794972
0.00195298 0.040138 0.0269287 0.00912822 0.084069 9.9991E-05 0.228743 0.60894
0.00425081 0.0131731 0.0389941 0.0161091 0.0354341 9.9991E-05 0.103914 0.788024
0.00171623 0.0365527 9.9982E-05 0.0399927 0.0775832 9.9982E-05 0.123134 0.720821
9.9973E-05 9.9973E-05 0.274552 0.0162656 0.0248865 0.582927 9.9973E-05 0.10107
9.9955E-05 9.9955E-05 0.140211 9.9955E-05 9.9955E-05 0.675872 9.9955E-05 0.183417
9.9982E-05 9.9982E-05 0.175366 0.0145977 0.00745728 0.623027 0.0208323 0.15852
0.000519541 0.0102532 0.181412 0.00926607 9.9982E-05 0.727844 0.0705053 9.9982E-05
9.9964E-05 9.9964E-05 0.194645 0.0207551 9.9964E-05 0.617328 9.9964E-05 0.166872
0.00919042 9.9991E-05 0.235069 0.0259189 0.0153495 0.653238 0.0492668 0.011867
0.00876809 9.9973E-05 0.12061 0.033093 9.9973E-05 0.749011 9.9973E-05 0.0882183
9.9973E-05 0.00513048 0.143883 0.0246532 9.9973E-05 0.780218 0.0458152 9.9973E-05
0.0109508 0.0328036 0.186556 9.9973E-05 9.9973E-05 0.605574 0.163816 9.9973E-05
0.0116149 9.9964E-05 0.161486 9.9964E-05 0.0466942 0.779805 9.9964E-05 9.9964E-05
0.0241776 0.0146528 9.9973E-05 0.915153 9.9973E-05 9.9973E-05 0.0119306 0.0337859
9.9973E-05 9.9973E-05 0.00346518 0.950613 0.0183074 9.9973E-05 0.004939 0.0223754
0.0234676 0.00424271 0.0265949 0.899192 9.9973E-05 9.9973E-05 9.9973E-05 0.046203
9.9955E-05 9.9955E-05 0.00430595 0.86962 9.9955E-05 9.9955E-05 9.9955E-05 0.125574
0.0254665 9.9964E-05 0.0121439 0.870161 9.9964E-05 9.9964E-05 9.9964E-05 0.0918288
9.9964E-05 9.9964E-05 0.0167313 0.885735 9.9964E-05 0.00125581 9.9964E-05 0.0958785
0.0235861 9.9991E-05 0.0365756 0.768911 0.0302353 0.0175134 0.00660616 0.116472
9.9964E-05 0.0299584 9.9964E-05 0.948365 0.0134002 9.9964E-05 9.9964E-05 0.00787689
9.9946E-05 9.9946E-05 9.9946E-05 0.977775 9.9946E-05 9.9946E-05 0.0216251 9.9946E-05
9.9964E-05 9.9964E-05 0.00723312 0.904864 9.9964E-05 0.017936 9.9964E-05 0.069567
9.994E-05 9.994E-05 9.994E-05 0.9993 9.994E-05 9.994E-05 9.994E-05 9.994E-05
0.00822986 9.9946E-05 9.9946E-05 0.99117 9.9946E-05 9.9946E-05 9.9946E-05 9.9946E-05
9.9946E-05 9.9946E-05 0.0279983 9.9946E-05 0.971402 9.9946E-05 9.9946E-05 9.9946E-05
0.0176838 0.010009 0.0270468 9.9982E-05 0.733403 9.9982E-05 0.102323 0.109334
0.0468128 0.0128173 0.0176018 0.030985 0.494801 0.0629949 0.104898 0.229089
0.0301999 0.0476562 0.0142375 0.0020857 0.851626 9.9991E-05 0.00212155 0.0519737
0.0198061 9.9991E-05 0.0257935 0.0583469 0.62854 0.0196362 0.0796905 0.168087
0.0443364 0.0336649 0.0323109 0.0522379 0.707091 9.9991E-05 0.0837748 0.0464844
9.9973E-05 9.9973E-05 0.0538513 0.00691136 0.865797 0.0299668 9.9973E-05 0.0431735
9.9973E-05 9.9973E-05 0.0277258 0.0268742 0.810874 0.0169217 9.9973E-05 0.117304
0.00764672 0.0206988 9.9973E-05 9.9973E-05 0.0524015 0.460977 0.457976 9.9973E-05
9.9946E-05 9.9946E-05 9.9946E-05 9.9946E-05 9.9946E-05 0.457833 0.541567 9.9946E-05
0.0236682 9.9982E-05 0.0206238 0.0273926 9.9982E-05 0.513363 0.282032 0.13272
0.0358634 0.0146991 0.0209319 0.0163466 9.9982E-05 0.565381 0.346578 9.9982E-05
0.00366562 9.9973E-05 9.9973E-05 0.0433104 0.00930513 0.376251 0.567168 9.9973E-05
0.0422201 0.050926 0.0534642 0.0107965 0.0880394 0.464247 0.23593 0.054377
0.026626 9.9964E-05 9.9964E-05 9.9964E-05 9.9964E-05 0.536169 0.263214 0.17359
9.9973E-05 0.0278138 0.0302859 0.0423661 9.9973E-05 0.503915 0.395319 9.9973E-05
9.9973E-05 9.9973E-05 9.9973E-05 0.0395033 0.00860833 0.545086 0.251464 0.155039
0.0417294 0.014735 0.00679214 0.0201971 0.0409825 0.565272 0.235494 0.0747981
9.9946E-05 9.9946E-05 9.9946E-05 9.9946E-05 9.9946E-05 0.335527 0.663873 9.9946E-05
0.00818716 0.107642 0.0388856 0.0599615 0.0376721 0.0641917 0.0520295 0.631431
0.0238828 0.0644918 0.019491 0.0219256 9.9982E-05 0.0876079 9.9982E-05 0.782401
0.00387938 0.0995695 0.0760473 0.0171456 9.9982E-05 0.0690443 9.9982E-05 0.734114
9.9982E-05 0.0975595 0.0219555 0.0383713 0.0265564 0.115737 9.9982E-05 0.69962
0.0306792 0.139003 9.9982E-05 0.0115973 0.0415076 9.9982E-05 0.348532 0.428482
0.029196 0.108509 9.9973E-05 9.9973E-05 0.0206017 9.9973E-05 0.214698 0.626695
0.0385148 0.134707 9.9973E-05 9.9973E-05 0.113045 9.9973E-05 0.215216 0.498217
9.9973E-05 0.121172 0.0101511 9.9973E-05 0.0241988 9.9973E-05 0.143805 0.700373
0.00547769 0.0845041 9.9982E-05 0.000360997 0.156211 9.9982E-05 0.247001 0.506245
0.0643048 0.0864817 0.000894001 9.9982E-05 0.0294164 9.9982E-05 0.283774 0.534929
0.0360378 0.0367871 0.00340241 0.0493939 0.0257339 0.0698809 0.105243 0.673521
0.0459269 0.0952355 9.9982E-05 0.0175005 0.0637909 9.9982E-05 0.234032 0.543315
0.00591259 9.9982E-05 9.9982E-05 0.775305 0.115417 0.0339541 0.00458127 0.0646302
9.9973E-05 0.020134 9.9973E-05 0.760392 0.037582 0.0138135 9.9973E-05 0.167779
9.9955E-05 9.9955E-05 9.9955E-05 0.795657 0.0458058 9.9955E-05 0.158037 9.9955E-05
9.9982E-05 9.9982E-05 0.0129723 0.843478 0.00624309 0.0311117 0.0106384 0.0953569
9.9964E-05 9.9964E-05 9.9964E-05 0.842923 0.0144781 0.0190748 9.9964E-05 0.123124
0.00623375 9.9964E-05 9.9964E-05 0.703982 9.9964E-05 0.0320824 9.9964E-05 0.257302
9.9973E-05 9.9973E-05 0.0204749 0.751867 0.0235227 0.0400547 9.9973E-05 0.16378
9.9964E-05 9.9964E-05 9.9964E-05 0.671892 0.072981 0.0814612 9.9964E-05 0.173266
9.9982E-05 0.0199245 0.0358183 0.730245 0.00991696 0.0274486 9.9982E-05 0.176447
9.994E-05 9.994E-05 9.994E-05 9.994E-05 9.994E-05 9.994E-05 0.9993 9.994E-05
9.9973E-05 9.9973E-05 0.00135835 0.0255977 0.027658 0.0663736 0.878712 9.9973E-05
9.9973E-05 0.0139923 9.9973E-05 0.0253634 9.9973E-05 0.274587 0.654401 0.0313563
9.9973E-05 0.00598267 0.000672426 9.9973E-05 9.9973E-05 0.226683 0.586754 0.179608
9.9982E-05 0.00564302 0.0119669 0.0193063 9.9982E-05 0.250548 0.41061 0.301725
9.9982E-05 0.00162914 0.0452719 0.030125 9.9982E-05 0.171869 0.333624 0.417281
9.9973E-05 0.0276362 0.0424807 0.0180727 9.9973E-05 9.9973E-05 0.745485 0.166026
9.99639E-05 0.00194318 9.99639E-05 0.00221395 9.99639E-05 9.99639E-05 0.981612 0.0138305
9.9964E-05 0.0186159 9.9964E-05 9.9964E-05 0.0572567 0.221128 0.7026 9.9964E-05
9.9946E-05 9.9946E-05 9.9946E-05 9.9946E-05 9.9946E-05 9.9946E-05 0.888237 0.111163
9.9964E-05 9.9964E-05 9.9964E-05 9.9964E-05 0.057353 0.111293 0.694737 0.136217
9.9973E-05 0.0152573 0.00824537 0.0245372 9.9973E-05 0.0644183 0.887242 9.9973E-05
0.00468016 9.9982E-05 0.0111553 0.00592117 0.827183 0.0377908 9.9982E-05 0.113069
0.0312851 0.00132077 9.9964E-05 9.9964E-05 0.837504 9.9964E-05 9.9964E-05 0.12949
9.9973E-05 9.9973E-05 9.9973E-05 0.0481285 0.540899 0.154921 0.00791815 0.247833
9.9964E-05 9.9964E-05 9.9964E-05 0.0406936 0.738063 0.107137 9.9964E-05 0.113706
9.9955E-05 0.0361765 9.9955E-05 9.9955E-05 0.714682 9.9955E-05 0.248642 9.9955E-05
9.9982E-05 0.0159813 0.0387042 0.0600484 0.609493 0.0913245 9.9982E-05 0.184249
9.9955E-05 9.9955E-05 9.9955E-05 0.0218892 0.701803 9.9955E-05 9.9955E-05 0.275808
9.9973E-05 9.9973E-05 0.00791453 0.0514735 0.684036 0.0652497 9.9973E-05 0.191027
0.0164501 9.9973E-05 9.9973E-05 9.9973E-05 0.856343 0.00371925 0.0257893 0.0973984
0.00245732 9.9973E-05 0.00385542 9.9973E-05 0.819275 0.0111693 9.9973E-05 0.162943
0.0340115 0.0447894 0.00942654 0.0110802 0.801115 0.0321739 0.0273415 0.0400617
9.9955E-05 9.9955E-05 0.736501 9.9955E-05 9.9955E-05 0.0820635 0.180936 9.9955E-05
0.0142152 0.0165848 0.665077 9.9982E-05 0.00864928 0.180216 0.115059 9.9982E-05
9.9982E-05 0.00889456 0.690461 0.0399514 0.0203913 0.196533 0.0435692 9.9982E-05
0.0468614 9.9973E-05 0.589499 0.0340226 9.9973E-05 0.253084 9.9973E-05 0.0762331
9.9964E-05 9.9964E-05 0.599603 0.0364169 9.9964E-05 0.20736 9.9964E-05 0.15622
9.99639E-05 9.99639E-05 0.563579 0.0311958 9.99639E-05 0.234409 9.99639E-05 0.170417
9.9964E-05 9.9964E-05 0.618072 0.0189904 9.9964E-05 0.190513 9.9964E-05 0.172025
9.9973E-05 0.0106848 0.747236 9.9973E-05 0.0506621 0.185064 9.9973E-05 0.00605317
0.0305999 9.9964E-05 0.645063 9.9964E-05 9.9964E-05 0.193398 0.130539 9.9964E-05
0.0341917 9.9973E-05 0.648405 0.0186821 9.9973E-05 0.209635 9.9973E-05 0.0887862
0.000874534 9.9982E-05 0.601115 0.0382359 9.9982E-05 0.273452 0.00723331 0.0788894
9.9964E-05 9.9964E-05 0.674071 0.0268879 9.9964E-05 0.124219 9.9964E-05 0.174422
0.0258107 0.00479277 0.167829 9.9973E-05 9.9973E-05 0.599015 9.9973E-05 0.202252
9.9982E-05 0.0309168 0.0978104 0.02469 0.00515786 0.754995 9.9982E-05 0.0862297
0.0404333 0.0184074 0.128427 0.00627927 9.9991E-05 0.699958 0.0896111 0.0167839
0.0193491 0.0443535 0.159079 0.0563053 0.0290398 0.671276 0.0204973 9.9991E-05
9.9973E-05 0.0180394 0.150794 0.0356854 9.9973E-05 0.66452 9.9973E-05 0.130661
9.9973E-05 0.0233919 0.133358 0.0176843 9.9973E-05 0.651336 9.9973E-05 0.173929
0.0527383 0.0244132 0.0938733 9.9991E-05 0.0205065 0.712941 0.0648037 0.0306238
0.0151686 0.0173684 0.111447 0.00299431 0.000396379 0.687762 0.0711175 0.0937459
0.0109314 0.00633144 0.129182 0.0342444 0.0361346 0.727688 0.0279493 0.0275391
0.0118971 9.9991E-05 0.1352 0.0269222 0.031072 0.686919 0.0387832 0.0691062
0.0457897 0.0210052 0.165416 9.9982E-05 0.0125216 0.623741 0.131327 9.9982E-05
9.9964E-05 9.9964E-05 0.150431 0.0254361 9.9964E-05 0.677022 9.9964E-05 0.14671
9.9964E-05 0.0223161 0.937116 9.9964E-05 0.0153061 9.9964E-05 0.0248622 9.9964E-05
9.9955E-05 0.00851476 0.956211 9.9955E-05 9.9955E-05 9.9955E-05 0.0347746 9.9955E-05
0.0125104 9.9955E-05 0.96204 9.9955E-05 9.9955E-05 9.9955E-05 0.0249497 9.9955E-05
9.9964E-05 9.9964E-05 0.917312 0.0268407 9.9964E-05 0.00992857 9.9964E-05 0.0455187
9.9946E-05 9.9946E-05 0.882056 9.9946E-05 9.9946E-05 9.9946E-05 9.9946E-05 0.117344
0.0012204 9.9964E-05 0.823084 0.0273436 9.9964E-05 9.9964E-05 9.9964E-05 0.147953
9.9973E-05 0.00122929 0.85934 9.9973E-05 0.00540908 0.0470859 9.9973E-05 0.0866353
9.9964E-05 9.9964E-05 0.870522 0.0186259 9.9964E-05 0.0115465 9.9964E-05 0.0989057
0.000748559 9.9955E-05 0.916073 9.9955E-05 9.9955E-05 9.9955E-05 0.0826785 9.9955E-05
9.9946E-05 9.9946E-05 0.913787 9.9946E-05 9.9946E-05 9.9946E-05 0.0856131 9.9946E-05
9.9955E-05 0.0136556 0.942394 9.9955E-05 0.0434508 9.9955E-05 9.9955E-05 9.9955E-05
0.0108656 9.9964E-05 0.884649 0.0120366 9.9964E-05 9.9964E-05 9.9964E-05 0.092049
0.000355722 9.9991E-05 0.020213 0.086997 0.57729 0.00824332 0.17001 0.136791
0.0330668 0.0223944 9.9991E-05 0.0851353 0.644972 0.0595633 0.101116 0.0536526
0.0342784 0.028677 9.9973E-05 0.0088337 0.78363 9.9973E-05 0.144281 9.9973E-05
0.0276194 0.00526717 0.0221466 0.081021 0.622916 0.0717275 0.0407141 0.128588
0.043789 0.0341059 9.9991E-05 0.0433132 0.600019 0.0373578 0.149404 0.0919113
0.00199956 9.9982E-05 0.0265563 0.0706464 0.539385 0.0846373 9.9982E-05 0.276576
0.0322667 0.00840567 0.00680966 9.9973E-05 0.77083 9.9973E-05 9.9973E-05 0.181388
0.0334534 0.0251874 0.0192736 0.00827987 0.755194 0.0153926 0.0113892 0.13183
0.0525188 9.9955E-05 9.9955E-05 9.9955E-05 0.766832 9.9955E-05 0.18015 9.9955E-05
0.0110696 0.0020483 0.0268339 0.0164828 0.756434 0.0134904 9.9991E-05 0.173541
9.9982E-05 0.0104415 0.0251085 0.0247105 0.832031 9.9982E-05 0.106765 0.000743315
0.0642999 0.00468984 0.00315788 0.000887252 0.882283 9.9982E-05 0.0444824 9.9982E-05
0.0139188 0.00217296 9.9982E-05 0.023917 0.771656 9.9982E-05 0.107574 0.0805617
0.0698968 9.9955E-05 9.9955E-05 9.9955E-05 0.704119 9.9955E-05 0.225484 9.9955E-05
0.000841132 0.0271201 9.9982E-05 0.0223057 0.611395 0.0685243 9.9982E-05 0.269614
0.00540384 0.00998783 9.9973E-05 9.9973E-05 0.0995544 0.830255 9.9973E-05 0.0544994
9.9973E-05 9.9973E-05 0.266014 0.0129833 0.0408704 0.505882 9.9973E-05 0.17395
0.0171393 0.0123514 0.000745802 0.00923077 0.0757033 0.845378 9.9991E-05 0.0393511
0.0240263 9.9991E-05 0.057994 0.000655158 0.0454272 0.712035 0.0662459 0.0935167
9.9955E-05 9.9955E-05 0.0768141 9.9955E-05 9.9955E-05 0.655097 9.9955E-05 0.267589
0.0039692 9.9991E-05 0.203789 0.0348532 0.0492866 0.626378 0.0451815 0.0364419
0.0314557 0.0207613 0.124415 9.9982E-05 0.115247 0.620888 0.0870328 9.9982E-05
0.0617456 0.0232611 0.0787392 0.0291328 0.00371393 0.730334 0.0729737 9.9991E-05
0.051173 9.9982E-05 0.0356771 0.0563373 9.9982E-05 0.0331629 0.119087 0.704363
0.0660641 0.0281313 9.9973E-05 9.9973E-05 0.0324826 9.9973E-05 0.269231 0.603791
0.9993 9.994E-05 9.994E-05 9.994E-05 9.994E-05 9.994E-05 9.994E-05 9.994E-05
0.0125559 9.9991E-05 0.0257427 0.0261257 0.0979959 0.135814 0.180284 0.521382
0.0241825 0.014868 0.0338232 9.9991E-05 0.155197 0.00887312 0.220291 0.542665
0.0389717 0.032716 9.9982E-05 9.9982E-05 0.114033 0.0781225 0.0597903 0.676166
0.9993 9.994E-05 9.994E-05 9.994E-05 9.994E-05 9.994E-05 9.994E-05 9.994E-05
0.913778 0.000281462 0.0103496 0.00723459 9.9982E-05 0.00624852 9.9982E-05 0.0619075
0.0795696 0.0346577 9.9991E-05 0.0130437 0.0567915 0.0898493 0.143081 0.582907
0.0284175 0.0344239 0.0152723 0.0436879 0.0704233 0.0374387 0.184654 0.585682
0.136759 0.0379432 9.9991E-05 0.0360615 0.0597666 0.0559641 0.15212 0.521286
0.0594278 0.0252556 0.00225192 0.0031915 0.0637335 0.0297313 0.0753939 0.741014
0.0529074 0.0363679 0.0108485 9.9991E-05 0.0492207 0.00648608 0.221016 0.623053
0.0392716 9.9973E-05 0.00120555 0.00876406 9.9973E-05 0.0447549 9.9973E-05 0.905704
0.0309851 0.0185665 9.9982E-05 9.9982E-05 0.0151881 0.037873 0.0404737 0.856714
0.0484066 0.00452378 9.9973E-05 0.0155363 9.9973E-05 9.9973E-05 0.0775868 0.853647
0.00954924 0.0406324 9.9973E-05 9.9973E-05 0.0421468 9.9973E-05 0.133397 0.773974
0.0512096 0.0309598 9.9991E-05 0.0344632 0.110059 0.0251288 0.0499652 0.698115
0.0548223 0.0349034 9.9991E-05 0.0258629 0.0109523 0.00274208 0.193316 0.677301
0.0204327 0.0263821 9.9982E-05 0.0478 0.0144337 9.9982E-05 0.164512 0.72624
9.9973E-05 0.0351752 0.0285345 0.0381995 9.9973E-05 0.07012 9.9973E-05 0.827671
0.055831 0.0273892 0.00518923 0.0488857 0.00776748 0.0928435 0.110807 0.651287
0.044085 9.9964E-05 9.9964E-05 0.00405226 9.9964E-05 9.9964E-05 0.00779692 0.943666
