0.00262745 9.9973E-05 0.00837476 0.746495 9.9973E-05 9.9973E-05 0.0273776 0.0672248 0.1476
9.9964E-05 9.9964E-05 0.000806544 0.777014 9.9964E-05 0.0107345 9.9964E-05 0.053107 0.157938
9.9982E-05 9.9982E-05 0.0177017 0.799847 0.00209335 0.003052 0.0491943 0.0499531 0.0779582
9.9964E-05 0.0492762 9.9964E-05 0.603317 0.128348 0.0332919 9.9964E-05 0.185367 9.9964E-05
9.9946E-05 9.9946E-05 9.9946E-05 0.860405 0.128633 0.0103625 9.9946E-05 9.9946E-05 9.9946E-05
9.9937E-05 9.9937E-05 9.9937E-05 0.930547 0.0687539 9.9937E-05 9.9937E-05 9.9937E-05 9.9937E-05
9.9982E-05 0.0855321 0.0457131 0.358412 0.0446049 0.0288781 9.9982E-05 0.396679 0.0399806
9.9964E-05 0.0492558 9.9964E-05 0.623842 9.9964E-05 0.0157964 9.9964E-05 0.201242 0.109464
0.0179838 0.0461246 9.9982E-05 0.64354 0.00286024 0.000385558 9.9982E-05 0.189157 0.0997485
9.993E-05 9.993E-05 0.999201 9.993E-05 9.993E-05 9.993E-05 9.993E-05 9.993E-05 9.993E-05
9.9973E-05 9.9973E-05 0.102851 0.0221933 0.164094 0.0229614 0.0271642 9.9973E-05 0.660436
9.9982E-05 0.0277587 0.100275 9.9982E-05 0.141598 0.0163107 0.00339086 0.0907931 0.619673
0.0486657 0.0513859 0.59237 9.9964E-05 9.9964E-05 9.9964E-05 9.9964E-05 0.0440385 0.26314
9.9973E-05 0.0429733 0.702121 0.0116569 9.9973E-05 0.00258391 9.9973E-05 0.0835009 0.156864
9.9946E-05 9.9946E-05 0.973821 9.9946E-05 0.000959344 0.0246198 9.9946E-05 9.9946E-05 9.9946E-05
0.00509523 9.9982E-05 0.347175 0.0205164 9.9982E-05 0.0225782 0.0710409 0.00785668 0.525538
9.993E-05 9.993E-05 0.999201 9.993E-05 9.993E-05 9.993E-05 9.993E-05 9.993E-05 9.993E-05
0.027607 9.9964E-05 0.650292 9.9964E-05 9.9964E-05 9.9964E-05 0.0443685 0.00678976 0.270543
0.0152997 0.0325723 0.762984 9.9973E-05 9.9973E-05 0.00224914 9.9973E-05 0.0526008 0.133994
9.9991E-05 0.0327428 0.0838224 0.0183536 0.188977 0.0218943 0.0239271 0.0528161 0.577366
9.993E-05 9.993E-05 0.999201 9.993E-05 9.993E-05 9.993E-05 9.993E-05 9.993E-05 9.993E-05
0.0340865 0.0569571 9.9982E-05 0.0394021 0.0658194 0.00258678 0.14722 9.9982E-05 0.653728
0.0175155 0.0221292 0.00377129 0.112519 0.0947659 0.0325087 0.0604322 9.9991E-05 0.656258
0.0238755 0.0440843 0.0154612 0.0120878 0.342864 0.032751 0.0452511 9.9991E-05 0.483525
9.9937E-05 9.9937E-05 9.9937E-05 9.9937E-05 0.243762 9.9937E-05 9.9937E-05 9.9937E-05 0.755538
9.9982E-05 0.0409526 0.0200076 9.9982E-05 0.321651 0.0247256 0.120225 0.0657205 0.406517
0.014259 0.0352286 0.00873548 9.9982E-05 0.273375 0.0154418 0.122809 9.9982E-05 0.529951
0.025366 0.0262287 9.9982E-05 0.0267826 0.0617642 9.9982E-05 0.0608014 0.00663892 0.792218
0.0392384 0.0179693 0.0385652 0.00497999 0.234461 9.9982E-05 0.0909202 9.9982E-05 0.573666
0.0226833 0.0264169 0.00725309 9.9982E-05 0.122149 9.9982E-05 0.0413312 0.0215334 0.758433
0.00721284 0.0334147 0.0345787 0.0427993 0.0826953 0.0118076 0.0665858 9.9991E-05 0.720806
0.190832 0.00481762 0.00131998 0.0929705 9.9982E-05 9.9982E-05 0.02966 0.590323 0.0898777
0.0299227 9.9964E-05 0.000279208 0.127484 9.9964E-05 9.9964E-05 9.9964E-05 0.668038 0.173876
0.0912249 0.00495496 9.9973E-05 0.0815024 0.0173735 9.9973E-05 9.9973E-05 0.651114 0.15353
0.0223948 9.9946E-05 9.9946E-05 9.9946E-05 0.0352013 9.9946E-05 9.9946E-05 0.941804 9.9946E-05
0.0693635 0.00735212 9.9955E-05 9.9955E-05 9.9955E-05 9.9955E-05 9.9955E-05 0.773224 0.149561
0.0873005 0.00605404 9.9973E-05 9.9973E-05 0.0177029 0.0112777 0.0340984 0.843266 9.9973E-05
9.9973E-05 0.0178339 9.9973E-05 0.00972769 0.00179452 0.00306434 9.9973E-05 0.904135 0.0631447
9.9955E-05 0.00687252 0.0153371 9.9955E-05 0.0251126 9.9955E-05 9.9955E-05 0.952178 9.9955E-05
0.105566 9.9964E-05 0.0256569 0.0566097 0.184908 9.9964E-05 9.9964E-05 0.626859 9.9964E-05
0.037052 9.9955E-05 9.9955E-05 9.9955E-05 9.9955E-05 0.00756518 0.0424177 0.912465 9.9955E-05
9.9964E-05 0.915095 0.0202469 9.9964E-05 0.00904309 0.0249876 9.9964E-05 9.9964E-05 0.0302278
9.9964E-05 0.939918 9.9964E-05 9.9964E-05 0.00630193 9.9964E-05 0.0137224 0.0219406 0.0177176
0.0314231 0.907581 0.00192113 0.00138874 0.00112065 0.014207 9.9982E-05 9.9982E-05 0.0421582
0.0100252 0.872607 9.9946E-05 9.9946E-05 9.9946E-05 9.9946E-05 9.9946E-05 9.9946E-05 0.116768
0.0183365 0.868953 9.9964E-05 0.00393913 9.9964E-05 0.0120862 9.9964E-05 9.9964E-05 0.0962857
0.0119938 0.877949 9.9955E-05 0.0325164 9.9955E-05 9.9955E-05 9.9955E-05 9.9955E-05 0.0770408
0.00753034 0.757587 9.9973E-05 9.9973E-05 9.9973E-05 0.0131472 0.0289274 0.072852 0.119656
9.9955E-05 0.938265 0.0207152 0.0269879 9.9955E-05 9.9955E-05 0.0135324 9.9955E-05 9.9955E-05
9.99371E-05 0.983315 9.99371E-05 9.99371E-05 0.0159858 9.99371E-05 9.99371E-05 9.99371E-05 9.99371E-05
0.00176553 0.905639 9.9955E-05 9.9955E-05 9.9955E-05 9.9955E-05 9.9955E-05 0.0326866 0.0594087
9.993E-05 0.999201 9.993E-05 9.993E-05 9.993E-05 9.993E-05 9.993E-05 9.993E-05 9.993E-05
9.9937E-05 0.992291 9.9937E-05 9.9937E-05 9.9937E-05 0.00700989 9.9937E-05 9.9937E-05 9.9937E-05
0.0320862 9.9937E-05 9.9937E-05 9.9937E-05 9.9937E-05 9.9937E-05 0.967214 9.9937E-05 9.9937E-05
0.023662 9.9982E-05 0.0210846 0.0361157 0.108138 0.0125601 0.710608 9.9982E-05 0.087631
0.008441 0.0218053 0.0132511 9.9991E-05 0.082271 0.0400241 0.512563 0.0942879 0.227257
9.9964E-05 9.9964E-05 0.0274087 0.0432301 9.9964E-05 0.0313613 0.826845 9.9964E-05 0.0707553
0.0378895 0.054744 9.9982E-05 0.0412109 0.0852486 0.0263886 0.602978 9.9982E-05 0.15134
0.0334448 0.0488042 0.0297896 0.0474908 0.072681 0.024975 0.713647 9.9991E-05 0.0290671
0.0105251 0.000445088 9.9964E-05 9.9964E-05 9.9964E-05 9.9964E-05 0.854861 0.0961671 0.0376017
0.00694449 0.0213155 0.0055933 9.9973E-05 9.9973E-05 9.9973E-05 0.763907 0.0721389 0.129801
9.9964E-05 9.9964E-05 0.0133348 0.390222 0.414534 9.9964E-05 0.0436332 0.137876 9.9964E-05
9.9946E-05 9.9946E-05 9.9946E-05 0.118002 0.53032 9.9946E-05 9.9946E-05 0.351079 9.9946E-05
9.9973E-05 0.0144092 9.9973E-05 0.156738 0.278981 0.0229816 9.9973E-05 0.422199 0.104391
9.9973E-05 0.00830322 0.0123557 0.272967 0.32457 0.0237787 9.9973E-05 0.357725 9.9973E-05
9.9973E-05 0.028823 9.9973E-05 0.0275099 0.555914 0.00363515 0.0300328 0.353785 9.9973E-05
0.0116252 0.00874779 0.0540079 0.198762 0.212832 0.033315 0.0598406 0.365403 0.0554673
0.00447424 9.9973E-05 9.9973E-05 0.242966 0.275502 0.0111604 9.9973E-05 0.314537 0.15106
9.9973E-05 0.0324794 0.0202555 0.0877445 0.374194 0.00744538 9.9973E-05 0.477581 9.9973E-05
9.9982E-05 0.0404694 9.9982E-05 0.112913 0.211546 0.0119791 0.0277678 0.487235 0.107889
9.9991E-05 0.0112779 0.00786137 0.341005 0.220262 0.0255078 0.0201788 0.293884 0.0799225
9.9946E-05 9.9946E-05 9.9946E-05 0.087997 0.638505 9.9946E-05 9.9946E-05 0.272899 9.9946E-05
9.9982E-05 0.0534275 0.116504 9.9982E-05 0.0325966 0.0172616 0.00384222 0.162075 0.614094
0.00941383 0.0310217 0.0961037 0.01673 9.9991E-05 0.0287863 0.00684704 0.100401 0.710596
0.0773044 0.0199762 0.121309 0.110903 9.9982E-05 0.00413767 9.9982E-05 0.00484123 0.661329
0.0107306 0.0371317 0.0951676 9.9973E-05 9.9973E-05 9.9973E-05 0.0236359 0.169223 0.663811
9.9973E-05 0.0123158 0.13775 9.9973E-05 0.36184 0.0249722 0.00569331 9.9973E-05 0.457129
9.9973E-05 9.9973E-05 0.0930588 0.030416 0.225273 0.0301796 0.00312623 9.9973E-05 0.617647
9.9973E-05 9.9973E-05 0.152407 0.0104989 0.186085 0.0403642 0.118987 9.9973E-05 0.491358
0.0232328 9.9964E-05 0.135647 9.9964E-05 0.112013 9.9964E-05 0.0387303 9.9964E-05 0.689978
9.9973E-05 9.9973E-05 0.0883325 0.0377895 0.222645 0.0040882 0.179851 9.9973E-05 0.466994
0.0125902 9.9982E-05 0.0782005 0.00880411 0.274899 0.0580965 0.0336248 9.9982E-05 0.533585
9.9982E-05 0.0487567 0.0482508 9.9982E-05 0.0718718 0.0380342 0.0189183 0.134512 0.639457
9.9973E-05 0.0236751 0.10292 9.9973E-05 0.24563 0.0440155 0.0453866 9.9973E-05 0.538073
0.00278483 0.777872 9.9982E-05 9.9982E-05 0.0105668 0.0009889 0.101196 0.0384952 0.067896
0.00455888 0.744625 0.00385411 0.0337159 9.9973E-05 9.9973E-05 0.0389108 9.9973E-05 0.174035
9.9946E-05 0.790898 9.9946E-05 9.9946E-05 0.147728 9.9946E-05 0.0607745 9.9946E-05 9.9946E-05
0.000746452 0.840428 0.00801127 0.00392515 0.00357943 9.9991E-05 0.0171559 0.0467263 0.0793278
9.9955E-05 0.848497 9.9955E-05 9.9955E-05 9.9955E-05 9.9955E-05 0.000143937 0.0362604 0.114599
0.0105239 0.692875 9.9955E-05 0.0442997 9.9955E-05 9.9955E-05 9.9955E-05 9.9955E-05 0.251802
9.9955E-05 0.744331 9.9955E-05 9.9955E-05 9.9955E-05 9.9955E-05 0.0172598 0.0909118 0.146998
9.9955E-05 0.668061 9.9955E-05 9.9955E-05 9.9955E-05 9.9955E-05 0.0770265 0.0978852 0.156528
0.027659 0.732299 0.002137 0.00489969 9.9982E-05 9.9982E-05 0.00117666 0.04261 0.189019
9.993E-05 9.993E-05 9.993E-05 9.993E-05 0.999201 9.993E-05 9.993E-05 9.993E-05 9.993E-05
9.9955E-05 0.0219195 9.9955E-05 9.9955E-05 0.837744 9.9955E-05 0.0339243 0.105912 9.9955E-05
9.9973E-05 0.0336016 0.0151916 0.307619 0.613078 9.9973E-05 9.9973E-05 0.018569 0.0116407
9.9955E-05 9.9955E-05 9.9955E-05 0.170207 0.573986 9.9955E-05 9.9955E-05 0.0840548 0.171252
9.9973E-05 0.0206592 0.0076112 0.0449203 0.4013 9.9973E-05 9.9973E-05 0.261242 0.263967
0.00972614 0.0152588 9.9982E-05 0.0295568 0.344507 9.9982E-05 0.0100055 0.189569 0.401177
0.0453524 0.00181668 0.0201175 0.0335634 0.738178 9.9973E-05 9.9973E-05 9.9973E-05 0.160672
9.99459E-05 0.000845038 9.99459E-05 9.99459E-05 0.991266 9.99459E-05 9.99459E-05 9.99459E-05 0.00728964
9.9964E-05 9.9964E-05 0.0200256 0.0731697 0.681798 9.9964E-05 0.0602564 0.164351 9.9964E-05
9.9937E-05 9.9937E-05 9.9937E-05 9.9937E-05 0.881972 9.9937E-05 9.9937E-05 9.9937E-05 0.117329
9.9955E-05 9.9955E-05 9.9955E-05 9.9955E-05 0.689401 9.9955E-05 0.0681392 0.131394 0.110567
9.9955E-05 0.0193928 0.0124237 9.9955E-05 0.853954 9.9955E-05 9.9955E-05 0.11373 9.9955E-05
9.9973E-05 0.00158045 0.00279274 9.9973E-05 9.9973E-05 0.01472 0.807371 0.102182 0.0710533
0.00441495 9.9964E-05 9.9964E-05 0.0187531 9.9964E-05 0.018642 0.833075 9.9964E-05 0.124715
9.9964E-05 0.0256387 9.9964E-05 9.9964E-05 0.00259492 9.9964E-05 0.56564 0.17229 0.233437
9.9955E-05 0.0398251 9.9955E-05 9.9955E-05 9.9955E-05 9.9955E-05 0.733606 0.142735 0.0833342
9.9955E-05 9.9955E-05 0.0278167 9.9955E-05 0.255995 0.00309557 0.712593 9.9955E-05 9.9955E-05
0.0116058 0.0646111 0.0161573 9.9982E-05 9.9982E-05 0.00266714 0.607414 0.137514 0.15983
0.00290184 0.0258672 9.9964E-05 0.00140277 9.9964E-05 9.9964E-05 0.702352 9.9964E-05 0.267076
9.9955E-05 0.0431661 9.9955E-05 9.9955E-05 9.9955E-05 9.9955E-05 0.663832 0.12113 0.171372
9.9964E-05 9.9964E-05 9.9964E-05 0.0426755 0.0306326 0.0126349 0.838375 9.9964E-05 0.0752825
9.9955E-05 9.9955E-05 9.9955E-05 0.00114434 9.9955E-05 9.9955E-05 0.811604 0.038738 0.148014
0.00927371 9.9982E-05 0.0400614 9.9982E-05 0.0246191 0.0457229 0.81464 0.0391716 0.0263117
0.729089 9.9955E-05 9.9955E-05 0.0435668 0.186638 9.9955E-05 9.9955E-05 0.0402058 9.9955E-05
0.658788 9.9982E-05 0.00531562 0.0361396 0.134196 0.0129886 0.00467717 0.147695 9.9982E-05
0.63639 0.023125 0.0113809 9.9973E-05 0.0152465 9.9973E-05 0.0452323 0.268325 9.9973E-05
0.571839 0.0233783 9.9973E-05 0.0712427 9.9973E-05 0.0384838 9.9973E-05 0.207854 0.0869023
0.569658 0.0429495 9.9964E-05 0.0562489 9.9964E-05 9.9964E-05 9.9964E-05 0.190903 0.139841
0.555369 0.0339263 9.9964E-05 0.0221289 9.9964E-05 9.9964E-05 9.9964E-05 0.21457 0.173606
0.601796 0.0188111 9.9964E-05 0.0195908 9.9964E-05 9.9964E-05 9.9964E-05 0.198827 0.160575
0.756991 9.9964E-05 0.00888696 0.122704 9.9964E-05 9.9964E-05 0.0463686 0.0646493 9.9964E-05
0.632542 9.9964E-05 9.9964E-05 0.0554054 0.120202 0.0245833 9.9964E-05 0.166867 9.9964E-05
0.600514 9.9964E-05 9.9964E-05 0.0513842 9.9964E-05 0.0364779 9.9964E-05 0.236924 0.0743
0.565707 0.0358075 9.9973E-05 0.0617739 0.0121892 9.9973E-05 9.9973E-05 0.246431 0.0777909
0.670682 0.0248287 9.9964E-05 0.0241953 9.9964E-05 9.9964E-05 9.9964E-05 0.104742 0.175152
0.0791108 9.9973E-05 0.00830165 0.111561 9.9973E-05 0.0263995 9.9973E-05 0.610112 0.164215
9.9964E-05 9.9964E-05 0.0360261 9.9964E-05 9.9964E-05 0.00549518 0.0356602 0.868192 0.0542267
0.0514652 9.9973E-05 0.0239794 0.142817 0.0764637 0.0372721 9.9973E-05 0.667703 9.9973E-05
0.0418078 0.0391182 0.0413827 0.00225495 0.0296063 0.0140813 0.0310101 0.800639 9.9991E-05
9.9955E-05 0.0110077 0.0256862 9.9955E-05 9.9955E-05 9.9955E-05 9.9955E-05 0.871654 0.0911519
0.0776475 0.00336104 0.0143508 0.122719 9.9982E-05 0.00226295 9.9982E-05 0.607283 0.172175
0.0258597 9.9982E-05 0.0368707 0.104642 0.0922183 0.0486882 9.9982E-05 0.680985 0.0105354
0.0198248 9.9982E-05 0.0165522 0.099335 0.0724896 0.0158571 9.9982E-05 0.699855 0.075886
9.9973E-05 0.00881598 0.016767 9.9973E-05 0.0346969 0.00803057 0.0370825 0.894307 9.9973E-05
0.0156453 0.011975 9.9982E-05 9.9982E-05 0.0125907 0.0237417 0.0354156 0.845768 0.0546637
0.0679067 9.9982E-05 0.00778905 0.0321981 0.123188 0.0354352 0.035078 0.698205 9.9982E-05
0.0233666 0.0273844 9.9964E-05 9.9964E-05 9.9964E-05 9.9964E-05 0.00241551 0.843352 0.103082
0.919797 9.9955E-05 0.0129701 0.0603236 9.9955E-05 9.9955E-05 0.00640936 9.9955E-05 9.9955E-05
0.955965 9.9946E-05 0.00931208 9.9946E-05 0.0341232 9.9946E-05 9.9946E-05 9.9946E-05 9.9946E-05
0.961702 9.9946E-05 9.9946E-05 9.9946E-05 0.0205401 0.0171585 9.9946E-05 9.9946E-05 9.9946E-05
0.893292 0.0189245 9.9955E-05 9.9955E-05 9.9955E-05 9.9955E-05 9.9955E-05 0.0713422 0.0159418
0.881159 0.00186606 9.9946E-05 9.9946E-05 9.9946E-05 9.9946E-05 9.9946E-05 9.9946E-05 0.116375
0.80697 0.0337031 9.9964E-05 9.9964E-05 9.9964E-05 0.00240006 9.9964E-05 0.0316304 0.124896
0.845422 9.9955E-05 9.9955E-05 0.000890001 9.9955E-05 9.9955E-05 9.9955E-05 0.0798165 0.0733713
0.860464 9.9946E-05 9.9946E-05 9.9946E-05 9.9946E-05 9.9946E-05 9.9946E-05 0.0518366 0.0870998
0.917295 9.9946E-05 9.9946E-05 9.9946E-05 0.0717134 0.0103923 9.9946E-05 9.9946E-05 9.9946E-05
0.92136 9.9937E-05 9.9937E-05 9.9937E-05 0.0779406 9.9937E-05 9.9937E-05 9.9937E-05 9.9937E-05
0.951994 9.9955E-05 0.00785126 9.9955E-05 0.00115097 9.9955E-05 0.0385036 9.9955E-05 9.9955E-05
0.897855 0.013535 0.00258018 9.9964E-05 9.9964E-05 0.0169803 9.9964E-05 9.9964E-05 0.0686494
0.00428535 0.086571 9.9982E-05 9.9982E-05 0.157564 0.00640754 0.538461 0.0660176 0.140494
9.9982E-05 0.0822178 0.0176405 9.9982E-05 0.11046 0.0405372 0.650233 0.0666228 0.0320888
9.9973E-05 0.0153181 0.0211765 0.0325219 0.130384 0.0360748 0.764225 9.9973E-05 9.9973E-05
0.0140258 0.0896278 9.9991E-05 0.0519981 0.0400569 0.0200414 0.596426 0.0554808 0.132244
9.9991E-05 0.0513872 0.0272582 0.0496219 0.132903 0.0509766 0.583303 0.0113738 0.0930761
0.0315293 0.0707033 9.9973E-05 0.0377698 9.9973E-05 9.9973E-05 0.54887 0.0606828 0.250145
0.0170572 9.9964E-05 0.00129432 9.9964E-05 9.9964E-05 0.0261843 0.798563 9.9964E-05 0.156501
0.0175618 9.9982E-05 0.022797 0.0485914 9.9982E-05 0.0312463 0.729897 0.00622983 0.143477
9.9955E-05 9.9955E-05 9.9955E-05 0.0303671 0.175404 0.0534927 0.740236 9.9955E-05 9.9955E-05
0.033563 0.0154108 0.0180287 0.0380736 9.9982E-05 0.00473094 0.740156 9.9982E-05 0.149837
9.9964E-05 0.0284799 0.000580335 9.9964E-05 0.113236 9.9964E-05 0.795428 0.0618758 9.9964E-05
9.9964E-05 9.9964E-05 0.0026629 0.0388081 0.0340679 0.0530343 0.871027 9.9964E-05 9.9964E-05
9.9973E-05 0.0190232 9.9973E-05 0.0420325 0.119263 0.0152138 0.749732 9.9973E-05 0.0544358
9.9946E-05 9.9946E-05 9.9946E-05 9.9946E-05 0.224136 0.0726401 0.702624 9.9946E-05 9.9946E-05
9.9982E-05 0.016603 0.0217321 0.0694304 9.9982E-05 0.00818128 0.609285 0.0271062 0.247462
9.993E-05 9.993E-05 9.993E-05 0.999201 9.993E-05 9.993E-05 9.993E-05 9.993E-05 9.993E-05
0.287423 0.0136937 9.9955E-05 0.565276 9.9955E-05 9.9955E-05 9.9955E-05 9.9955E-05 0.133107
0.00343832 0.00384215 9.9946E-05 0.99212 9.9946E-05 9.9946E-05 9.9946E-05 9.9946E-05 9.9946E-05
0.0767362 9.9964E-05 9.9964E-05 0.85749 9.9964E-05 0.0183747 0.0114709 9.9964E-05 0.0355286
0.0887638 9.9955E-05 9.9955E-05 0.599345 9.9955E-05 9.9955E-05 9.9955E-05 0.11296 0.198432
0.202692 0.0285558 9.9973E-05 0.559421 0.0140034 9.9973E-05 0.0315436 0.163485 9.9973E-05
0.110037 9.9973E-05 0.00317619 0.796966 0.04362 0.00704137 0.0388603 9.9973E-05 9.9973E-05
0.0754763 9.9946E-05 9.9946E-05 0.887004 9.9946E-05 0.0369204 9.9946E-05 9.9946E-05 9.9946E-05
0.00754982 0.053806 9.9973E-05 9.9973E-05 0.119788 0.0207034 9.9973E-05 0.11216 0.685693
9.9964E-05 9.9964E-05 0.0237717 9.9964E-05 0.26634 0.0407805 0.0291027 9.9964E-05 0.639605
9.993E-05 9.993E-05 9.993E-05 9.993E-05 9.993E-05 0.999201 9.993E-05 9.993E-05 9.993E-05
0.00343062 0.0196529 9.9991E-05 0.123895 0.158397 0.010296 0.1308 0.0859464 0.467482
0.042701 9.9982E-05 0.0106803 0.0853746 0.190657 0.0209672 0.136351 9.9982E-05 0.513068
9.9973E-05 9.9973E-05 0.0265471 0.108684 0.0554635 0.0499595 0.11897 9.9973E-05 0.640076
9.993E-05 9.993E-05 9.993E-05 9.993E-05 9.993E-05 0.999201 9.993E-05 9.993E-05 9.993E-05
0.00736686 0.00749568 9.9964E-05 9.9964E-05 9.9964E-05 0.907365 9.9964E-05 0.0236755 0.0536976
9.9991E-05 0.0149344 0.0386092 0.0673913 0.145672 0.053072 0.067116 0.0306642 0.582441
9.9982E-05 0.0344032 0.0403335 9.9982E-05 0.165696 0.0319849 0.0645848 0.11587 0.546929
0.0241897 0.0375647 0.0461628 0.0150728 0.167263 0.117053 0.0566758 0.0209147 0.515103
0.00199268 0.00590092 0.0311864 0.0854714 0.0518752 0.0531791 0.0390284 9.9991E-05 0.731266
0.00569884 9.9982E-05 0.0463475 0.070718 0.200165 0.0461455 0.0454867 9.9982E-05 0.585238
0.0180946 0.00709747 9.9964E-05 0.0653184 9.9964E-05 0.0254366 9.9964E-05 9.9964E-05 0.883653
0.0183625 9.9982E-05 0.0292247 0.0373104 0.0161311 0.038263 0.0418127 9.9982E-05 0.818696
9.9964E-05 0.011483 9.9964E-05 0.0721297 0.0432323 0.0266687 9.9964E-05 9.9964E-05 0.846087
0.0086779 9.9973E-05 0.0628123 9.9973E-05 0.11147 0.0185528 0.067448 9.9973E-05 0.730739
9.9982E-05 0.0283656 0.0313896 0.0616915 0.0571688 0.0445024 0.0963773 9.9982E-05 0.680305
9.9982E-05 0.0299817 0.0407437 9.9982E-05 0.181913 0.062604 0.00427928 0.0386942 0.641584
9.9982E-05 0.0426206 0.0406892 9.9982E-05 0.137679 0.0185057 0.0258442 0.0522831 0.682179
0.0258122 0.0431757 0.035196 0.0557424 9.9973E-05 9.9973E-05 9.9973E-05 0.0502949 0.789479
9.9973E-05 0.0420637 0.0349114 9.9973E-05 0.0770606 0.0516958 9.9973E-05 0.164534 0.629435
9.9946E-05 9.9946E-05 9.9946E-05 0.0326344 9.9946E-05 0.0263363 9.9946E-05 9.9946E-05 0.94043
