0.0269078 0.512681 0.460411
0.00067835 0.522671 0.476651
0.0241112 0.516058 0.459831
0.0649651 0.543924 0.391111
9.9991E-05 0.514958 0.484942
0.0214097 0.517334 0.461257
0.111928 0.516095 0.371977
0.0769373 0.545605 0.377457
0.065308 0.591626 0.343066
9.999E-05 9.999E-05 0.9998
0.0441804 0.0634247 0.892395
0.0756259 0.121695 0.80268
0.0887581 0.108979 0.802263
0.0627435 0.0937695 0.843487
0.0055697 9.9991E-05 0.99433
0.054389 0.0723876 0.873223
0.0233582 0.0238094 0.952832
0.0276449 0.0474464 0.924909
0.0393256 0.0785685 0.882106
0.0847536 0.114599 0.800647
9.999E-05 9.999E-05 0.9998
0.150092 0.112189 0.737719
0.0862864 0.13919 0.774523
0.0919461 0.11411 0.793944
0.0608424 0.0491636 0.889994
0.105621 0.127843 0.766535
0.116633 0.100107 0.78326
0.117699 0.117068 0.765233
0.0826018 0.11629 0.801108
0.10495 0.123844 0.771206
0.111989 0.0949307 0.79308
0.0510033 0.754235 0.194761
0.00262377 0.666242 0.331134
0.0271731 0.677024 0.295803
0.0149515 0.771045 0.214004
0.0426553 0.701832 0.255513
0.0346699 0.751168 0.214162
0.0467505 0.715619 0.23763
0.0297165 0.75972 0.210564
9.9991E-05 0.743174 0.256726
0.0144361 0.764613 0.220951
0.957079 9.9991E-05 0.042821
0.9998 9.999E-05 9.999E-05
0.947475 0.0497114 0.00281341
0.941648 0.034073 0.0242794
0.922757 0.0441548 0.0330885
0.92934 0.0687512 0.00190912
0.82104 0.0762445 0.102715
0.995586 9.9991E-05 0.00431389
0.9998 9.999E-05 9.999E-05
0.969713 0.0301869 9.9991E-05
0.9998 9.999E-05 9.999E-05
0.9998 9.999E-05 9.999E-05
0.214416 0.0662369 0.719347
0.158922 0.0571073 0.783971
0.16504 0.0950593 0.739901
0.203139 0.0160208 0.78084
0.219937 0.069805 0.710258
0.222069 0.0598965 0.718035
0.231237 0.103014 0.665749
0.226099 0.0638164 0.710085
9.99915E-05 0.451015 0.548885
9.9991E-05 0.507732 0.492168
0.0427788 0.501527 0.455694
0.0208408 0.537461 0.441698
0.0587815 0.41338 0.527838
0.0334891 0.465886 0.500625
0.0171572 0.468973 0.51387
0.0412787 0.509713 0.449008
0.0693975 0.471595 0.459007
0.0290994 0.473638 0.497262
9.9991E-05 0.521969 0.477931
0.119005 0.153601 0.727394
0.0855147 0.172977 0.741508
0.094182 0.208115 0.697703
0.106174 0.174791 0.719035
0.0612045 0.0549052 0.88389
0.0285181 0.0746675 0.896814
0.0195279 0.0357189 0.944753
0.0135314 0.0893255 0.897143
0.0712365 0.0651995 0.863564
0.0447077 0.104394 0.850898
0.113034 0.147323 0.739643
0.0731943 0.0452707 0.881535
0.847529 0.0459778 0.106494
0.816134 0.0551781 0.128688
0.874391 9.9991E-05 0.125509
0.897856 0.0492243 0.0529198
0.912546 0.0339567 0.0534974
0.780185 0.0579752 0.16184
0.817985 0.0862674 0.0957476
0.751195 0.0955418 0.153263
0.8016 0.0769391 0.121461
9.9991E-05 0.210879 0.789021
0.0411831 0.2819 0.676916
0.0226977 0.342465 0.634837
9.9991E-05 0.31959 0.68031
0.0562436 0.336975 0.606781
0.0595257 0.283516 0.656959
0.0282676 0.24314 0.728592
0.00788333 0.201007 0.791109
9.9991E-05 0.323159 0.676741
0.0219957 0.133038 0.844967
0.00167116 0.26473 0.733599
0.0298136 0.268443 0.701744
0.205296 0.0723794 0.722325
0.195241 0.00759549 0.797164
0.188906 0.138783 0.672312
0.239257 0.088735 0.672008
0.187411 9.9991E-05 0.812489
0.215659 0.114537 0.669804
0.226036 0.0143114 0.759652
0.229018 0.0883455 0.682637
0.199572 0.0103127 0.790115
0.187687 0.0472009 0.765112
0.197014 0.0331272 0.769859
9.9991E-05 0.99938 0.000519742
9.9991E-05 0.911373 0.0885272
0.0567804 0.924275 0.0189441
0.0439602 0.855272 0.100768
0.0652082 0.857099 0.0776926
0.0800263 0.852888 0.0670857
0.0471318 0.874039 0.0788291
0.0103059 0.960698 0.0289959
9.9991E-05 0.940455 0.0594446
0.0383014 0.912773 0.0489258
0.0604789 0.886109 0.0534122
0.0622455 0.877547 0.0602074
0.022911 0.661332 0.315757
0.046431 0.656399 0.29717
0.00766529 0.681789 0.310546
0.0684086 0.680209 0.251382
0.0542531 0.674465 0.271282
0.043766 0.664364 0.29187
9.9991E-05 0.658347 0.341553
0.0183208 0.650634 0.331045
0.0457764 0.711826 0.242398
0.0506042 0.683147 0.266249
0.00835353 0.670547 0.321099
0.0599205 0.707639 0.232441
9.999E-05 0.9998 9.999E-05
9.999E-05 0.9998 9.999E-05
9.999E-05 0.9998 9.999E-05
0.00804909 0.991851 9.9991E-05
0.0231533 0.976747 9.9991E-05
0.0547259 0.939662 0.00561232
0.00884233 0.991058 9.9991E-05
0.0328496 0.96705 9.9991E-05
9.999E-05 0.9998 9.999E-05
9.999E-05 0.9998 9.999E-05
9.999E-05 0.9998 9.999E-05
0.0325633 0.967337 9.9991E-05
0.221546 0.0903025 0.688152
0.244652 0.0600551 0.695293
0.193408 0.0197262 0.786866
0.247084 0.0904967 0.662419
0.199826 0.0585079 0.741666
0.232089 0.117712 0.650199
0.184152 0.0190798 0.796768
0.167589 0.0571941 0.775217
0.16761 0.0197987 0.812591
0.201203 0.0588999 0.739897
0.215766 0.0411041 0.74313
0.202207 0.0210517 0.776741
0.196535 0.0316234 0.771841
0.163303 0.00565875 0.831038
0.20797 0.0719739 0.720056
0.00912379 0.608022 0.382855
0.0604927 0.685043 0.254464
0.0285243 0.614031 0.357444
0.0175405 0.612927 0.369532
0.00967587 0.604763 0.385561
0.0541108 0.697682 0.248208
9.9991E-05 0.621944 0.377956
0.0227874 0.64905 0.328163
0.118199 0.17064 0.711161
0.0599483 0.0592207 0.880831
0.0346997 0.0181286 0.947172
0.088751 0.223183 0.688065
0.0649739 0.150422 0.784604
0.0805585 0.0920571 0.827384
0.0310899 0.0239806 0.944929
0.040468 0.0821503 0.877382
0.0740003 0.13158 0.79442
0.101886 0.129087 0.769028
0.0879948 0.132183 0.779822
0.079304 0.0980239 0.822672
0.0536725 0.117097 0.829231
0.0910019 0.14584 0.763158
0.058708 0.0937289 0.847563
0.0848689 0.0904229 0.824708
0.0510078 0.0673461 0.881646
0.105808 0.0726115 0.82158
0.0749805 0.0997142 0.825305
0.116608 0.0758729 0.80752
0.105143 0.177081 0.717775
0.116181 0.146813 0.737006
0.0894962 0.0997897 0.810714
