0.0219861 9.995E-05 0.0134982 0.0804289 9.995E-05 9.995E-05 9.995E-05 9.995E-05 0.715094 0.168493
9.996E-05 9.996E-05 9.996E-05 0.0682926 0.0125937 0.0177229 0.0109717 9.996E-05 0.749897 0.140122
9.9964E-05 0.00366633 0.0291997 0.0426443 9.9964E-05 9.9964E-05 0.0169981 9.9964E-05 0.815625 0.0914665
9.9964E-05 0.0437338 9.9964E-05 0.191169 0.0188353 9.9964E-05 0.000688517 0.123344 0.621829 9.9964E-05
9.9937E-05 9.9937E-05 9.9937E-05 9.9937E-05 0.010134 9.9937E-05 9.9937E-05 0.104452 0.884715 9.9937E-05
9.9928E-05 9.9928E-05 9.9928E-05 9.9928E-05 9.9928E-05 9.9928E-05 9.9928E-05 0.0350362 0.964164 9.9928E-05
9.9982E-05 0.0773412 9.9982E-05 0.301712 0.0182911 0.100796 0.0315419 0.0365512 0.355427 0.0781399
9.9973E-05 0.0571445 9.9973E-05 0.16339 0.00459849 0.0356581 9.9973E-05 0.00508186 0.646052 0.0877753
9.9964E-05 0.0487551 9.9964E-05 0.14278 0.00240267 0.103547 9.9964E-05 9.9964E-05 0.628761 0.073354
9.99201E-05 9.99201E-05 9.99201E-05 9.99201E-05 9.99201E-05 9.99201E-05 0.999101 9.99201E-05 9.99201E-05 9.99201E-05
9.9964E-05 9.9964E-05 0.0218063 9.9964E-05 0.023663 9.9964E-05 0.106177 0.122813 0.0574623 0.667678
9.9973E-05 0.0297106 0.0225196 0.107253 0.0117894 9.9973E-05 0.0951256 0.141073 9.9973E-05 0.592229
9.9973E-05 0.057871 0.00543533 0.0397798 9.9973E-05 0.0533112 0.573828 9.9973E-05 0.0135857 0.255889
9.99549E-05 0.0425303 9.99549E-05 0.0846981 9.99549E-05 0.0314606 0.699495 9.99549E-05 9.99549E-05 0.141317
9.9937E-05 9.9937E-05 9.9937E-05 9.9937E-05 0.0210552 9.9937E-05 0.963613 0.0146319 9.9937E-05 9.9937E-05
0.00145953 9.9982E-05 0.0709712 0.0252317 0.0156103 0.016228 0.343104 9.9982E-05 0.0155632 0.511632
9.99201E-05 9.99201E-05 9.99201E-05 9.99201E-05 9.99201E-05 9.99201E-05 0.999101 9.99201E-05 9.99201E-05 9.99201E-05
0.0219232 9.9964E-05 0.0530362 0.0276155 0.000793526 9.9964E-05 0.66958 9.9964E-05 9.9964E-05 0.226651
9.99549E-05 0.0222459 9.99549E-05 0.0397009 9.99549E-05 0.0384407 0.771803 9.99549E-05 9.99549E-05 0.12731
9.9973E-05 0.0283161 0.00995856 0.0906488 0.0141815 9.9973E-05 0.0727729 0.166379 9.9973E-05 0.617443
9.99201E-05 9.99201E-05 9.99201E-05 9.99201E-05 9.99201E-05 9.99201E-05 0.999101 9.99201E-05 9.99201E-05 9.99201E-05
0.0621499 0.0486182 0.16507 0.0137693 0.00169529 9.9991E-05 0.00822134 0.0547541 0.00166533 0.643957
0.0337232 0.0201765 0.052458 9.9973E-05 0.0160894 9.9973E-05 9.9973E-05 0.119812 0.126002 0.631439
0.0206229 0.0348315 0.072773 9.9982E-05 0.0306521 0.0185865 0.020662 0.33815 9.9982E-05 0.463522
9.9928E-05 9.9928E-05 9.9928E-05 9.9928E-05 9.9928E-05 9.9928E-05 9.9928E-05 0.239756 9.9928E-05 0.759444
9.9973E-05 0.0462192 0.112964 0.0907968 0.0210253 9.9973E-05 0.00881901 0.308693 9.9973E-05 0.411183
0.00860865 0.0477816 0.101799 9.9982E-05 0.00119422 0.0135743 0.00976637 0.285659 9.9982E-05 0.531416
0.043512 0.0300633 0.0424718 0.0322419 9.9964E-05 9.9964E-05 9.9964E-05 0.0652801 9.9964E-05 0.786031
9.9973E-05 0.0140954 0.0641292 9.9973E-05 9.9973E-05 0.0560457 0.0309676 0.23539 0.00518877 0.593883
0.0287657 0.00951079 0.0429965 0.0417795 9.9982E-05 0.0078637 0.00941258 0.0971341 9.9982E-05 0.762337
0.0235551 0.0383439 0.0246069 9.9973E-05 9.9973E-05 9.9973E-05 0.0189351 0.111287 0.0330725 0.7499
0.0687046 0.0100705 0.00698324 0.560379 9.9973E-05 0.222297 9.9973E-05 9.9973E-05 0.0627618 0.0685042
0.052015 9.9955E-05 9.9955E-05 0.662871 9.9955E-05 9.9955E-05 0.000247367 9.9955E-05 0.129852 0.154515
0.0850913 0.00638535 9.9964E-05 0.634743 9.9964E-05 0.0345563 9.9964E-05 9.9964E-05 0.108099 0.130725
0.0444982 9.9937E-05 9.9937E-05 0.94086 9.9937E-05 9.9937E-05 9.9937E-05 0.0139421 9.9937E-05 9.9937E-05
0.0610031 0.00048728 9.9964E-05 0.734255 9.9964E-05 0.068908 9.9964E-05 9.9964E-05 0.00222115 0.132726
0.0213009 9.9964E-05 0.0068417 0.81166 0.022406 0.113269 9.9964E-05 0.0241222 9.9964E-05 9.9964E-05
9.9955E-05 0.00599108 9.9955E-05 0.871204 9.9955E-05 0.0554964 9.9955E-05 9.9955E-05 0.0233652 0.0434435
0.0232484 9.9937E-05 9.9937E-05 0.94792 9.9937E-05 9.9937E-05 9.9937E-05 0.0281325 9.9937E-05 9.9937E-05
0.13942 9.9955E-05 9.9955E-05 0.577853 9.9955E-05 9.9955E-05 0.0154427 0.165021 0.101763 9.9955E-05
0.0369073 9.9946E-05 0.0240339 0.934421 0.00403813 9.9946E-05 9.9946E-05 9.9946E-05 9.9946E-05 9.9946E-05
0.00471348 0.915314 9.9964E-05 9.9964E-05 0.0245156 9.9964E-05 0.0232237 0.0125096 9.9964E-05 0.0193233
9.9955E-05 0.947071 0.00251614 0.0311002 9.9955E-05 9.9955E-05 9.9955E-05 0.00947143 9.9955E-05 0.00934168
0.0405563 0.902624 9.9955E-05 9.9955E-05 0.0117555 9.9955E-05 9.9955E-05 9.9955E-05 0.00277701 0.0417878
0.0157211 0.879516 9.9937E-05 9.9937E-05 9.9937E-05 9.9937E-05 9.9937E-05 9.9937E-05 9.9937E-05 0.104064
0.0240047 0.86499 9.9955E-05 9.9955E-05 0.0132977 9.9955E-05 9.9955E-05 9.9955E-05 0.00537124 0.0918369
0.0326391 0.885615 9.9946E-05 9.9946E-05 9.9946E-05 9.9946E-05 9.9946E-05 9.9946E-05 0.015791 0.0653549
0.00887976 0.761424 0.0275908 0.0243334 0.00542122 0.0414586 9.9982E-05 0.0042991 9.9982E-05 0.126393
9.9937E-05 0.945852 9.9937E-05 9.9937E-05 9.9937E-05 9.9937E-05 0.0228913 9.9937E-05 0.0305574 9.9937E-05
9.99281E-05 0.983358 9.99281E-05 9.99281E-05 9.99281E-05 9.99281E-05 9.99281E-05 0.0158421 9.99281E-05 9.99281E-05
9.9946E-05 0.90651 9.9946E-05 0.0231698 9.9946E-05 0.0244036 9.9946E-05 9.9946E-05 9.9946E-05 0.0453173
9.99201E-05 0.999101 9.99201E-05 9.99201E-05 9.99201E-05 9.99201E-05 9.99201E-05 9.99201E-05 9.99201E-05 9.99201E-05
9.99281E-05 0.989773 9.99281E-05 9.99281E-05 0.00942725 9.99281E-05 9.99281E-05 9.99281E-05 9.99281E-05 9.99281E-05
9.9928E-05 9.9928E-05 0.934405 9.9928E-05 9.9928E-05 0.0647954 9.9928E-05 9.9928E-05 9.9928E-05 9.9928E-05
0.0441434 9.9973E-05 0.696106 9.9973E-05 0.00973608 9.9973E-05 0.0158696 0.0801875 0.0472347 0.106422
9.9991E-05 0.0143689 0.516528 0.103186 0.0540637 0.00921801 0.00301215 0.080033 0.00219579 0.217295
0.00108618 0.00509246 0.79934 9.9973E-05 0.0356301 9.9973E-05 0.0399037 9.9973E-05 0.0585449 0.0601026
0.0264588 0.0535036 0.604992 9.9982E-05 0.0320975 0.0126857 9.9982E-05 0.0856153 0.0410492 0.143398
0.0224462 0.0471613 0.712629 9.9982E-05 0.0312657 0.0338504 0.0434567 0.0845848 0.0244063 9.9982E-05
9.995E-05 0.00653425 0.8277 0.0529573 9.995E-05 0.0806625 9.995E-05 9.995E-05 9.995E-05 0.0316464
0.0299141 0.0212017 0.774146 0.0644664 9.996E-05 9.996E-05 0.00502149 9.996E-05 9.996E-05 0.104851
0.0319974 9.9964E-05 0.0098372 0.153256 9.9964E-05 9.9964E-05 0.0100857 0.420256 0.374168 9.9964E-05
9.993E-05 9.993E-05 9.993E-05 0.351403 9.993E-05 9.993E-05 9.993E-05 0.497517 0.150381 9.993E-05
9.9982E-05 0.0224321 9.9982E-05 0.391446 0.00611831 0.0267748 0.00157582 0.28487 0.162731 0.103853
0.0180228 0.00892403 9.9973E-05 0.347151 0.0309498 9.9973E-05 0.0145336 0.331121 0.248998 9.9973E-05
9.9955E-05 0.0332909 0.019166 0.325907 9.9955E-05 9.9955E-05 9.9955E-05 0.568366 0.0527698 9.9955E-05
9.9991E-05 0.00283783 0.0780467 0.308038 0.0397472 0.0903667 0.0529666 0.202644 0.181357 0.0438958
0.0246596 9.9964E-05 9.9964E-05 0.308084 0.014162 9.9964E-05 9.9964E-05 0.251005 0.274289 0.127401
9.9955E-05 0.0268083 9.9955E-05 0.449324 9.9955E-05 9.9955E-05 0.0199809 0.392363 0.111025 9.9955E-05
9.9964E-05 0.0370555 0.017138 0.459864 9.9964E-05 9.9964E-05 9.9964E-05 0.202357 0.141304 0.141883
0.000377982 0.0131134 0.00692646 0.285039 0.031177 9.9982E-05 9.9982E-05 0.219269 0.365466 0.0784308
9.9937E-05 9.9937E-05 9.9937E-05 0.232234 9.9937E-05 9.9937E-05 9.9937E-05 0.680314 0.0867523 9.9937E-05
9.9982E-05 0.0472543 0.0287296 0.142726 0.00929743 0.023503 0.0982603 0.0187219 9.9982E-05 0.631307
9.9973E-05 0.0194537 0.00415477 0.0890473 0.0189199 0.0535379 0.0617266 9.9973E-05 9.9973E-05 0.75286
0.0697489 0.0289851 9.9964E-05 9.9964E-05 9.9964E-05 0.00718211 0.0952592 9.9964E-05 0.132049 0.666376
9.9964E-05 0.034704 0.0373259 0.155419 9.9964E-05 0.055662 0.0860027 9.9964E-05 9.9964E-05 0.630487
9.9964E-05 0.0183928 0.0197632 9.9964E-05 0.0262893 9.9964E-05 0.129965 0.338399 9.9964E-05 0.46679
9.9964E-05 9.9964E-05 0.0159201 9.9964E-05 0.0296624 9.9964E-05 0.100835 0.176903 0.0477732 0.628507
9.9964E-05 9.9964E-05 0.113647 9.9964E-05 0.0410365 9.9964E-05 0.120672 0.182164 0.000977457 0.541103
0.0372486 9.9955E-05 0.0410836 9.9955E-05 9.9955E-05 9.9955E-05 0.136212 0.109015 9.9955E-05 0.675942
9.9973E-05 0.00825136 0.13002 9.9973E-05 0.00736603 9.9973E-05 0.0788152 0.232482 0.0520701 0.490696
9.996E-05 9.996E-05 0.00881835 9.996E-05 0.0392633 0.0401366 0.0761263 0.263902 9.996E-05 0.571354
9.998E-05 0.0384232 0.015953 0.0759701 0.0298117 0.0771617 0.0255566 0.0764622 9.998E-05 0.660462
0.0159248 0.0170462 0.0522543 9.9973E-05 0.0408247 9.9973E-05 0.0911584 0.218018 9.9973E-05 0.564474
9.997E-05 0.774536 0.111287 0.022705 0.00413559 0.0343885 9.997E-05 0.0055699 9.997E-05 0.0470776
0.00682138 0.745411 0.0357431 9.9964E-05 9.9964E-05 9.9964E-05 0.00921177 9.9964E-05 0.0363389 0.166074
9.99371E-05 0.788788 0.0526057 9.99371E-05 9.99371E-05 9.99371E-05 9.99371E-05 0.157907 9.99371E-05 9.99371E-05
9.9973E-05 0.833429 0.0204963 0.0308468 9.9973E-05 0.0217478 0.00292846 0.00301112 9.9973E-05 0.0872402
9.9955E-05 0.844567 0.0270191 0.0469397 9.9955E-05 0.000869913 9.9955E-05 9.9955E-05 9.9955E-05 0.0801047
0.0272799 0.704601 9.9946E-05 9.9946E-05 9.9946E-05 9.9946E-05 9.9946E-05 9.9946E-05 0.0431681 0.224352
9.9955E-05 0.749162 0.0159123 0.0623439 9.9955E-05 0.0357782 9.9955E-05 9.9955E-05 9.9955E-05 0.136304
9.9955E-05 0.668507 0.0806745 0.0943569 9.9955E-05 0.013136 9.9955E-05 9.9955E-05 9.9955E-05 0.142826
9.9964E-05 0.73562 9.9964E-05 0.0108161 9.9964E-05 0.0626498 0.0175639 9.9964E-05 0.0116287 0.161321
9.99201E-05 9.99201E-05 9.99201E-05 9.99201E-05 9.99201E-05 9.99201E-05 9.99201E-05 0.999101 9.99201E-05 9.99201E-05
9.995E-05 0.0241441 0.0437583 0.00527819 9.995E-05 0.0866333 9.995E-05 0.839686 9.995E-05 9.995E-05
0.0168737 0.0275143 9.9973E-05 0.0174185 9.9973E-05 9.9973E-05 0.0194482 0.610619 0.281012 0.0268138
0.0190769 9.9964E-05 9.9964E-05 0.0826881 9.9964E-05 9.9964E-05 0.000708488 0.563419 0.164782 0.168926
9.9982E-05 0.0140675 9.9982E-05 0.249277 0.00316798 0.0156022 0.0171203 0.394611 0.0590667 0.246887
9.9973E-05 0.00704563 0.0130832 0.16572 9.9973E-05 0.0409831 9.9973E-05 0.342675 0.045636 0.384557
0.0370252 0.00697721 9.9973E-05 9.9973E-05 9.9973E-05 0.000867482 0.0333754 0.708464 0.0554146 0.157576
9.99279E-05 9.99279E-05 9.99279E-05 9.99279E-05 9.99279E-05 9.99279E-05 9.99279E-05 0.998892 9.99279E-05 0.000308685
9.9964E-05 9.9964E-05 0.0685028 0.131027 9.9964E-05 0.0303637 0.0143519 0.667335 0.0880191 9.9964E-05
9.9928E-05 9.9928E-05 9.9928E-05 9.9928E-05 9.9928E-05 9.9928E-05 9.9928E-05 0.852409 9.9928E-05 0.146792
9.9964E-05 9.9964E-05 0.0752407 0.0994962 0.00279246 0.0276527 9.9964E-05 0.677599 9.9964E-05 0.116819
9.9946E-05 0.028585 9.9946E-05 0.0894739 9.9946E-05 9.9946E-05 0.0163679 0.864974 9.9946E-05 9.9946E-05
9.9955E-05 0.00559198 0.790873 0.123719 0.00613993 9.9955E-05 9.9955E-05 9.9955E-05 9.9955E-05 0.0731759
0.00993417 9.9964E-05 0.833193 9.9964E-05 0.0201204 0.00231483 9.9964E-05 9.9964E-05 0.000655532 0.133382
9.9946E-05 0.0326474 0.550131 0.206691 9.9946E-05 9.9946E-05 9.9946E-05 9.9946E-05 9.9946E-05 0.209931
9.9955E-05 0.0428005 0.738732 0.14037 9.9955E-05 9.9955E-05 9.9955E-05 0.00373335 9.9955E-05 0.0738638
9.9937E-05 9.9937E-05 0.718066 9.9937E-05 9.9937E-05 9.9937E-05 0.0341915 0.247043 9.9937E-05 9.9937E-05
9.9973E-05 0.0499279 0.595692 0.0921735 9.9973E-05 0.0661342 0.00733784 0.00974391 9.9973E-05 0.178691
0.026017 0.0186936 0.676185 9.9946E-05 9.9946E-05 9.9946E-05 9.9946E-05 9.9946E-05 9.9946E-05 0.278505
9.9946E-05 0.0345789 0.661235 0.140143 9.9946E-05 9.9946E-05 9.9946E-05 9.9946E-05 9.9946E-05 0.163443
9.9955E-05 9.9955E-05 0.84782 9.9955E-05 0.00623666 9.9955E-05 9.9955E-05 0.0265304 0.0441171 0.0747966
0.00846112 9.9955E-05 0.813257 0.0502088 0.00718148 9.9955E-05 9.9955E-05 9.9955E-05 9.9955E-05 0.120392
0.0161388 0.00330174 0.812951 0.0558647 0.024135 9.998E-05 0.0458265 0.0119168 9.998E-05 0.0296654
0.109266 9.9937E-05 9.9937E-05 9.9937E-05 9.9937E-05 0.776336 9.9937E-05 0.113699 9.9937E-05 9.9937E-05
9.9928E-05 9.9928E-05 9.9928E-05 9.9928E-05 9.9928E-05 0.967728 9.9928E-05 0.0314728 9.9928E-05 9.9928E-05
0.18774 0.017594 0.0121826 0.135568 9.997E-05 0.628132 0.00448906 0.0139939 9.997E-05 9.997E-05
9.9955E-05 0.0143277 9.9955E-05 9.9955E-05 0.0351765 0.907596 0.00101475 9.9955E-05 9.9955E-05 0.0413852
9.99369E-05 0.010176 9.99369E-05 9.99369E-05 9.99369E-05 0.918622 9.99369E-05 9.99369E-05 9.99369E-05 0.070502
0.158223 0.0250558 9.99549E-05 0.0879076 9.99549E-05 0.609621 9.99549E-05 9.99549E-05 9.99549E-05 0.118694
9.9937E-05 0.000706713 9.9937E-05 9.9937E-05 9.9937E-05 0.888423 9.9937E-05 9.9937E-05 9.9937E-05 0.110171
0.248308 9.9955E-05 0.0183227 9.9955E-05 9.9955E-05 0.699773 0.00240115 9.9955E-05 0.0306956 9.9955E-05
9.9928E-05 9.9928E-05 9.9928E-05 9.9928E-05 9.9928E-05 0.936327 9.9928E-05 0.062874 9.9928E-05 9.9928E-05
9.9937E-05 9.9937E-05 9.9937E-05 9.9937E-05 0.0207758 0.949191 9.9937E-05 9.9937E-05 9.9937E-05 0.0293342
0.182672 0.0266694 9.9964E-05 0.157396 9.9964E-05 0.566742 9.9964E-05 0.0199577 9.9964E-05 0.0461631
0.357993 0.0108817 9.99549E-05 0.0330898 9.99549E-05 0.449293 9.99549E-05 9.99549E-05 9.99549E-05 0.148242
0.0603721 9.9973E-05 9.9973E-05 0.599376 0.0221456 0.0498464 0.00398689 9.9973E-05 0.111501 0.152472
9.9973E-05 0.00492296 0.0298162 0.89463 0.00549517 9.9973E-05 0.04806 9.9973E-05 0.00596074 0.0108148
0.0328897 0.000906989 9.9982E-05 0.63021 0.0345971 0.0603856 0.0114124 0.0680664 0.161332 9.9982E-05
0.045908 0.0363683 0.0104252 0.821656 0.0118663 9.9991E-05 0.0288829 0.0156455 0.0224513 0.00669707
9.9955E-05 0.0100144 9.9955E-05 0.854926 9.9955E-05 0.053687 0.0176767 9.9955E-05 9.9955E-05 0.0631966
0.0805424 0.00294454 9.998E-05 0.622018 0.00223853 0.014254 0.00717683 9.998E-05 0.126298 0.144328
0.0393974 9.9973E-05 9.9973E-05 0.700488 0.04654 9.9973E-05 0.0267041 0.0628214 0.122037 0.00171234
0.0272684 9.9973E-05 9.9973E-05 0.681655 0.00788401 9.9973E-05 0.0212568 0.0676195 0.128165 0.0658512
9.9973E-05 0.00702287 0.0236422 0.920608 0.00976426 9.9973E-05 0.00236729 0.0273982 9.9973E-05 0.00889754
9.997E-05 0.00558617 0.0172442 0.760433 0.0165339 0.11818 9.997E-05 0.0260599 9.997E-05 0.0556624
0.0672647 9.9973E-05 0.0237242 0.72574 0.0363027 9.9973E-05 0.0067767 0.108118 0.0317731 9.9973E-05
0.00272047 0.0201458 9.9955E-05 0.819971 9.9955E-05 0.0833163 9.9955E-05 9.9955E-05 9.9955E-05 0.0733468
0.932149 9.9928E-05 9.9928E-05 9.9928E-05 9.9928E-05 9.9928E-05 9.9928E-05 9.9928E-05 0.067052 9.9928E-05
0.983078 9.9937E-05 9.9937E-05 9.9937E-05 9.9937E-05 9.9937E-05 9.9937E-05 0.00981232 0.00641002 9.9937E-05
0.979869 9.9928E-05 9.9928E-05 9.9928E-05 0.0193313 9.9928E-05 9.9928E-05 9.9928E-05 9.9928E-05 9.9928E-05
0.884238 0.020177 9.994E-05 0.0875437 9.994E-05 9.994E-05 9.994E-05 9.994E-05 9.994E-05 0.00744129
0.853104 9.9946E-05 9.9946E-05 9.9946E-05 9.9946E-05 0.0621122 9.9946E-05 9.9946E-05 0.000836027 0.0833485
0.720333 0.0255406 9.9955E-05 0.0283784 9.9955E-05 0.125634 9.9955E-05 9.9955E-05 9.9955E-05 0.0996139
0.770823 9.9946E-05 9.9946E-05 0.0769106 9.9946E-05 0.0993373 9.9946E-05 9.9946E-05 9.9946E-05 0.0523297
0.775706 0.0166084 9.9955E-05 0.0682064 9.9955E-05 0.101845 9.9955E-05 9.9955E-05 9.9955E-05 0.0371342
0.946637 9.9937E-05 9.9937E-05 9.9937E-05 0.00709436 9.9937E-05 9.9937E-05 0.0455686 9.9937E-05 9.9937E-05
0.889309 9.9946E-05 9.9946E-05 0.0256465 9.9946E-05 0.024654 9.9946E-05 0.0597911 9.9946E-05 9.9946E-05
0.97334 9.9937E-05 0.0167275 9.9937E-05 9.9937E-05 9.9937E-05 0.0092329 9.9937E-05 9.9937E-05 9.9937E-05
0.805397 0.0269111 9.9955E-05 9.9955E-05 0.0133787 0.112655 9.9955E-05 9.9955E-05 9.9955E-05 0.0411583
0.0100916 0.0822631 0.560193 0.0550693 9.9973E-05 9.9973E-05 0.0042163 0.156683 9.9973E-05 0.131184
0.00784616 0.0842651 0.652348 0.0469303 0.0347522 9.999E-05 0.0227809 0.118742 0.0209948 0.0112405
9.9964E-05 0.00771973 0.776571 9.9964E-05 0.0255683 9.9964E-05 0.0111537 0.131451 0.0471368 9.9964E-05
9.9982E-05 0.0821157 0.572531 0.0484579 0.0359883 0.0636595 9.9982E-05 0.0549423 0.0206131 0.121493
9.9982E-05 0.0534346 0.57334 0.016606 0.0550498 9.9982E-05 0.0386627 0.125638 0.0547911 0.0822777
0.0161907 0.0622992 0.544459 0.0488179 0.0213383 0.0234941 9.998E-05 9.998E-05 0.0567937 0.226407
0.0437034 9.995E-05 0.769876 9.995E-05 0.0304057 9.995E-05 0.00751453 9.995E-05 9.995E-05 0.148001
0.024034 9.9973E-05 0.734444 0.0127557 0.0286799 9.9973E-05 0.0252126 9.9973E-05 0.0463441 0.12823
9.9955E-05 9.9955E-05 0.732231 9.9955E-05 0.0474585 9.9955E-05 0.00590748 0.192846 0.0210567 9.9955E-05
0.0368757 0.00765192 0.76822 9.9973E-05 9.9973E-05 0.000639006 0.0169909 9.9973E-05 0.0429797 0.126343
9.9955E-05 0.0154707 0.812364 0.0768893 9.9955E-05 9.9955E-05 0.000848734 0.0939279 9.9955E-05 9.9955E-05
0.0134907 9.996E-05 0.871102 9.996E-05 0.0503557 9.996E-05 0.00646616 0.0294944 0.0286916 9.996E-05
9.9964E-05 0.0185827 0.726441 9.9964E-05 0.00358722 9.9964E-05 9.9964E-05 0.138175 0.0493039 0.0635103
9.9937E-05 9.9937E-05 0.708589 9.9937E-05 0.0529123 9.9937E-05 9.9937E-05 0.237799 9.9937E-05 9.9937E-05
9.9964E-05 0.0303747 0.607108 9.9964E-05 9.9964E-05 0.0216867 0.0203184 9.9964E-05 0.0780684 0.242044
9.99201E-05 9.99201E-05 9.99201E-05 9.99201E-05 9.99201E-05 9.99201E-05 9.99201E-05 9.99201E-05 0.999101 9.99201E-05
0.00674072 0.0128158 9.9955E-05 9.9955E-05 9.9955E-05 0.383546 9.9955E-05 9.9955E-05 0.480677 0.11572
9.99369E-05 0.00260916 9.99369E-05 9.99369E-05 9.99369E-05 0.0231872 9.99369E-05 9.99369E-05 0.973504 9.99369E-05
0.00380822 0.00311399 0.0105854 0.0104836 0.0125364 0.0997999 9.998E-05 9.998E-05 0.850213 0.00925954
9.99459E-05 9.99459E-05 9.99459E-05 0.0500441 9.99459E-05 0.193806 9.99459E-05 9.99459E-05 0.559676 0.195875
9.9964E-05 0.0232914 0.0331703 0.00963192 9.9964E-05 0.456339 9.9964E-05 0.01974 0.457428 9.9964E-05
9.9964E-05 9.9964E-05 0.0387366 9.9964E-05 0.0145727 0.178902 0.0109094 0.00754586 0.748933 9.9964E-05
0.071698 0.00214966 9.995E-05 9.995E-05 0.0326857 0.0380873 9.995E-05 9.995E-05 0.85488 9.995E-05
9.9964E-05 0.0527276 9.9964E-05 0.0718453 0.039133 0.0602207 9.9964E-05 0.102451 9.9964E-05 0.673223
9.996E-05 9.996E-05 0.0410313 9.996E-05 0.0487227 0.0101376 0.0237395 0.254616 9.996E-05 0.621353
9.99201E-05 9.99201E-05 9.99201E-05 9.99201E-05 0.999101 9.99201E-05 9.99201E-05 9.99201E-05 9.99201E-05 9.99201E-05
0.0295361 0.0118023 0.117634 0.0822626 0.0179467 9.998E-05 9.998E-05 0.139389 0.116764 0.484466
0.00780698 9.9982E-05 0.129313 9.9982E-05 0.00910025 0.052476 0.00857953 0.180914 0.0779317 0.533679
9.9973E-05 0.00537133 0.126952 9.9973E-05 0.0358892 9.9973E-05 0.0372235 0.0423819 0.114789 0.637093
9.99201E-05 9.99201E-05 9.99201E-05 9.99201E-05 0.999101 9.99201E-05 9.99201E-05 9.99201E-05 9.99201E-05 9.99201E-05
0.000742822 0.00364096 9.9973E-05 0.00803351 0.91093 0.0283184 0.000795153 9.9973E-05 9.9973E-05 0.0472394
0.000934519 0.00921762 0.0692025 0.0345481 0.078116 9.999E-05 0.0439446 0.102992 0.0806261 0.580318
9.9973E-05 0.0389878 0.0473734 0.125123 0.0256106 9.9973E-05 0.0341725 0.157069 9.9973E-05 0.571364
9.999E-05 0.0329332 0.0676082 0.0149048 0.113391 0.0485545 0.0282835 0.168195 0.0186767 0.507353
9.9964E-05 9.9964E-05 0.0730337 9.9964E-05 0.045881 9.9964E-05 0.0256564 0.024794 0.125535 0.7047
0.0330547 9.9973E-05 0.0286575 9.9973E-05 0.0646497 9.9973E-05 0.0387818 0.176711 0.0606546 0.597191
0.0274859 0.00989867 9.9964E-05 0.0156375 0.0274089 9.9964E-05 9.9964E-05 9.9964E-05 0.0478422 0.871327
9.998E-05 9.998E-05 0.0264664 0.0259425 0.0219032 0.0166439 0.0333347 0.0218974 0.0300738 0.823538
9.996E-05 0.015681 9.996E-05 9.996E-05 0.0314105 9.996E-05 0.00765749 0.0389455 0.0824264 0.823479
0.0111853 9.9964E-05 0.0500028 9.9964E-05 0.0103718 9.9964E-05 0.0394048 0.11434 9.9964E-05 0.774295
9.9973E-05 0.0206923 0.103608 9.9973E-05 0.0467643 9.9973E-05 0.0250795 0.0388343 0.0987561 0.665966
9.998E-05 0.0146527 0.0437327 0.0422353 0.0429536 9.998E-05 0.0310455 0.161311 0.0126282 0.651241
9.9982E-05 0.0447805 0.0263284 0.0531257 0.0230251 0.0110185 0.0269536 0.111121 9.9982E-05 0.703447
0.0518508 0.0381558 9.9964E-05 0.0396735 9.9964E-05 9.9964E-05 0.0340193 9.9964E-05 0.0639149 0.771986
9.9982E-05 0.0463494 0.012529 0.174681 0.0359767 0.00309303 0.0236601 0.0729756 9.9982E-05 0.630535
9.9964E-05 9.9964E-05 9.9964E-05 0.0163095 0.0295504 0.00708633 9.9964E-05 0.000848058 0.0326285 0.913177
