0.0867514 0.163105 0.0218424 0.626947 0.101354
0.00847327 0.128616 0.0138414 0.708803 0.140266
0.0550412 0.118934 0.0258178 0.704133 0.0960739
9.999E-05 0.0886209 0.0774923 0.799186 0.034601
0.0019594 0.0296022 9.9991E-05 0.925412 0.0429261
0.0217578 0.00630955 0.0303075 0.941525 9.9991E-05
9.9991E-05 0.159811 0.099472 0.624497 0.11612
9.999E-05 0.159596 0.0847483 0.664378 0.0911772
0.015416 0.202217 0.0747401 0.682243 0.0253842
9.997E-05 9.997E-05 9.997E-05 9.997E-05 0.9996
0.33209 0.0123647 0.00167493 0.138086 0.515784
0.318979 0.0606089 0.0288124 0.135886 0.455713
0.0036558 0.0960225 0.0945688 9.9991E-05 0.805653
9.999E-05 0.0425201 0.0577791 0.0246416 0.874959
9.997E-05 9.997E-05 9.997E-05 9.997E-05 0.9996
0.206335 0.0797176 0.0208144 9.9991E-05 0.693032
9.997E-05 9.997E-05 9.997E-05 9.997E-05 0.9996
0.0478652 0.0524002 0.00526497 9.9991E-05 0.89437
9.9982E-05 0.0376251 0.0320161 9.9982E-05 0.930159
0.292703 0.0193256 0.0456639 0.209144 0.433163
9.997E-05 9.997E-05 9.997E-05 9.997E-05 0.9996
0.474787 0.108136 0.0701996 0.0158039 0.331074
0.395343 0.0796042 0.0250325 0.148329 0.351692
0.410647 0.0405571 0.0364647 0.186243 0.326088
0.473151 0.055104 0.00653034 0.037604 0.42761
0.415824 0.00864226 0.0563147 0.261737 0.257482
0.45426 0.0586065 0.0479926 0.10892 0.330221
0.433702 0.113125 0.0444837 0.0327879 0.375901
0.409135 0.0640326 0.0185479 0.137734 0.37055
0.405157 0.119383 0.0352063 0.0231754 0.417079
0.400863 0.0733679 0.0565539 0.0553506 0.413865
0.0028029 0.47573 0.0403756 0.439611 0.0414806
0.0383404 0.344736 9.9991E-05 0.523445 0.0933789
0.0174019 0.37361 0.0300078 0.516022 0.0629588
9.9982E-05 0.364889 0.00532248 0.629589 9.9982E-05
9.9991E-05 0.392361 0.0427508 0.516752 0.0480364
9.9982E-05 0.384015 0.033642 0.582143 9.9982E-05
9.9982E-05 0.321008 0.0470522 0.63174 9.9982E-05
9.9982E-05 0.315362 0.0240764 0.660362 9.9982E-05
9.9973E-05 0.325897 9.9973E-05 0.673803 9.9973E-05
9.9982E-05 0.359708 0.00225843 0.637834 9.9982E-05
0.0165339 9.9982E-05 0.938924 9.9982E-05 0.0443421
0.0242242 0.0037582 0.971818 9.9982E-05 9.9982E-05
9.9982E-05 0.0392457 0.924643 9.9982E-05 0.0359113
9.9982E-05 0.0394516 0.913806 9.9982E-05 0.0465426
0.00480278 0.0448832 0.896191 9.9991E-05 0.0540235
9.9982E-05 0.0402168 0.919718 9.9982E-05 0.0398655
0.0708628 0.0665449 0.788399 0.00608699 0.0681065
0.00421592 9.9982E-05 0.97278 9.9982E-05 0.0228037
9.997E-05 9.997E-05 0.9996 9.997E-05 9.997E-05
0.00246584 0.0446203 0.952714 9.9982E-05 9.9982E-05
9.997E-05 9.997E-05 0.9996 9.997E-05 9.997E-05
9.997E-05 9.997E-05 0.9996 9.997E-05 9.997E-05
0.903832 0.0770655 0.0189022 9.9982E-05 9.9982E-05
0.828939 0.0670972 0.0159883 0.00841191 0.0795632
0.650323 0.0362833 0.0495694 0.130161 0.133663
0.847729 0.0372253 0.0444624 9.9991E-05 0.0704829
0.699934 0.0550583 0.0939129 0.0688638 0.0822311
0.763566 0.0694068 0.0773732 0.028914 0.0607401
0.826563 0.112803 0.0604345 9.9982E-05 9.9982E-05
0.818211 0.0825515 0.0659504 0.00227307 0.0310141
0.127947 0.0372255 9.9991E-05 0.804401 0.0303262
0.0347032 9.9982E-05 0.00203818 0.963059 9.9982E-05
9.9991E-05 0.110091 0.0569494 0.716849 0.11601
9.9991E-05 0.0784448 0.0333041 0.821709 0.0664416
0.138749 9.9991E-05 0.0397985 0.812526 0.00882637
0.138514 0.138163 0.0203532 0.571085 0.131885
0.0937595 0.0963987 9.9991E-05 0.689686 0.120055
0.0504066 0.0822777 0.0478891 0.764617 0.0548098
0.0878331 0.103148 0.0676269 0.673997 0.0673954
0.09864 0.104133 0.0213149 0.689067 0.0868447
9.997E-05 9.997E-05 9.997E-05 0.9996 9.997E-05
0.278545 0.111173 0.0783839 0.0634239 0.468473
0.288482 0.148191 0.0559186 0.0132166 0.494192
0.218125 0.167191 0.0527448 0.0595396 0.5024
0.257052 0.139496 0.0596803 0.0740423 0.469729
0.305929 9.9991E-05 0.0171929 0.188233 0.488544
0.32142 9.9991E-05 0.000595269 0.178827 0.499058
0.383583 9.9982E-05 9.9982E-05 0.125132 0.491085
0.336369 0.0828954 9.9991E-05 0.0304867 0.550149
0.41324 9.9991E-05 0.00673634 0.190181 0.389743
0.334851 0.0281817 9.9991E-05 0.180348 0.45652
0.301719 0.0822628 0.0674418 0.14502 0.403556
0.342208 0.0045746 0.02575 0.142878 0.48459
0.139757 0.0331274 0.796075 0.0111715 0.0198695
0.0899954 0.0430229 0.786762 9.9991E-05 0.0801197
0.135644 9.9982E-05 0.812687 0.0514698 9.9982E-05
0.049283 0.0440093 0.866299 0.0213732 0.0190357
0.0778424 0.0255337 0.886551 0.00910579 0.000967118
0.0858138 0.0679339 0.739786 9.9991E-05 0.106366
0.0660506 0.075301 0.800018 9.9991E-05 0.0585303
0.156462 0.07431 0.715481 0.028048 0.0256993
0.0434466 0.086677 0.772133 9.9991E-05 0.097643
0.311143 9.9982E-05 9.9982E-05 0.505933 0.182724
0.283215 9.9991E-05 0.00139883 0.647158 0.0681284
0.115462 9.9991E-05 0.0218292 0.725977 0.136632
0.196587 9.9982E-05 9.9982E-05 0.642153 0.16106
0.143761 0.0516058 0.043768 0.548496 0.212369
0.259071 0.080097 0.0255123 0.396463 0.238857
0.231968 0.0108704 0.00969871 0.48553 0.261933
0.311316 9.9982E-05 9.9982E-05 0.507031 0.181453
0.232762 9.9982E-05 9.9982E-05 0.681844 0.0851938
0.302961 9.9982E-05 9.9982E-05 0.469009 0.22783
0.327307 9.9982E-05 9.9982E-05 0.565612 0.106881
0.227042 9.9991E-05 0.00621236 0.64445 0.122195
0.861109 0.0725232 0.0501468 9.9991E-05 0.0161212
0.894947 0.0293731 0.0334306 9.9991E-05 0.0421498
0.631957 0.0933447 0.0823458 0.113977 0.0783752
0.753828 0.0516209 0.09447 0.0999813 9.9991E-05
0.848615 9.9982E-05 0.0314796 0.119705 9.9982E-05
0.656388 0.090845 0.102395 0.0540374 0.0963352
0.801988 0.0492216 0.0551559 9.9991E-05 0.093534
0.751093 0.0636648 0.0945037 0.0624478 0.028291
0.899111 9.9991E-05 0.0355458 0.0417801 0.023463
0.885001 0.0726605 0.0152007 9.9991E-05 0.0270375
0.808687 0.0507953 0.0522975 0.0260416 0.0621788
9.9973E-05 0.771069 9.9973E-05 0.228631 9.9973E-05
0.0129174 0.76781 9.9982E-05 0.219072 9.9982E-05
9.9982E-05 0.782979 0.0471495 0.169672 9.9982E-05
9.9991E-05 0.704899 0.0414535 0.186759 0.066788
9.9991E-05 0.737064 0.0720528 0.119673 0.0711108
9.9991E-05 0.750965 0.0712068 0.0968674 0.0808607
0.02169 0.775666 0.0486306 0.0921533 0.0618602
0.0176348 0.859315 0.000402901 0.107921 0.0147264
9.9973E-05 0.72322 9.9973E-05 0.27648 9.9973E-05
9.9991E-05 0.754391 0.0215303 0.160028 0.0639507
9.9991E-05 0.715768 0.046891 0.226426 0.0108153
0.00190361 0.826393 0.0600632 0.0101464 0.101494
0.0294761 0.358362 0.0248738 0.48116 0.106128
9.9991E-05 0.292438 0.0387585 0.613437 0.0552656
9.9991E-05 0.272337 0.0200362 0.664675 0.0428516
9.9991E-05 0.312219 0.0729241 0.600473 0.0142831
9.9991E-05 0.352463 0.0535085 0.529486 0.0644422
9.9991E-05 0.350161 0.0437097 0.493037 0.112993
9.9991E-05 0.261377 0.00281738 0.668789 0.0669174
9.9991E-05 0.285787 0.0263268 0.610909 0.0768766
9.9991E-05 0.314874 0.0459594 0.629307 0.00976004
0.0184296 0.315195 0.0534346 0.611706 0.0012347
0.0172924 0.302665 0.018232 0.632538 0.0292721
9.9991E-05 0.378722 0.0661938 0.51162 0.0433642
0.00217384 0.991803 9.9982E-05 9.9982E-05 0.00582359
9.997E-05 0.9996 9.997E-05 9.997E-05 9.997E-05
9.997E-05 0.9996 9.997E-05 9.997E-05 9.997E-05
9.9973E-05 0.98549 0.0142104 9.9973E-05 9.9973E-05
9.9982E-05 0.968492 0.00735476 9.9982E-05 0.0239534
9.9982E-05 0.894753 0.043486 9.9982E-05 0.0615611
9.9991E-05 0.947665 0.00204867 0.013971 0.0362156
0.0224165 0.960157 0.0172266 9.9982E-05 9.9982E-05
9.997E-05 0.9996 9.997E-05 9.997E-05 9.997E-05
0.00664715 0.993053 9.9973E-05 9.9973E-05 9.9973E-05
0.00663642 0.993064 9.9973E-05 9.9973E-05 9.9973E-05
9.9982E-05 0.944113 0.00584397 9.9982E-05 0.0498426
0.649289 0.028064 0.1106 0.152674 0.0593723
0.703603 0.00825812 0.11837 0.128966 0.0408033
0.827944 9.9991E-05 0.0486007 0.100619 0.0227362
0.679643 0.069192 0.11153 0.0917156 0.0479194
0.663528 9.9991E-05 0.080474 0.137373 0.118525
0.672133 0.104862 0.0959872 0.0268832 0.100134
0.850551 0.0636163 0.0157009 9.9991E-05 0.0700314
0.801658 0.0624455 0.0364244 9.9991E-05 0.0993723
0.850249 9.9991E-05 0.0147125 0.123794 0.0111442
0.799172 0.0835273 0.0436279 9.9991E-05 0.0735724
0.85642 0.0470454 0.0608835 0.0355516 9.9991E-05
0.915664 0.0144496 0.0348781 0.0349084 9.9991E-05
0.840182 0.00503707 0.0455887 0.0832915 0.0259004
0.862637 9.9982E-05 0.00838858 0.128774 9.9982E-05
0.694478 0.0854029 0.0752262 9.9991E-05 0.144793
0.0231947 0.189707 0.016874 0.72643 0.0437944
0.0287989 0.434841 0.0449779 0.383275 0.108107
0.0102341 0.187746 0.0415947 0.73342 0.0270046
0.0329444 0.20031 0.0250127 0.698639 0.0430944
0.0786691 0.305331 0.00946495 0.491884 0.114651
0.0208822 0.367801 0.0538534 0.539701 0.0177625
0.0765124 0.251985 9.9991E-05 0.641256 0.0301467
9.9991E-05 0.233645 0.032724 0.699113 0.0344179
0.281703 0.0907757 0.0858267 0.162302 0.379392
0.404995 9.9982E-05 9.9982E-05 0.191034 0.40377
0.366891 9.9982E-05 9.9982E-05 0.174411 0.458498
0.381759 0.0808728 0.0296919 0.271425 0.236252
0.43558 0.0725486 9.9991E-05 0.176489 0.315282
0.414672 0.0272345 0.0238589 0.143392 0.390843
0.381735 9.9982E-05 9.9982E-05 0.205273 0.412792
0.32768 0.00836942 0.0121364 0.197216 0.454598
0.336738 0.029548 0.0291443 0.218072 0.386497
0.346495 0.0524061 0.0507491 0.176819 0.373531
0.357483 0.0556094 0.0429302 0.176212 0.367765
0.381479 0.0569373 0.018788 0.108222 0.434574
0.354747 0.0441788 0.00468798 0.177945 0.418441
0.292391 0.116143 0.0556618 0.0664469 0.469357
0.386655 0.0802946 9.9991E-05 0.073114 0.459836
0.293888 0.0198267 0.0586113 0.139789 0.487885
0.423715 0.0502988 9.9991E-05 0.0544088 0.471477
0.402803 0.04001 0.0429718 0.0982104 0.416005
0.338354 0.0273952 0.0319312 0.164868 0.437452
0.350305 0.0458873 0.0630794 0.105049 0.435679
0.277257 0.165708 0.0822258 0.0118853 0.462924
0.313356 0.0820499 0.0611148 0.158428 0.385052
0.27094 0.047372 0.0427727 0.11722 0.521695
