0.107452 0.0202091 0.467323 0.405016
0.122719 9.9991E-05 0.455827 0.421353
0.0702602 0.0165515 0.449456 0.463733
0.0156143 0.0478731 0.495167 0.441346
9.9982E-05 9.9982E-05 0.44625 0.55355
9.9982E-05 9.9982E-05 0.445491 0.554309
0.112295 0.0766127 0.476366 0.334727
0.0712315 0.0592798 0.493847 0.375642
0.011756 0.055689 0.543481 0.389074
0.9997 9.998E-05 9.998E-05 9.998E-05
0.545813 0.0257916 0.0141151 0.41428
0.493092 0.0728593 0.0837547 0.350294
0.843233 0.0717131 0.0849536 9.9991E-05
0.900703 0.0530472 0.0461495 9.9991E-05
0.9997 9.998E-05 9.998E-05 9.998E-05
0.732867 0.0454821 0.0295855 0.192066
0.9997 9.998E-05 9.998E-05 9.998E-05
0.924784 0.0204061 0.0219701 0.0328394
0.959897 0.0255172 0.0144863 9.9991E-05
0.454202 0.0691782 0.0788512 0.397768
0.9997 9.998E-05 9.998E-05 9.998E-05
0.371689 0.132514 0.0815582 0.414239
0.384604 0.074084 0.0887394 0.452572
0.326446 0.0614593 0.0759462 0.536149
0.44787 0.0465146 0.0203457 0.48527
0.281832 0.0785428 0.0905343 0.549091
0.346881 0.0964381 0.0599924 0.496689
0.39939 0.0980601 0.0847911 0.417758
0.389608 0.0558482 0.0850078 0.469536
0.434156 0.0839619 0.0904611 0.391421
0.44565 0.0905689 0.0549965 0.408785
0.0524455 0.0413715 0.703703 0.20248
0.082011 9.9991E-05 0.609466 0.308424
0.0493862 0.0184138 0.634699 0.297502
9.9982E-05 9.9982E-05 0.706703 0.293097
0.0708962 0.0318172 0.656515 0.240772
9.9991E-05 0.0228938 0.695422 0.281585
0.000318633 0.0371049 0.659753 0.302823
9.9991E-05 0.0157913 0.695135 0.288974
9.9982E-05 9.9982E-05 0.663064 0.336736
9.9982E-05 9.9982E-05 0.692615 0.307185
0.0450179 0.947134 9.9991E-05 0.00774814
9.9991E-05 0.983023 0.00867152 0.0082055
0.0321203 0.929408 0.0383717 9.9991E-05
0.0677332 0.919941 0.012226 9.9991E-05
0.0464339 0.914401 0.0390647 9.9991E-05
0.0552972 0.914147 0.0304557 9.9991E-05
0.0686312 0.812993 0.0656909 0.0526848
0.0272098 0.97259 9.9982E-05 9.9982E-05
9.998E-05 0.9997 9.998E-05 9.998E-05
9.9982E-05 0.956035 0.0437654 9.9982E-05
9.998E-05 0.9997 9.998E-05 9.998E-05
9.998E-05 0.9997 9.998E-05 9.998E-05
0.0443106 0.172134 0.011751 0.771804
0.122967 0.12329 0.0123353 0.741408
0.177435 0.122371 0.0625098 0.637683
0.118484 0.14839 9.9991E-05 0.733026
0.105741 0.174172 0.0239042 0.696183
0.106668 0.183476 0.0147637 0.695092
0.0375441 0.182929 0.055282 0.724245
0.110421 0.185299 0.00732782 0.696953
9.9982E-05 9.9982E-05 0.379248 0.620552
9.9982E-05 9.9982E-05 0.40122 0.59858
0.106145 0.0219855 0.438975 0.432894
0.0443749 0.00675891 0.471057 0.47781
9.9991E-05 0.0240093 0.3339 0.64199
0.120997 0.0100839 0.409302 0.459617
0.0913758 9.9991E-05 0.408769 0.499756
0.02813 0.0257459 0.433515 0.51261
0.0616846 0.0501162 0.413184 0.475015
0.0643821 0.0139326 0.432012 0.489673
9.9982E-05 9.9982E-05 0.393719 0.606081
0.502842 0.099918 0.115068 0.282172
0.526056 0.0747369 0.127092 0.272115
0.524104 0.0859198 0.167084 0.222892
0.508315 0.0912192 0.146408 0.254058
0.487575 0.0413031 0.0223952 0.448726
0.493512 0.0126729 0.0370449 0.45677
0.501871 9.9991E-05 0.0105521 0.487476
0.587397 9.9991E-05 0.0509606 0.361542
0.400322 0.0454655 0.0235364 0.530676
0.463863 0.019405 0.0669415 0.449791
0.440319 0.0999333 0.115174 0.344574
0.473784 0.0545355 0.0101692 0.461512
0.034087 0.832358 0.0374715 0.0960832
0.10156 0.797767 0.0381664 0.0625066
9.9982E-05 0.843199 9.9982E-05 0.156601
0.0448194 0.888149 0.0443203 0.0227116
0.0301257 0.907138 0.0307068 0.0320295
0.154451 0.774333 0.0691586 0.00205673
0.101237 0.808281 0.0804736 0.0100091
0.0652512 0.744778 0.0758355 0.114135
0.141168 0.782468 0.0762645 9.9991E-05
0.109852 9.9991E-05 0.14096 0.749088
0.0357414 0.00440691 0.2188 0.741051
0.0920736 0.0100337 0.281269 0.616623
0.132074 9.9991E-05 0.253697 0.614129
0.208463 0.0304373 0.286431 0.474668
0.235799 0.0394802 0.237586 0.487135
0.231268 0.00752099 0.189857 0.571355
0.13957 9.9991E-05 0.13787 0.72246
0.0427733 9.9991E-05 0.251319 0.705808
0.191766 9.9991E-05 0.0854066 0.722727
0.0664137 9.9991E-05 0.205369 0.728117
0.0926202 0.00320092 0.196213 0.707966
0.0786152 0.169752 0.0141466 0.737486
0.0925355 0.155302 9.9991E-05 0.752063
0.113741 0.167664 0.0942221 0.624373
0.0464677 0.193292 0.0455011 0.714739
0.00169474 0.129257 9.9991E-05 0.868948
0.14411 0.177975 0.0691793 0.608736
0.164643 0.179162 9.9991E-05 0.656095
0.0931604 0.18902 0.0349598 0.68286
0.0444075 0.15169 9.9991E-05 0.803802
0.0998626 0.144806 9.9991E-05 0.755231
0.111401 0.146228 9.9991E-05 0.742271
9.9982E-05 9.9982E-05 0.924684 0.0751157
0.0113733 9.9991E-05 0.872781 0.115746
0.0125376 0.0566045 0.88793 0.0429283
0.0707814 0.0462596 0.819216 0.0637429
0.072376 0.0717891 0.811701 0.0441341
0.108584 0.0780651 0.813251 9.9991E-05
0.0936818 0.0616732 0.841736 0.00290891
0.0168371 0.00789558 0.924534 0.0507337
9.9982E-05 9.9982E-05 0.875033 0.124767
0.0809026 0.0404423 0.86245 0.0162046
0.054387 0.0552912 0.859118 0.0312038
0.105509 0.0625943 0.831797 9.9991E-05
0.121467 0.0101243 0.608893 0.259516
0.0624032 0.027207 0.624403 0.285987
0.0258995 9.9991E-05 0.626313 0.347687
0.0133212 0.0671695 0.619932 0.299577
0.0938362 0.0513906 0.626751 0.228023
0.126221 0.0371494 0.624911 0.211718
0.0406151 9.9991E-05 0.596318 0.362967
0.067245 0.00936661 0.593743 0.329646
0.0181718 0.0376143 0.643895 0.300319
0.0218904 0.0299332 0.62332 0.324856
0.00163742 9.9991E-05 0.607966 0.390297
0.0457874 0.0564988 0.647783 0.249931
0.0318648 9.9982E-05 0.967935 9.9982E-05
0.0100952 9.9982E-05 0.989705 9.9982E-05
9.998E-05 9.998E-05 0.9997 9.998E-05
9.9982E-05 0.035845 0.963955 9.9982E-05
0.0389981 0.0175865 0.943315 9.9991E-05
0.0771551 0.0439075 0.878837 9.9991E-05
0.0523221 0.00177914 0.945799 9.9991E-05
0.0189414 0.0193673 0.961591 9.9991E-05
9.998E-05 9.998E-05 0.9997 9.998E-05
0.0150378 9.9982E-05 0.984762 9.9982E-05
0.0125533 0.000660022 0.986687 9.9991E-05
0.0679195 0.0216986 0.910282 9.9991E-05
0.100826 0.191933 0.0300583 0.677182
0.0816214 0.19991 0.00972347 0.708745
0.056657 0.143366 9.9991E-05 0.799877
0.117633 0.204959 0.0540961 0.623312
0.134572 0.158009 0.0187611 0.688658
0.16154 0.202657 0.0678864 0.567917
0.153095 0.149009 9.9991E-05 0.697796
0.157202 0.137985 0.00366492 0.701148
0.0228069 0.121014 9.9991E-05 0.856079
0.140101 0.167902 0.0141818 0.677815
0.0359095 0.175854 9.9991E-05 0.788136
0.0313689 0.14776 9.9991E-05 0.820772
0.0618968 0.150089 9.9991E-05 0.787914
9.9982E-05 0.117381 9.9982E-05 0.882419
0.208421 0.176961 0.0343455 0.580273
0.00941283 9.9991E-05 0.542105 0.448382
0.0935095 0.0450705 0.634805 0.226615
9.9991E-05 0.013988 0.541402 0.44451
9.9991E-05 0.00629682 0.538991 0.454612
0.12265 0.00524311 0.547642 0.324465
0.00831812 0.0420067 0.645771 0.303904
0.00754397 9.9991E-05 0.559982 0.432374
0.0164504 0.0160322 0.593433 0.374085
0.402692 0.0982773 0.128524 0.370507
0.41816 0.0209018 0.00507953 0.555859
0.440776 9.9982E-05 9.9982E-05 0.559024
0.255223 0.069609 0.172725 0.502443
0.338499 0.0490524 0.106053 0.506396
0.397407 0.0536488 0.0490661 0.499878
0.393889 0.00575611 9.9991E-05 0.600255
0.445482 0.0241135 0.0463016 0.484103
0.40166 0.0537376 0.0827088 0.461894
0.387004 0.0824062 0.0920595 0.438531
0.378264 0.0689722 0.0835843 0.469179
0.454126 0.0503211 0.0654634 0.43009
0.432146 0.0291183 0.0767506 0.461985
0.515914 0.0861202 0.101027 0.296938
0.514742 0.0401444 0.071699 0.373414
0.508131 0.0786087 0.0551992 0.358061
0.499625 0.0337564 0.026534 0.440084
0.440536 0.0810674 0.0519337 0.426463
0.432616 0.0589825 0.0664738 0.441928
0.461105 0.0945944 0.0567124 0.387588
0.486586 0.095466 0.154151 0.263797
0.41787 0.08692 0.129032 0.366178
0.552286 0.070058 0.0709135 0.306743
