0.152052 0.0932595 0.0987986 0.631001 0.0248892
0.112548 0.00913742 0.138804 0.723476 0.0160342
0.100958 0.0563072 0.0858277 0.727683 0.0292247
0.083411 9.9991E-05 0.0442515 0.798977 0.073261
0.0154253 9.9982E-05 0.0526348 0.93174 9.9982E-05
9.9982E-05 0.020364 9.9982E-05 0.95123 0.0282056
0.147904 9.9991E-05 0.112235 0.637247 0.102515
0.144019 9.9991E-05 0.0833278 0.693027 0.0795261
0.189441 0.0158235 0.0395317 0.677327 0.0778766
9.997E-05 9.997E-05 0.9996 9.997E-05 9.997E-05
0.000953968 0.343332 0.51277 0.142844 9.9991E-05
0.0724588 0.283963 0.468431 0.130474 0.0446741
0.0979676 9.9982E-05 0.811516 9.9982E-05 0.0903161
0.0366988 9.9991E-05 0.87439 0.0291652 0.0596457
9.997E-05 9.997E-05 0.9996 9.997E-05 9.997E-05
0.0702749 0.207289 0.696618 9.9991E-05 0.0257177
9.997E-05 9.997E-05 0.9996 9.997E-05 9.997E-05
0.0493583 0.0467875 0.876402 9.9991E-05 0.0273521
0.0361238 9.9982E-05 0.924998 9.9982E-05 0.0386782
0.0372424 0.304212 0.423936 0.185142 0.0494677
9.997E-05 9.997E-05 0.9996 9.997E-05 9.997E-05
0.103623 0.453907 0.327873 0.0400689 0.0745286
0.0702218 0.386533 0.348662 0.151861 0.0427231
0.0324386 0.401741 0.330228 0.200984 0.0346078
0.0640552 0.488654 0.425777 0.0214134 9.9991E-05
0.00945414 0.417811 0.273014 0.25849 0.041231
0.0618894 0.462353 0.329481 0.0961815 0.0500955
0.116705 0.425631 0.373587 0.0328916 0.0511855
0.0611755 0.411642 0.363058 0.135535 0.0285896
0.119801 0.408577 0.398151 0.0391229 0.0343475
0.0837775 0.407639 0.404795 0.05372 0.0500686
0.460477 0.0115915 0.0380711 0.447248 0.042612
0.330289 0.0252652 0.0857719 0.557817 0.000857171
0.327734 0.00671444 0.0557632 0.577612 0.0321765
0.343661 9.9982E-05 9.9982E-05 0.653568 0.00257109
0.383611 9.9991E-05 0.0785968 0.497228 0.0404641
0.392342 9.9982E-05 9.9982E-05 0.569435 0.0380224
0.30961 9.9991E-05 0.0080057 0.636228 0.0460565
0.319591 9.9982E-05 9.9982E-05 0.655966 0.0242425
0.303814 9.9973E-05 9.9973E-05 0.695886 9.9973E-05
0.352517 9.9982E-05 9.9982E-05 0.63882 0.00846359
9.9982E-05 0.00588441 0.0485153 9.9982E-05 0.9454
0.0089204 0.0182275 9.9982E-05 9.9982E-05 0.972652
0.0260126 9.9982E-05 0.0465394 9.9982E-05 0.927248
0.0338416 9.9982E-05 0.0505696 9.9982E-05 0.915389
0.0455953 9.9982E-05 0.0531496 9.9982E-05 0.901055
0.0480062 9.9982E-05 0.0337977 9.9982E-05 0.917996
0.0577346 0.0669121 0.0772082 0.00478855 0.793357
9.9973E-05 9.9973E-05 0.0245321 9.9973E-05 0.975168
9.997E-05 9.997E-05 9.997E-05 9.997E-05 0.9996
0.0490316 9.9982E-05 9.9982E-05 0.00297819 0.94779
9.997E-05 9.997E-05 9.997E-05 9.997E-05 0.9996
9.997E-05 9.997E-05 9.997E-05 9.997E-05 0.9996
0.0725923 0.890922 9.9982E-05 9.9982E-05 0.0362853
0.0741218 0.821052 0.0733693 0.00924766 0.0222097
0.0542687 0.616847 0.145673 0.122701 0.0605099
0.0421886 0.829797 0.0778795 9.9991E-05 0.0500353
0.0669518 0.710249 0.0768166 0.0591462 0.0868364
0.0727794 0.765962 0.0559841 0.0223219 0.0829522
0.107198 0.823932 9.9982E-05 9.9982E-05 0.0686701
0.0831144 0.797633 0.0407509 9.9991E-05 0.078402
0.0222741 0.113167 0.0333605 0.831098 9.9991E-05
9.9982E-05 0.0552196 9.9982E-05 0.943439 0.00114119
0.0983034 0.00949783 0.122077 0.715224 0.0548984
0.0703754 0.00836143 0.0625988 0.817438 0.0412259
9.9991E-05 0.152505 0.0140453 0.792515 0.0408344
0.125604 0.120039 0.134954 0.593764 0.0256393
0.0767906 0.0882438 0.126581 0.702666 0.00571835
0.0724828 0.0694089 0.0577195 0.755055 0.0453342
0.0951338 0.0906864 0.0624092 0.689684 0.0620867
0.0874989 0.0841932 0.0888355 0.714282 0.0251905
9.9973E-05 0.0240116 9.9973E-05 0.975688 9.9973E-05
0.116377 0.245804 0.478514 0.0751768 0.0841285
0.134221 0.27609 0.480847 0.0430575 0.0657846
0.176381 0.204811 0.492813 0.0615141 0.0644808
0.147356 0.238498 0.480299 0.0616535 0.0721933
9.9991E-05 0.324128 0.480715 0.184575 0.0104827
9.9982E-05 0.344777 0.480711 0.174312 9.9982E-05
9.9982E-05 0.383912 0.488403 0.127485 9.9982E-05
0.0737309 0.340878 0.547883 0.0374088 9.9991E-05
9.9991E-05 0.427529 0.390345 0.173698 0.00832847
0.0230695 0.341316 0.45597 0.179545 9.9991E-05
0.0702097 0.303544 0.409724 0.145362 0.0711603
9.9991E-05 0.374716 0.469635 0.131973 0.0235761
0.0227234 0.109872 0.0327598 0.0184451 0.8162
0.0368835 0.106457 0.0727275 9.9991E-05 0.783832
9.9982E-05 0.129598 9.9982E-05 0.0428843 0.827318
0.0308988 0.0377146 0.0244426 0.0288908 0.878053
0.029615 0.0723827 0.00481995 0.015567 0.877615
0.0673722 0.0756466 0.104092 9.9991E-05 0.752789
0.0781473 0.079094 0.0549556 9.9991E-05 0.787703
0.0726379 0.150207 0.0268487 0.0370979 0.713209
0.0869343 0.059512 0.091344 9.9991E-05 0.76211
9.9982E-05 0.320171 0.173504 0.506125 9.9982E-05
9.9991E-05 0.274225 0.0718623 0.652698 0.00111431
9.9991E-05 0.12356 0.140122 0.716819 0.0193994
9.9982E-05 0.200564 0.163348 0.635888 9.9982E-05
0.0542626 0.135504 0.220365 0.55103 0.0388387
0.0779224 0.253194 0.24024 0.397127 0.031517
0.0072127 0.212763 0.277444 0.487465 0.0151156
9.9982E-05 0.31948 0.191989 0.488331 9.9982E-05
9.9982E-05 0.243279 0.0880779 0.668443 9.9982E-05
9.9982E-05 0.317981 0.243255 0.438564 9.9982E-05
9.9982E-05 0.320404 0.110695 0.568701 9.9982E-05
9.9982E-05 0.252337 0.133337 0.614126 9.9982E-05
0.080458 0.849689 0.0177433 0.00400037 0.0481095
0.0379045 0.899095 0.019189 9.9991E-05 0.0437118
0.0688743 0.618153 0.0712434 0.160171 0.0815586
0.0644239 0.763539 9.9991E-05 0.0740904 0.0978468
9.9982E-05 0.85535 9.9982E-05 0.112283 0.032167
0.094706 0.664043 0.081665 0.0593684 0.100218
0.0503065 0.78409 0.0972519 9.9991E-05 0.0682512
0.0686618 0.753191 0.0442003 0.0502937 0.0836527
0.00694054 0.916673 0.00165728 0.0415278 0.033201
0.0635714 0.89327 0.0183048 9.9991E-05 0.0247533
0.0381958 0.826054 0.0514226 0.031714 0.0526134
0.762777 9.9973E-05 9.9973E-05 0.236924 9.9973E-05
0.76602 0.0258385 0.0088838 0.199157 9.9991E-05
0.776319 9.9982E-05 9.9982E-05 0.177836 0.0456446
0.701039 9.9991E-05 0.0535947 0.195337 0.0499294
0.738579 9.9991E-05 0.0716693 0.131728 0.057924
0.741683 9.9991E-05 0.0901238 0.0893262 0.0787665
0.774948 0.0166188 0.0649699 0.0961601 0.0473029
0.852673 0.00725185 0.0129265 0.124233 0.00291594
0.728435 9.9973E-05 9.9973E-05 0.271265 9.9973E-05
0.738198 9.9991E-05 0.0607704 0.180749 0.0201823
0.721077 9.9991E-05 0.0127775 0.206879 0.0591672
0.818904 0.0158026 0.104248 0.00821573 0.0528293
0.343069 0.0294641 0.106712 0.495676 0.0250786
0.280455 9.9991E-05 0.0535573 0.623566 0.0423209
0.271522 9.9991E-05 0.0464475 0.670883 0.0110467
0.318084 9.9991E-05 0.0247638 0.590415 0.0666372
0.329647 9.9991E-05 0.0749619 0.535943 0.0593478
0.337582 9.9991E-05 0.100842 0.525357 0.0361197
0.236006 9.9991E-05 0.060032 0.703377 0.000484984
0.252737 9.9991E-05 0.0592014 0.66053 0.0274314
0.307857 9.9991E-05 0.0192496 0.620911 0.0518825
0.302625 0.0204707 9.9991E-05 0.623961 0.0528443
0.289033 0.0245812 0.0373339 0.644759 0.00429214
0.35434 9.9991E-05 0.0275142 0.555484 0.0625621
0.978111 0.0215896 9.9973E-05 9.9973E-05 9.9973E-05
0.9996 9.997E-05 9.997E-05 9.997E-05 9.997E-05
0.9996 9.997E-05 9.997E-05 9.997E-05 9.997E-05
0.9808 9.9973E-05 9.9973E-05 9.9973E-05 0.0188997
0.96094 9.9982E-05 0.0354956 9.9982E-05 0.0033649
0.899567 9.9982E-05 0.0604193 9.9982E-05 0.0398138
0.943159 9.9982E-05 0.0470438 0.0095969 9.9982E-05
0.953142 0.0205479 9.9982E-05 9.9982E-05 0.0261099
0.9996 9.997E-05 9.997E-05 9.997E-05 9.997E-05
0.987461 0.0122394 9.9973E-05 9.9973E-05 9.9973E-05
0.999078 0.000621581 9.9973E-05 9.9973E-05 9.9973E-05
0.949897 9.9982E-05 0.0336874 9.9982E-05 0.0162161
0.0257494 0.662533 0.0557173 0.1447 0.111301
0.0326312 0.719841 0.0374312 0.0930904 0.117006
0.00574834 0.835664 0.0163047 0.0939922 0.0482911
0.0684879 0.667339 0.059583 0.082483 0.122107
9.9991E-05 0.646484 0.119409 0.148417 0.0855902
0.122069 0.656538 0.0829756 0.0307367 0.107681
0.052066 0.839923 0.0795857 9.9991E-05 0.0283252
0.0705 0.797595 0.0958669 9.9991E-05 0.0359379
9.9991E-05 0.847195 0.00856866 0.11767 0.0264666
0.0911756 0.795611 0.0633789 9.9991E-05 0.0497348
0.0505478 0.875437 9.9991E-05 0.019817 0.0540987
0.0186495 0.921803 9.9991E-05 0.0324485 0.0269986
0.0142676 0.832525 0.015729 0.0868528 0.0506254
9.9982E-05 0.880374 9.9982E-05 0.117711 0.00171459
0.0949449 0.678695 0.147302 9.9991E-05 0.0789585
0.174516 0.0510457 0.011766 0.74272 0.0199524
0.438897 0.0270254 0.1106 0.371547 0.0519308
0.198999 0.00996838 0.0282616 0.720775 0.0419956
0.192129 0.0453554 0.0329272 0.711204 0.0183845
0.284978 0.0383279 0.127255 0.524447 0.0249928
0.347624 0.0079289 0.0183807 0.57195 0.0541164
0.243159 0.0805534 0.0202507 0.655937 9.9991E-05
0.225142 9.9991E-05 0.0371185 0.7108 0.0268398
0.0945399 0.2951 0.385087 0.150774 0.0744984
9.9982E-05 0.424469 0.412487 0.162845 9.9982E-05
9.9982E-05 0.392543 0.45444 0.152817 9.9982E-05
0.0821627 0.363098 0.243826 0.278336 0.0325778
0.0789458 0.447026 0.313823 0.160106 9.9991E-05
0.0301257 0.424652 0.382369 0.147793 0.0150612
9.9982E-05 0.410765 0.408148 0.180887 9.9982E-05
0.00950891 0.344267 0.437603 0.199186 0.0094353
0.031363 0.332178 0.404016 0.199818 0.0326247
0.049294 0.323526 0.381855 0.182854 0.0624705
0.0423592 0.359395 0.378241 0.169032 0.0509732
0.0616102 0.384512 0.421188 0.116611 0.0160791
0.0420821 0.372387 0.405292 0.172714 0.00752418
0.0998745 0.282697 0.475692 0.0833874 0.0583494
0.0619953 0.381722 0.469886 0.0715605 0.0148358
0.0472854 0.285282 0.485293 0.126229 0.0559101
0.0380031 0.416647 0.468695 0.0765543 9.9991E-05
0.0565506 0.400307 0.40215 0.0931315 0.0478602
0.019382 0.353116 0.420594 0.172602 0.0343058
0.0413737 0.343628 0.427191 0.117804 0.0700035
0.141574 0.286666 0.447906 0.0437529 0.0800998
0.0915458 0.31057 0.398379 0.148437 0.0510683
0.0520363 0.258889 0.516128 0.129195 0.0437509
