0.0465445 9.9973E-05 9.9973E-05 0.780916 0.03289 0.127435 9.9973E-05 0.0119146
0.0727661 9.9955E-05 9.9955E-05 0.7678 9.9955E-05 0.158934 9.9955E-05 9.9955E-05
0.0455457 0.00773505 9.9973E-05 0.822977 0.0428183 0.0806239 9.9973E-05 9.9973E-05
0.212909 0.00405854 0.150828 0.578812 9.9973E-05 9.9973E-05 0.0530926 9.9973E-05
9.9946E-05 9.9946E-05 0.145582 0.853818 9.9946E-05 9.9946E-05 9.9946E-05 9.9946E-05
9.9946E-05 9.9946E-05 0.0522283 0.947172 9.9946E-05 9.9946E-05 9.9946E-05 9.9946E-05
0.419235 0.0215187 0.0631245 0.327066 9.9982E-05 0.0910066 0.0778491 9.9982E-05
0.187279 9.9982E-05 0.0113604 0.640905 9.9982E-05 0.097303 0.0552372 0.00771546
0.232755 9.9973E-05 9.9973E-05 0.635331 9.9973E-05 0.0649149 0.0507312 0.0159679
9.994E-05 0.9993 9.994E-05 9.994E-05 9.994E-05 9.994E-05 9.994E-05 9.994E-05
9.9973E-05 0.107439 0.158549 0.0458463 0.0391125 0.648753 9.9973E-05 9.9973E-05
0.121196 0.0968291 0.137705 9.9982E-05 0.0370694 0.580197 0.0268044 9.9982E-05
0.086953 0.592834 9.9982E-05 9.9982E-05 0.000823174 0.23333 0.0610619 0.0247974
0.120428 0.697355 9.9964E-05 9.9964E-05 9.9964E-05 0.138825 0.0429916 9.9964E-05
9.9946E-05 0.966807 0.0325929 9.9946E-05 9.9946E-05 9.9946E-05 9.9946E-05 9.9946E-05
0.0386221 0.356425 9.9973E-05 9.9973E-05 0.102023 0.479449 9.9973E-05 0.0231809
9.994E-05 0.9993 9.994E-05 9.994E-05 9.994E-05 9.994E-05 9.994E-05 9.994E-05
0.0317921 0.672172 9.9973E-05 9.9973E-05 0.0395591 0.241721 9.9973E-05 0.0144559
0.0664176 0.778927 9.9973E-05 0.00943489 9.9973E-05 0.11987 0.0250509 9.9973E-05
0.0967021 0.0896439 0.136668 0.0288651 0.0653788 0.546874 0.0357682 9.9991E-05
9.994E-05 0.9993 9.994E-05 9.994E-05 9.994E-05 9.994E-05 9.994E-05 9.994E-05
0.02868 0.00460028 0.0594504 0.0291123 0.162555 0.621747 0.0580536 0.035801
9.9991E-05 0.00162899 0.116164 0.163755 0.0674765 0.616758 0.0235541 0.0105622
9.999E-05 0.0171147 0.334897 0.0108575 0.0801642 0.487155 0.0388972 0.0308145
9.9955E-05 9.9955E-05 0.217757 9.9955E-05 0.0257899 0.755954 9.9955E-05 9.9955E-05
0.0956961 0.0144041 0.311113 9.9982E-05 0.118196 0.414434 0.045957 9.9982E-05
9.9982E-05 0.0142201 0.254759 9.9982E-05 0.116318 0.536818 0.0474516 0.030234
0.0122548 9.9991E-05 0.0359779 0.0309835 0.108056 0.74481 0.0214995 0.0463186
9.999E-05 0.035127 0.24044 0.0331555 0.0915879 0.550742 0.0243586 0.0244892
0.0542945 0.0206375 0.0773507 9.9991E-05 0.0533204 0.731394 0.0355503 0.0273523
9.999E-05 0.0307703 0.0666399 0.0556671 0.0459404 0.727563 0.0449984 0.0283212
0.5627 0.0052358 9.9991E-05 0.13511 0.0108961 0.0686629 0.0121501 0.205145
0.662674 0.00509047 9.9973E-05 0.153687 9.9973E-05 0.137948 9.9973E-05 0.0403006
0.634032 0.00060275 0.011121 0.135451 0.0010212 0.125289 9.9991E-05 0.0923824
0.916955 9.9955E-05 0.0409782 9.9955E-05 9.9955E-05 9.9955E-05 9.9955E-05 0.0415673
0.791162 9.9973E-05 9.9973E-05 0.00229059 9.9973E-05 0.114712 0.00489015 0.0866456
0.83054 9.9973E-05 0.0523725 9.9973E-05 0.0127434 9.9973E-05 0.00292721 0.101117
0.930424 9.9982E-05 0.0151355 0.0166726 9.9982E-05 0.018735 0.0136851 0.00514769
0.959419 0.000541137 0.0395405 9.9955E-05 9.9955E-05 9.9955E-05 9.9955E-05 9.9955E-05
0.545667 0.0140808 0.216472 0.08625 9.9973E-05 9.9973E-05 9.9973E-05 0.137231
0.91533 9.9964E-05 9.9964E-05 0.0125474 0.0329558 9.9964E-05 9.9964E-05 0.0387667
9.9973E-05 0.0172993 0.0309267 9.9973E-05 0.00990006 0.0274655 0.914109 9.9973E-05
0.0268875 9.9964E-05 9.9964E-05 9.9964E-05 0.00238842 0.0196479 0.950676 9.9964E-05
9.9964E-05 9.9964E-05 0.0134195 9.9964E-05 9.9964E-05 0.0399122 0.904174 0.0420947
9.9964E-05 9.9964E-05 9.9964E-05 0.00926234 9.9964E-05 0.099881 0.88359 0.00686716
9.9964E-05 9.9964E-05 9.9964E-05 0.0158813 9.9964E-05 0.0990451 0.866818 0.0178559
9.9964E-05 9.9964E-05 9.9964E-05 0.02818 9.9964E-05 0.0649308 0.88317 0.0233195
0.0542145 9.9973E-05 9.9973E-05 9.9973E-05 0.0430925 0.102421 0.773256 0.0267159
9.9955E-05 0.0344611 9.9955E-05 0.0318315 9.9955E-05 9.9955E-05 0.933208 9.9955E-05
9.9946E-05 9.9946E-05 0.0191617 9.9946E-05 9.9946E-05 9.9946E-05 0.980239 9.9946E-05
0.0529644 9.9955E-05 9.9955E-05 9.9955E-05 9.9955E-05 0.0304037 0.916132 9.9955E-05
9.994E-05 9.994E-05 9.994E-05 9.994E-05 9.994E-05 9.994E-05 0.9993 9.994E-05
9.9946E-05 9.9946E-05 0.00341876 9.9946E-05 9.9946E-05 9.9946E-05 0.995982 9.9946E-05
0.0296858 9.9955E-05 9.9955E-05 9.9955E-05 0.949564 9.9955E-05 9.9955E-05 0.0202501
9.9982E-05 0.0105715 0.114985 0.0445997 0.705962 0.091797 9.9982E-05 0.0318852
0.113123 0.0116744 0.125949 9.9982E-05 0.524278 0.203644 0.0211313 9.9982E-05
9.9982E-05 0.0394299 9.9982E-05 0.0569555 0.812669 0.0792166 0.00225981 0.009269
9.9982E-05 9.9982E-05 0.0902239 0.0490027 0.603825 0.170757 0.0633162 0.022676
9.999E-05 0.0206003 0.100876 0.0327728 0.688561 0.056996 0.0565027 0.0435913
0.136003 9.9964E-05 9.9964E-05 9.9964E-05 0.842491 0.0138111 0.00729473 9.9964E-05
0.109769 0.00479801 9.9973E-05 9.9973E-05 0.776083 0.0843707 0.02468 9.9973E-05
0.159768 0.00731742 0.456991 0.35697 0.018654 9.9973E-05 9.9973E-05 9.9973E-05
0.338635 9.9955E-05 0.533364 0.127502 9.9955E-05 9.9955E-05 9.9955E-05 9.9955E-05
0.421505 9.9973E-05 0.2893 0.151864 9.9973E-05 0.115708 0.0213232 9.9973E-05
0.361802 0.00936608 0.385975 0.223722 9.9982E-05 9.9982E-05 0.00866263 0.0102716
0.375313 9.9973E-05 0.566331 0.0103857 0.0200059 9.9973E-05 0.0276652 9.9973E-05
0.369088 0.0493901 0.242514 0.194179 0.0655911 0.0653971 9.9991E-05 0.0137406
0.346581 9.9964E-05 0.274892 0.244811 9.9964E-05 0.133316 9.9964E-05 9.9964E-05
0.475845 0.0243919 0.387145 0.084026 9.9973E-05 9.9973E-05 0.0282926 9.9973E-05
0.506691 9.9982E-05 0.217339 0.094581 0.0307168 0.104447 0.0460253 9.9982E-05
0.296512 0.00914273 0.24028 0.346774 0.000546064 0.0882881 0.0170702 0.00138683
0.254071 9.9955E-05 0.666923 0.0785059 9.9955E-05 9.9955E-05 9.9955E-05 9.9955E-05
0.189576 0.0993443 0.0127256 9.9982E-05 0.0497097 0.597834 0.0506106 9.9982E-05
0.10351 0.0633889 9.9991E-05 0.0468058 0.0354374 0.708445 0.0201718 0.0221412
0.0110484 0.112788 9.9982E-05 0.126691 9.9982E-05 0.638561 0.0341631 0.0765494
0.209791 0.0929982 9.9973E-05 9.9973E-05 0.0304311 0.633643 0.0328363 9.9973E-05
9.9973E-05 0.131442 0.351763 9.9973E-05 0.0301208 0.472469 0.0139046 9.9973E-05
9.9973E-05 0.104414 0.213577 0.0499429 0.0241594 0.607607 9.9973E-05 9.9973E-05
9.9973E-05 0.13376 0.198493 0.0264723 0.119301 0.521674 9.9973E-05 9.9973E-05
0.00861127 0.148742 0.122735 9.9982E-05 0.0524946 0.639081 9.9982E-05 0.0281359
0.005854 0.0765151 0.198723 0.0560386 0.160777 0.501893 9.9982E-05 9.9982E-05
9.9982E-05 0.0840193 0.287312 0.019084 0.0281564 0.5611 9.9982E-05 0.0201283
0.161215 0.0524962 0.0722621 9.9982E-05 0.0596047 0.602747 0.0514752 9.9982E-05
9.9973E-05 0.0942951 0.241755 9.9973E-05 0.071321 0.56804 0.0242888 9.9973E-05
0.0616186 9.9973E-05 0.0196621 9.9973E-05 0.1026 0.0537805 0.762039 9.9973E-05
9.9982E-05 0.0119707 9.9982E-05 0.0380882 0.0661385 0.131549 0.742107 0.00994656
9.9955E-05 9.9955E-05 0.158722 9.9955E-05 0.0492304 9.9955E-05 0.791547 9.9955E-05
0.0497424 0.00260478 0.00824551 0.017539 0.0231018 0.0679264 0.83074 9.9991E-05
0.0536339 9.9964E-05 9.9964E-05 9.9964E-05 0.04909 0.0657757 0.831101 9.9964E-05
9.9964E-05 9.9964E-05 9.9964E-05 0.0709234 9.9964E-05 0.216208 0.707926 0.00454295
0.103011 9.9955E-05 9.9955E-05 9.9955E-05 9.9955E-05 0.143282 0.753207 9.9955E-05
0.117006 9.9964E-05 9.9964E-05 9.9964E-05 0.0909771 0.129022 0.662596 9.9964E-05
0.0212791 0.0117642 9.9982E-05 0.0293925 9.9982E-05 0.172883 0.728449 0.0360326
9.99549E-05 9.99549E-05 0.990142 9.99549E-05 9.99549E-05 0.00671918 9.99549E-05 0.00263863
0.129519 9.9964E-05 0.828725 9.9964E-05 0.0171472 9.9964E-05 0.0242086 9.9964E-05
0.0383698 0.0193371 0.612816 0.295335 9.9982E-05 9.9982E-05 0.0324018 0.00154091
0.0971876 0.00789741 0.582428 0.170639 9.9982E-05 0.134907 9.9982E-05 0.00674134
0.306638 0.0199226 0.367416 0.059897 9.9982E-05 0.213752 0.0321754 9.9982E-05
0.211825 0.00538634 0.31213 0.060024 0.0296566 0.354806 0.0232798 0.00289315
9.9982E-05 0.039318 0.702227 0.0334406 9.9982E-05 0.145928 0.0141944 0.0646917
9.99639E-05 0.000936983 0.966898 9.99639E-05 9.99639E-05 0.0184902 0.0132749 9.99639E-05
0.212342 0.0116879 0.696053 0.0219163 0.0577011 9.9973E-05 9.9973E-05 9.9973E-05
9.9955E-05 9.9955E-05 0.843978 9.9955E-05 9.9955E-05 0.152587 0.00293564 9.9955E-05
0.154718 9.9964E-05 0.667124 9.9964E-05 0.082826 0.0949322 9.9964E-05 9.9964E-05
0.115618 0.0124605 0.843353 9.9964E-05 9.9964E-05 9.9964E-05 0.0281695 9.9964E-05
0.126264 9.9964E-05 9.9964E-05 9.9964E-05 0.810059 0.061568 0.00170977 9.9964E-05
9.9973E-05 0.0132135 9.9973E-05 0.0330107 0.854496 0.0883594 9.9973E-05 0.0106207
0.213178 9.9964E-05 9.9964E-05 9.9964E-05 0.580798 0.178171 0.0274532 9.9964E-05
0.159376 9.9964E-05 9.9964E-05 9.9964E-05 0.745015 0.0574164 0.0377925 9.9964E-05
9.9955E-05 0.0209356 0.272742 9.9955E-05 0.705823 9.9955E-05 9.9955E-05 9.9955E-05
0.15996 0.0233638 9.9982E-05 9.9982E-05 0.63533 0.132774 0.0435179 0.00485339
0.00367915 9.9982E-05 9.9982E-05 0.0206944 0.737477 0.210298 0.0229642 0.00468658
0.15335 9.9964E-05 9.9964E-05 9.9964E-05 0.686534 0.121024 0.0386928 9.9964E-05
9.9964E-05 9.9964E-05 0.0474926 0.0496449 0.844943 0.0575199 9.9964E-05 9.9964E-05
0.0475853 9.9964E-05 9.9964E-05 9.9964E-05 0.846628 0.0987053 9.9964E-05 0.00668192
0.0718006 0.0325814 0.0638597 9.9982E-05 0.809562 0.0210966 0.000900176 9.9982E-05
0.0411615 9.9964E-05 0.184666 0.0188199 9.9964E-05 9.9964E-05 9.9964E-05 0.754953
0.127645 0.0104388 0.132881 0.0641672 9.9973E-05 9.9973E-05 9.9973E-05 0.664567
0.29829 0.0167463 0.0179886 9.9982E-05 0.0212429 9.9982E-05 0.0215538 0.623978
0.224045 9.9982E-05 0.00714013 0.0881377 9.9982E-05 0.0923436 0.0309245 0.557209
0.196951 9.9973E-05 9.9973E-05 0.066603 9.9973E-05 0.12441 0.0406917 0.571044
0.223932 9.9973E-05 9.9973E-05 0.0313277 9.9973E-05 0.152612 0.0394401 0.552388
0.226683 9.9973E-05 9.9973E-05 0.0411689 9.9973E-05 0.145688 0.00565188 0.580509
0.0847935 0.0041131 9.9982E-05 0.113347 0.0432481 0.00697905 9.9982E-05 0.747319
0.150527 9.9964E-05 0.162506 0.0468845 9.9964E-05 9.9964E-05 9.9964E-05 0.639683
0.227532 9.9973E-05 9.9973E-05 0.0419587 9.9973E-05 0.115379 0.00497145 0.609859
0.296138 9.99812E-05 9.99812E-05 0.0452328 9.99812E-05 0.0536255 0.0412126 0.563491
0.117473 9.9973E-05 9.9973E-05 0.0347436 9.9973E-05 0.158562 0.0167465 0.672176
0.62165 0.00993192 9.9973E-05 0.118415 9.9973E-05 0.160096 9.9973E-05 0.0896076
0.902364 0.0386262 0.00638693 9.9982E-05 0.016661 0.0340106 0.00175134 9.9982E-05
0.619904 0.00610641 0.121107 0.182944 9.9982E-05 0.0123053 9.9982E-05 0.0574333
0.772307 0.0214576 0.0353436 0.0636216 0.0292322 9.9991E-05 0.0409204 0.0370174
0.900736 0.0325961 9.9964E-05 9.9964E-05 9.9964E-05 0.0459453 0.0203223 9.9964E-05
0.656236 0.0232406 9.9982E-05 0.101599 9.9982E-05 0.130176 0.0101528 0.0783948
0.720266 0.0255394 0.116491 0.0973963 0.00148663 0.0207666 9.9991E-05 0.0179534
0.684655 0.00599431 0.107574 0.0978309 0.00018512 0.0744473 9.9991E-05 0.0292136
0.925587 0.00332681 0.0420621 9.9973E-05 0.0218035 9.9973E-05 0.00692095 9.9973E-05
0.867084 9.9982E-05 0.0218115 9.9982E-05 0.0398599 0.0525086 0.00851459 0.0100213
0.688884 0.0169662 0.181786 0.0404692 0.00325981 9.9982E-05 9.9982E-05 0.0684345
0.846541 9.9973E-05 9.9973E-05 9.9973E-05 0.00813981 0.0833936 0.0169013 0.0447249
9.9964E-05 0.0128389 9.9964E-05 0.0466045 0.0109637 9.9964E-05 9.9964E-05 0.929193
9.9955E-05 0.00414517 0.0460913 9.9955E-05 9.9955E-05 9.9955E-05 9.9955E-05 0.949264
9.9946E-05 9.9946E-05 0.0447119 9.9946E-05 9.9946E-05 9.9946E-05 9.9946E-05 0.954688
0.0882014 9.9955E-05 9.9955E-05 9.9955E-05 9.9955E-05 9.9955E-05 0.0226984 0.8886
9.9964E-05 9.9964E-05 9.9964E-05 0.0051089 9.9964E-05 0.095719 0.00135952 0.897413
0.0420941 9.9964E-05 9.9964E-05 9.9964E-05 9.9964E-05 0.119124 0.027753 0.810629
0.0690613 9.9964E-05 9.9964E-05 0.00945601 9.9964E-05 0.071395 9.9964E-05 0.849688
0.0976591 9.9973E-05 9.9973E-05 9.9973E-05 0.0146209 0.0389345 0.0112222 0.837263
9.9946E-05 9.9946E-05 0.0935915 9.9946E-05 9.9946E-05 9.9946E-05 9.9946E-05 0.905809
9.9946E-05 9.9946E-05 0.0763934 9.9946E-05 9.9946E-05 9.9946E-05 9.9946E-05 0.923007
9.9964E-05 0.00786933 0.0113668 9.9964E-05 0.0274081 9.9964E-05 9.9964E-05 0.952956
9.9955E-05 9.9955E-05 9.9955E-05 9.9955E-05 9.9955E-05 0.0880159 0.00762788 0.903856
0.075791 9.9982E-05 0.160372 9.9982E-05 0.556505 0.123046 0.0778692 0.00621669
0.0410655 0.0171641 0.143754 0.0175572 0.643066 0.0542566 0.0830366 9.9991E-05
9.9973E-05 0.0198427 0.199186 0.0413305 0.726197 9.9973E-05 0.0131438 9.9973E-05
0.0481668 0.0110799 0.0579385 0.0643793 0.60185 0.109545 0.0817209 0.0253203
0.0181717 0.0310052 0.174348 0.0559577 0.582829 0.0834524 0.0541358 9.9991E-05
0.0852931 9.9982E-05 9.9982E-05 0.0665898 0.566963 0.201561 0.0620379 0.017355
9.9964E-05 0.0097311 9.9964E-05 9.9964E-05 0.798142 0.147067 9.9964E-05 0.0446598
9.9982E-05 0.019965 0.000619859 0.0748323 0.736594 0.14283 9.9982E-05 0.0249585
9.9955E-05 9.9955E-05 0.226065 0.0358736 0.737561 9.9955E-05 9.9955E-05 9.9955E-05
9.9973E-05 0.0213185 9.9973E-05 0.0454824 0.767129 0.118179 9.9973E-05 0.0475912
0.08394 0.0036114 0.0775245 9.9973E-05 0.821234 9.9973E-05 0.0133899 9.9973E-05
9.9973E-05 0.0122533 0.0860589 0.0174075 0.872228 9.9973E-05 9.9973E-05 0.0117526
9.9973E-05 9.9973E-05 0.129783 0.0552097 0.767558 0.0309611 0.0161878 9.9973E-05
9.9946E-05 9.9946E-05 0.30519 9.9946E-05 0.694211 9.9946E-05 9.9946E-05 9.9946E-05
0.00610885 0.0339897 9.9991E-05 0.100591 0.600855 0.229638 0.023644 0.00507266
9.994E-05 9.994E-05 9.994E-05 0.9993 9.994E-05 9.994E-05 9.994E-05 9.994E-05
0.0177947 9.9973E-05 9.9973E-05 0.561522 9.9973E-05 0.108414 0.0258628 0.286107
9.9955E-05 9.9955E-05 9.9955E-05 0.982227 9.9955E-05 9.9955E-05 0.00660733 0.0106655
0.0333517 9.9982E-05 0.0012912 0.858382 9.9982E-05 0.0481666 0.00301338 0.0555955
0.124252 9.9964E-05 9.9964E-05 0.596004 9.9964E-05 0.196184 9.9964E-05 0.0831599
0.177218 9.9973E-05 9.9973E-05 0.555732 0.0395534 9.9973E-05 0.0284143 0.198782
9.9973E-05 0.00101126 0.0628282 0.783635 0.027237 9.9973E-05 9.9973E-05 0.124989
9.9955E-05 9.9955E-05 9.9955E-05 0.923457 9.9955E-05 9.9955E-05 0.00869016 0.0673528
0.148433 9.9973E-05 0.114322 9.9973E-05 9.9973E-05 0.668906 0.0613386 0.00670105
9.9964E-05 0.0236157 0.284112 9.9964E-05 0.0596517 0.632221 9.9964E-05 9.9964E-05
9.9946E-05 9.9946E-05 0.430367 9.9946E-05 9.9946E-05 0.569034 9.9946E-05 9.9946E-05
0.0988109 9.9991E-05 0.134659 0.127844 0.132103 0.467022 0.0229192 0.0165416
9.9982E-05 0.0130132 0.180372 0.0826513 0.156162 0.518629 9.9982E-05 0.0489722
0.0122307 0.0170642 0.0663677 0.100923 0.131084 0.67213 9.9982E-05 9.9982E-05
9.9946E-05 9.9946E-05 0.450695 9.9946E-05 9.9946E-05 0.548705 9.9946E-05 9.9946E-05
9.9964E-05 0.0104964 0.36912 9.9964E-05 9.9964E-05 0.617101 0.00288295 9.9964E-05
0.0289066 0.038168 0.147868 0.0768241 0.0887671 0.604868 0.0144983 9.9991E-05
0.155113 0.0299783 0.146501 9.9982E-05 0.0644577 0.571141 0.0326089 9.9982E-05
0.0280517 0.0308692 0.193323 0.028316 0.0772545 0.575812 0.0383753 0.027998
9.9982E-05 0.0366151 0.041531 0.122003 0.0652912 0.723148 0.0112116 9.9982E-05
9.9982E-05 0.0443806 0.209104 0.063583 0.0673675 0.595595 9.9982E-05 0.0197703
0.0633504 9.9973E-05 9.9973E-05 0.0229997 9.9973E-05 0.905067 0.00728637 0.000996483
0.0471164 0.0381181 9.9982E-05 0.0322602 0.0477344 0.830974 9.9982E-05 0.00359661
9.9964E-05 9.9964E-05 0.0477489 0.067042 9.9964E-05 0.869192 0.0156172 9.9964E-05
0.027969 0.0532527 0.0897598 9.9982E-05 0.0650635 0.758346 9.9982E-05 0.00540884
0.00775547 0.0359368 0.0409814 0.0911941 0.113762 0.68508 0.025191 9.9991E-05
0.0521699 0.0324319 0.190573 9.9982E-05 0.0201244 0.681552 0.0229495 9.9982E-05
0.0928931 0.0191036 0.109889 9.9982E-05 0.054568 0.685801 0.037545 9.9982E-05
0.0413214 0.0309283 9.9991E-05 0.0900605 0.00227105 0.749763 0.0486573 0.0368983
0.1677 0.0144444 0.0928497 9.9982E-05 0.013275 0.666875 0.0446563 9.9982E-05
0.0414595 9.9955E-05 9.9955E-05 0.0103829 9.9955E-05 0.947658 9.9955E-05 9.9955E-05
