0.52296 0.444687 0.0323528
0.518468 0.473159 0.00837247
0.515905 0.448275 0.0358202
0.560195 0.365704 0.0741015
0.518236 0.481664 9.9991E-05
0.519414 0.452364 0.0282223
0.522897 0.379715 0.0973878
0.55174 0.376569 0.0716907
0.601374 0.315902 0.0827243
9.999E-05 0.9998 9.999E-05
0.0557824 0.899872 0.0443458
0.131917 0.776593 0.09149
0.11101 0.800354 0.0886366
0.100939 0.837648 0.0614134
9.9991E-05 0.997774 0.00212616
0.0663778 0.883229 0.0503934
0.0205672 0.964317 0.0151156
0.0560177 0.920736 0.0232461
0.0710131 0.890474 0.0385128
0.121953 0.782684 0.0953627
9.999E-05 0.9998 9.999E-05
0.118223 0.728097 0.15368
0.127938 0.778038 0.0940246
0.11868 0.788545 0.0927745
0.057692 0.8745 0.0678077
0.122858 0.773143 0.103999
0.0985315 0.784287 0.117182
0.129945 0.755686 0.114369
0.12466 0.799066 0.0762743
0.116493 0.781432 0.102075
0.0895065 0.79236 0.118133
0.752793 0.196911 0.0502955
0.659657 0.33445 0.00589239
0.682176 0.277677 0.0401467
0.776196 0.203448 0.0203558
0.705603 0.249206 0.0451907
0.760616 0.201845 0.0375387
0.714394 0.240141 0.0454648
0.76258 0.205013 0.0324074
0.747891 0.252009 9.9991E-05
0.780792 0.203696 0.0155125
9.9991E-05 0.0365745 0.963326
0.00531032 9.9991E-05 0.99459
0.0409561 0.00634753 0.952696
0.0313376 0.0204416 0.948221
0.0416308 0.0311699 0.927199
0.0498592 0.00822632 0.941915
0.0667195 0.106378 0.826903
9.9991E-05 0.0100287 0.989871
9.999E-05 9.999E-05 0.9998
0.0344464 9.9991E-05 0.965454
9.999E-05 9.999E-05 0.9998
9.999E-05 9.999E-05 0.9998
0.0677494 0.711058 0.221192
0.0476326 0.793755 0.158613
0.102372 0.730524 0.167104
0.0261008 0.779197 0.194702
0.0851107 0.703578 0.211311
0.0684171 0.710878 0.220705
0.106439 0.663241 0.23032
0.0667731 0.709247 0.22398
0.46419 0.533951 0.00185811
0.515589 0.479242 0.00516843
0.512965 0.448574 0.0384609
0.532672 0.44036 0.0269673
0.408523 0.536245 0.0552319
0.46306 0.494393 0.0425467
0.468721 0.52086 0.0104187
0.51625 0.434909 0.0488406
0.485422 0.445029 0.0695487
0.486532 0.476392 0.0370757
0.531227 0.468673 9.9991E-05
0.165945 0.713636 0.120419
0.157561 0.748239 0.0942007
0.211726 0.698236 0.0900385
0.178951 0.720253 0.100796
0.0731124 0.882245 0.0446422
0.0733471 0.896657 0.029996
0.0374618 0.941153 0.0213852
0.0931386 0.900605 0.00625603
0.076794 0.858631 0.0645751
0.102522 0.855184 0.0422935
0.142564 0.741905 0.115531
0.0570703 0.868731 0.0741987
0.0324078 0.128679 0.838913
0.0389231 0.143962 0.817115
9.9991E-05 0.128154 0.871746
0.0537988 0.0518685 0.894333
0.0388627 0.0458105 0.915327
0.063327 0.164702 0.771971
0.0849036 0.0852361 0.82986
0.0868784 0.153517 0.759604
0.0768792 0.12806 0.79506
0.211789 0.788111 9.9991E-05
0.27661 0.681526 0.0418647
0.34593 0.623694 0.0303755
0.320759 0.679141 9.9991E-05
0.345515 0.610314 0.0441708
0.293596 0.648746 0.0576577
0.246057 0.733308 0.0206353
0.202828 0.782967 0.0142047
0.325615 0.669633 0.00475145
0.140156 0.833537 0.0263072
0.270793 0.727926 0.0012808
0.275301 0.693406 0.0312935
0.0620272 0.726867 0.211106
0.00419168 0.792622 0.203186
0.136611 0.663964 0.199425
0.0906683 0.669528 0.239803
9.9991E-05 0.812549 0.187351
0.127236 0.653395 0.219369
0.0216387 0.761257 0.217105
0.0843225 0.683375 0.232303
0.00500037 0.788271 0.206729
0.0417104 0.769892 0.188397
0.0435326 0.76162 0.194847
0.9998 9.999E-05 9.999E-05
0.913056 0.086844 9.9991E-05
0.927701 0.0213124 0.0509865
0.865314 0.0741153 0.060571
0.837412 0.0833399 0.0792482
0.851867 0.0687066 0.0794262
0.880874 0.0652385 0.053887
0.967281 0.0254394 0.00728
0.938761 0.0611389 9.9991E-05
0.908861 0.0525886 0.0385506
0.892059 0.0496096 0.0583318
0.878627 0.0487366 0.0726362
0.660514 0.318676 0.0208097
0.676903 0.28542 0.0376773
0.681535 0.29327 0.0251957
0.684939 0.240065 0.074996
0.688739 0.253377 0.0578842
0.666777 0.284185 0.0490389
0.663012 0.336888 9.9991E-05
0.651852 0.3246 0.0235482
0.70238 0.247125 0.0504951
0.677586 0.268528 0.0538861
0.673332 0.31734 0.00932873
0.700122 0.236951 0.0629271
0.9998 9.999E-05 9.999E-05
0.9998 9.999E-05 9.999E-05
0.9998 9.999E-05 9.999E-05
0.97587 9.9991E-05 0.0240303
0.974659 9.9991E-05 0.0252414
0.93596 0.00543565 0.0586047
0.986965 9.9991E-05 0.0129353
0.972634 9.9991E-05 0.0272661
0.9998 9.999E-05 9.999E-05
0.9998 9.999E-05 9.999E-05
0.9998 9.999E-05 9.999E-05
0.958587 9.9991E-05 0.041313
0.0791241 0.690358 0.230518
0.0686386 0.68276 0.248602
0.0233239 0.786261 0.190415
0.0969093 0.660366 0.242725
0.0584816 0.748163 0.193355
0.119907 0.646269 0.233824
0.0164473 0.787452 0.196101
0.0547412 0.761759 0.183499
0.0224851 0.800734 0.176781
0.0558573 0.743076 0.201067
0.050868 0.735335 0.213797
0.0225611 0.765966 0.211473
0.0258115 0.765826 0.208362
0.0120007 0.826029 0.16197
0.0703963 0.726881 0.202723
0.598292 0.377414 0.024294
0.683618 0.258014 0.0583679
0.613583 0.343308 0.0431091
0.608974 0.372626 0.0184007
0.615841 0.366491 0.0176679
0.703477 0.237833 0.0586893
0.622315 0.377585 9.9991E-05
0.644975 0.317573 0.0374524
0.169626 0.700041 0.130332
0.0567067 0.886857 0.0564359
0.022188 0.941577 0.0362353
0.220257 0.696183 0.0835597
0.145903 0.789061 0.0650361
0.0860903 0.836514 0.0773962
0.0276008 0.940642 0.0317568
0.0836245 0.8661 0.0502752
0.117357 0.81976 0.0628834
0.14246 0.761005 0.0965352
0.121898 0.778124 0.0999775
0.102916 0.81757 0.0795137
0.121681 0.827034 0.0512849
0.148262 0.757091 0.0946476
0.111248 0.832881 0.0558707
0.081834 0.831859 0.0863072
0.0726861 0.877997 0.0493164
0.0951562 0.79533 0.109514
0.107034 0.816932 0.0760343
0.0910118 0.796211 0.112777
0.169272 0.713243 0.117485
0.152867 0.743926 0.103207
0.112019 0.818233 0.0697481
