0.149212 0.0569725 0.625272 0.129603 0.0218924 0.0170484
0.19673 9.9991E-05 0.671243 0.10071 0.00933972 0.0218776
0.103672 0.050713 0.699503 0.0912558 0.0247905 0.030066
0.0177007 9.9991E-05 0.797084 0.0805686 0.0737887 0.0307585
0.0263246 0.0288019 0.900513 0.0182363 9.9991E-05 0.0260236
9.9982E-05 0.0550714 0.905305 9.9982E-05 0.017016 0.0224073
0.13653 9.9991E-05 0.613243 0.135959 0.0945613 0.0196068
0.139978 9.9991E-05 0.649062 0.137676 0.0699213 0.00326377
0.121182 9.9982E-05 0.644815 0.16782 0.0659828 9.9982E-05
9.996E-05 9.996E-05 9.996E-05 9.996E-05 9.996E-05 0.9995
0.709966 0.0829418 0.0622655 9.9991E-05 0.00475011 0.139976
0.647207 0.0741062 0.0696389 0.0427549 0.0407249 0.125568
0.220641 9.9982E-05 9.9982E-05 0.0982746 0.0736655 0.607219
0.162411 9.9991E-05 0.0410013 0.0358348 0.0576341 0.703019
9.9964E-05 9.9964E-05 9.9964E-05 9.9964E-05 0.00596966 0.99363
0.497028 0.080041 9.9991E-05 0.0505595 0.0126243 0.359648
9.996E-05 9.996E-05 9.996E-05 9.996E-05 9.996E-05 0.9995
0.213377 0.0447703 9.9991E-05 0.0367227 0.0154971 0.689533
0.126834 9.9982E-05 9.9982E-05 0.0482386 0.0426481 0.782079
0.619002 0.0907086 0.127868 0.0157529 0.043002 0.103666
9.996E-05 9.996E-05 9.996E-05 9.996E-05 9.996E-05 0.9995
0.623373 0.202571 9.9991E-05 0.0690183 0.0817306 0.0232076
0.6793 0.124869 0.0688642 0.0552391 0.0428011 0.0289272
0.568314 0.203323 0.121996 0.018866 0.0367791 0.050722
0.829964 0.141115 9.9982E-05 0.0165554 9.9982E-05 0.0121655
0.492747 0.223945 0.200867 9.9991E-05 0.0493906 0.0329504
0.559671 0.262928 0.049324 0.041128 0.0415366 0.0454124
0.756791 0.124019 9.9982E-05 0.0736654 0.045325 9.9982E-05
0.627145 0.195458 0.0662947 0.0414892 0.0161757 0.0534382
0.744755 0.114438 9.9991E-05 0.0744721 0.0277092 0.0385264
0.738956 0.117175 9.9991E-05 0.0412272 0.0517152 0.0508264
0.0709033 9.9982E-05 0.45098 0.441554 0.0363627 9.9982E-05
0.155396 9.9982E-05 0.524818 0.313585 9.9982E-05 0.00600131
0.11929 9.9982E-05 0.52404 0.330409 0.0260607 9.9982E-05
9.9982E-05 9.9982E-05 0.652878 0.33248 0.0139922 0.000449759
0.120636 9.9982E-05 0.480632 0.358032 0.0405002 9.9982E-05
9.9982E-05 0.00130812 0.588959 0.363489 0.0460438 9.9982E-05
0.0147328 9.9982E-05 0.657845 0.284477 0.0427455 9.9982E-05
9.9973E-05 9.9973E-05 0.670048 0.294728 0.0349242 9.9973E-05
9.9982E-05 0.00565309 0.670347 0.288014 9.9982E-05 0.0357862
9.9982E-05 0.0107637 0.635683 0.342217 0.011136 9.9982E-05
0.0368674 0.00583489 9.9982E-05 9.9982E-05 0.931608 0.0254902
0.0111171 0.023562 9.9982E-05 0.000507346 0.964614 9.9982E-05
0.0569877 9.9973E-05 9.9973E-05 0.0213532 0.921359 9.9973E-05
0.068816 9.9973E-05 9.9973E-05 0.0285549 0.902329 9.9973E-05
0.0927218 9.9973E-05 9.9973E-05 0.0282132 0.878765 9.9973E-05
0.0453944 9.9973E-05 9.9973E-05 0.0404809 0.913825 9.9973E-05
0.120868 0.0326645 9.9991E-05 0.0464137 0.791643 0.00831033
9.9973E-05 0.0122944 9.9973E-05 9.9973E-05 0.959749 0.0276571
9.996E-05 9.996E-05 9.996E-05 9.996E-05 0.9995 9.996E-05
0.0225455 9.9973E-05 9.9973E-05 0.0377364 0.939418 9.9973E-05
9.996E-05 9.996E-05 9.996E-05 9.996E-05 0.9995 9.996E-05
9.996E-05 9.996E-05 9.996E-05 9.996E-05 0.9995 9.996E-05
9.9964E-05 0.932913 9.9964E-05 0.0666871 9.9964E-05 9.9964E-05
0.140445 0.775436 9.9982E-05 0.0620901 9.9982E-05 0.0218287
0.269004 0.541413 0.0932006 0.0412761 0.0455211 0.00958515
0.0845663 0.816694 9.9991E-05 0.0346957 0.02559 0.0383544
0.192138 0.649921 0.0298548 0.0497378 0.0782487 9.9991E-05
0.0440776 0.763323 0.0277307 0.0653926 0.0665598 0.032916
0.00963344 0.851295 9.9982E-05 0.0940391 0.0448328 9.9982E-05
0.0566568 0.805683 9.9991E-05 0.0805622 0.0563914 0.000606243
9.9982E-05 0.160961 0.759769 0.025741 9.9982E-05 0.0533293
9.9973E-05 0.0743623 0.914985 9.9973E-05 9.9973E-05 0.0103531
0.179963 9.9991E-05 0.659934 0.09843 0.0444084 0.0171649
0.0547628 0.019137 0.774345 0.074873 0.0284959 0.0483859
0.0470073 0.156683 0.756637 9.9991E-05 0.033406 0.00616662
0.141076 0.0989526 0.560796 0.118537 0.0172089 0.0634298
0.213615 0.0385685 0.654862 0.0843109 0.00266966 0.00597311
0.00136644 0.0824462 0.734849 0.0852591 0.0479442 0.0481347
0.176274 0.0320675 0.645425 0.0831602 0.0629731 9.9991E-05
0.130627 0.0845046 0.674645 0.084874 0.0161122 0.00923757
9.9964E-05 0.0434604 0.95614 9.9964E-05 9.9964E-05 9.9964E-05
0.621341 0.0665216 0.0085728 0.0944908 0.081062 0.128011
0.746426 0.0136399 9.9991E-05 0.104281 0.0450349 0.0905182
0.646695 0.0162548 0.0073298 0.140933 0.0510642 0.137724
0.661663 0.0380744 0.0227177 0.108785 0.0597397 0.10902
0.555845 0.153475 0.119019 9.9991E-05 0.00353185 0.168028
0.668021 0.104688 0.10409 9.9982E-05 9.9982E-05 0.123002
0.576399 0.186947 0.0616008 9.9982E-05 9.9982E-05 0.174853
0.677286 0.110648 9.9982E-05 0.046841 9.9982E-05 0.165025
0.490361 0.258051 0.123039 9.9991E-05 0.00737535 0.121075
0.6573 0.123608 0.0810809 0.0234514 9.9991E-05 0.11446
0.662984 0.0734491 0.0752683 0.0629122 0.067215 0.0581711
0.66503 0.136466 0.0555671 9.9991E-05 0.0210919 0.121745
0.0639663 0.107284 0.0162846 0.0234693 0.788896 9.9991E-05
0.125566 0.0479377 9.9991E-05 0.0370006 0.779731 0.00966458
9.9982E-05 0.143904 0.0298503 9.9982E-05 0.810415 0.0156303
0.076026 0.00214796 0.0128308 0.0359589 0.872936 9.9991E-05
0.0767255 0.0201624 0.00407656 0.0176735 0.881262 9.9991E-05
0.221827 9.9973E-05 9.9973E-05 0.0467323 0.731141 9.9973E-05
0.143143 0.00563224 9.9982E-05 0.0667486 0.784276 9.9982E-05
0.159259 0.0673401 0.011788 0.0514366 0.710077 9.9991E-05
0.160977 9.9982E-05 9.9982E-05 0.0682863 0.754949 0.0155882
0.233797 0.25752 0.446072 9.9982E-05 9.9982E-05 0.062411
0.00617503 0.317559 0.600639 9.9982E-05 9.9982E-05 0.0754264
0.103775 0.129284 0.682035 9.9991E-05 0.0122236 0.0725827
0.230853 0.130945 0.591386 9.9982E-05 9.9982E-05 0.0466162
0.316726 0.0537346 0.487692 0.0511877 0.0386652 0.0519942
0.448401 0.101466 0.330274 0.0730062 0.0267427 0.0201098
0.273139 0.160122 0.436172 0.009106 0.00442602 0.117035
0.208627 0.258375 0.450997 9.9982E-05 9.9982E-05 0.0818007
0.0383339 0.241392 0.654226 9.9982E-05 9.9982E-05 0.0658476
0.256996 0.247384 0.402747 9.9982E-05 9.9982E-05 0.0926737
0.221698 0.264164 0.500836 9.9982E-05 9.9982E-05 0.0131008
0.058113 0.255237 0.591619 9.9991E-05 0.00274619 0.092185
0.0613846 0.836005 0.00796512 0.0644831 0.0300619 9.9991E-05
0.0846119 0.870798 9.9991E-05 0.0342924 0.00729589 0.00290171
0.218001 0.544335 0.103805 0.0678827 0.0658757 9.9991E-05
0.0454086 0.742657 0.0851679 0.0484957 0.0781705 9.9991E-05
9.9973E-05 0.875815 0.0554893 9.9973E-05 9.9973E-05 0.0683957
0.172178 0.601307 0.0445695 0.0838199 0.0840561 0.0140696
0.198162 0.717047 9.9991E-05 0.0312664 0.0524541 0.000970084
0.150889 0.697088 0.0396714 0.0408118 0.0714395 9.9991E-05
0.067831 0.871223 0.0379788 9.9982E-05 0.0227669 9.9982E-05
0.0895499 0.853372 9.9973E-05 0.0567787 9.9973E-05 9.9973E-05
0.0238263 0.837701 0.0171639 0.0451711 0.0229354 0.053202
9.9964E-05 9.9964E-05 0.241379 0.758221 9.9964E-05 9.9964E-05
9.9982E-05 0.0500783 0.189058 0.746125 9.9982E-05 0.0145385
9.9991E-05 0.0292894 0.151827 0.766244 0.0447933 0.0077467
0.10577 9.9991E-05 0.157138 0.698129 0.0383144 0.000548234
0.135358 9.9982E-05 0.108884 0.710294 0.0452641 9.9982E-05
0.165754 9.9982E-05 0.0517133 0.734037 0.0482951 9.9982E-05
0.15667 9.9982E-05 0.0644957 0.753753 0.0248816 9.9982E-05
9.9982E-05 0.0489193 0.115242 0.829362 9.9982E-05 0.00627682
9.9973E-05 0.0191141 0.267712 0.712874 9.9973E-05 9.9973E-05
0.106768 9.9982E-05 0.141943 0.735625 0.0154638 9.9982E-05
0.0437009 9.9982E-05 0.213744 0.68827 0.0540847 9.9982E-05
0.134553 9.9982E-05 9.9982E-05 0.802036 0.0541736 0.00903717
0.19133 9.9991E-05 0.473459 0.319427 0.014764 0.000920135
0.0377971 9.9991E-05 0.619615 0.271253 0.0408513 0.0303839
0.0266522 9.9991E-05 0.670699 0.261655 0.0202107 0.0206835
0.00363342 0.00624466 0.606084 0.292538 0.076497 0.015003
0.0909769 9.9991E-05 0.542445 0.313469 0.0437246 0.00928392
0.150929 9.9991E-05 0.510092 0.304718 0.0299728 0.00418757
0.0861474 9.9982E-05 0.649986 0.246296 9.9982E-05 0.0173703
0.102716 9.9991E-05 0.616487 0.247314 0.0194007 0.013982
0.0167456 9.9982E-05 0.65397 0.275162 0.0539231 9.9982E-05
0.0742344 9.9982E-05 0.584529 0.302428 0.0386083 9.9982E-05
0.00315901 0.0486292 0.643741 0.272227 0.0173899 0.0148536
0.0760144 9.9982E-05 0.510649 0.354075 0.0590625 9.9982E-05
9.9973E-05 0.0213737 9.9973E-05 0.960928 9.9973E-05 0.0173983
9.9973E-05 0.0136244 9.9973E-05 0.978435 9.9973E-05 0.00764112
9.996E-05 9.996E-05 9.996E-05 0.9995 9.996E-05 9.996E-05
9.9964E-05 9.9964E-05 9.9964E-05 0.970992 0.0286079 9.9964E-05
0.0477283 9.9973E-05 9.9973E-05 0.948004 0.00396758 9.9973E-05
0.0944945 9.9973E-05 9.9973E-05 0.875819 0.0293869 9.9973E-05
0.0370514 0.0106137 0.0119829 0.929734 9.9991E-05 0.0105183
0.0339192 0.0256608 9.9982E-05 0.932527 0.0076927 9.9982E-05
9.9964E-05 0.0297533 9.9964E-05 0.969847 9.9964E-05 9.9964E-05
9.9964E-05 0.0297431 9.9964E-05 0.969857 9.9964E-05 9.9964E-05
9.9973E-05 0.026339 9.9973E-05 0.972056 9.9973E-05 0.00130485
0.0506086 9.9973E-05 9.9973E-05 0.937714 0.0113775 9.9973E-05
0.118917 0.636904 0.121202 0.0159156 0.0938954 0.0131667
0.019301 0.738215 0.113016 0.00747813 0.0949217 0.027068
9.9982E-05 0.877085 0.0738582 9.9982E-05 0.0141944 0.0346629
0.164013 0.616197 0.0494216 0.0677634 0.102506 9.9991E-05
0.120448 0.64875 0.1292 9.9991E-05 0.0645112 0.0369896
0.248328 0.554422 0.025772 0.0853617 0.086016 9.9991E-05
0.110323 0.820536 9.9982E-05 0.0524665 9.9982E-05 0.0164748
0.12646 0.77326 9.9991E-05 0.0625329 0.0192967 0.0183501
0.0127453 0.849852 0.115291 9.9982E-05 9.9982E-05 0.0219114
0.117379 0.769652 9.9991E-05 0.0627697 0.0212564 0.0288427
9.9991E-05 0.869019 0.0159373 0.0543312 0.0404352 0.020177
9.9991E-05 0.930885 0.0239114 0.0254968 0.00376263 0.015844
0.0547952 0.826051 0.0833971 9.9991E-05 0.0329038 0.00275312
9.9973E-05 0.890707 0.0778849 9.9973E-05 9.9973E-05 0.0311084
0.204646 0.618593 9.9991E-05 0.072516 0.0537172 0.0504284
0.0362934 0.0745678 0.70492 0.178414 0.00570538 9.9991E-05
0.136997 0.00184333 0.361072 0.430061 0.048763 0.0212639
0.0197968 0.0535873 0.713952 0.179959 0.0312366 0.00146805
0.0753903 0.0279717 0.675435 0.19249 0.0286136 9.9991E-05
0.255434 9.9982E-05 0.463425 0.279042 0.00189854 9.9982E-05
0.0430884 0.0166929 0.539243 0.344791 0.0560847 9.9991E-05
9.9982E-05 0.10407 0.641095 0.226745 9.9982E-05 0.0278899
0.044267 9.9991E-05 0.690264 0.220417 0.0368302 0.00812138
0.790294 9.9982E-05 0.0514772 0.0783382 0.0796906 9.9982E-05
0.757963 0.123145 0.0711288 9.9982E-05 9.9982E-05 0.0475634
0.9995 9.996E-05 9.996E-05 9.996E-05 9.996E-05 9.996E-05
0.501821 0.186792 0.228652 0.0491544 0.0325239 0.00105647
0.560574 0.225743 0.109618 0.0588646 0.00183902 0.0433618
0.694782 0.158104 0.0788454 0.00754668 0.0212302 0.0394917
0.86022 0.0559506 0.0767908 9.9982E-05 9.9982E-05 0.00683893
0.919016 9.9991E-05 0.0425525 0.0127533 0.006717 0.0188611
0.672189 0.107637 0.137884 0.0120748 0.0177434 0.0524713
0.620868 0.118198 0.111992 0.0355409 0.0572649 0.0561359
0.65694 0.116766 0.0897516 0.0363382 0.0456947 0.0545087
0.748843 0.12428 0.0162915 0.0375326 0.0215476 0.0515059
0.697561 0.116032 0.100778 0.0193611 0.00359753 0.0626711
0.906502 9.9973E-05 9.9973E-05 0.0592899 0.0339086 9.9973E-05
0.821018 0.0736331 9.9991E-05 0.0484737 0.00782846 0.0489466
0.899238 9.9982E-05 0.0283416 9.9982E-05 0.0479537 0.0242669
0.7583 0.149467 9.9982E-05 0.0283065 9.9982E-05 0.0637274
0.733772 0.131374 0.0217048 0.0240137 0.042256 0.0468792
0.739318 0.0787311 0.0878535 0.00349842 0.037919 0.0526796
0.745526 0.0968713 0.0244568 0.0162058 0.0651681 0.051772
0.761286 9.9982E-05 9.9982E-05 0.108548 0.0718517 0.0581144
0.702868 0.0343656 0.0895013 0.0588032 0.0665616 0.0479004
0.952219 9.9973E-05 9.9973E-05 0.0165544 0.0309266 9.9973E-05
