0.0291988 0.51338 0.457421
0.0136849 0.526655 0.45966
0.032742 0.511139 0.456119
0.0710314 0.563532 0.365436
9.9991E-05 0.525632 0.474268
0.0228219 0.526674 0.450504
0.107478 0.520642 0.37188
0.0862602 0.541864 0.371876
0.0744511 0.589289 0.33626
9.999E-05 9.999E-05 0.9998
0.0391271 0.0659835 0.894889
0.0900183 0.128853 0.781129
0.0904467 0.112062 0.797492
0.0589544 0.0917124 0.849333
0.0136339 9.9991E-05 0.986266
0.0567162 0.0742785 0.869005
0.037175 0.0187776 0.944047
0.0275585 0.056227 0.916214
0.0436855 0.0693925 0.886922
0.0941752 0.11197 0.793855
9.999E-05 9.999E-05 0.9998
0.147749 0.111258 0.740993
0.103405 0.127672 0.768923
0.103788 0.103261 0.792951
0.069748 0.0546252 0.875627
0.112699 0.124494 0.762808
0.113877 0.103094 0.783029
0.117082 0.106048 0.776869
0.0900943 0.112664 0.797241
0.107097 0.109913 0.782989
0.110967 0.0900774 0.798956
0.0412478 0.737742 0.221011
9.9991E-05 0.654192 0.345708
0.0304449 0.675805 0.29375
0.02206 0.781622 0.196318
0.0450355 0.701961 0.253003
0.034871 0.756038 0.209091
0.0484921 0.708852 0.242656
0.0360258 0.756561 0.207413
9.9991E-05 0.730447 0.269453
0.0144127 0.767589 0.217998
0.954218 9.9991E-05 0.0456825
0.9998 9.999E-05 9.999E-05
0.948274 0.0516258 9.9991E-05
0.94759 0.03223 0.0201795
0.920355 0.0384993 0.041146
0.940753 0.0577109 0.00153567
0.818364 0.0670215 0.114615
0.990038 9.9991E-05 0.00986208
0.9998 9.999E-05 9.999E-05
0.961763 0.0381365 9.9991E-05
0.9998 9.999E-05 9.999E-05
0.9998 9.999E-05 9.999E-05
0.223194 0.0585866 0.718219
0.158897 0.0528143 0.788289
0.174236 0.0984229 0.727341
0.207623 0.00854294 0.783834
0.213363 0.079841 0.706796
0.22397 0.0687392 0.707291
0.233916 0.107711 0.658373
0.228708 0.0661582 0.705134
0.000530406 0.462928 0.536541
9.9991E-05 0.504208 0.495692
0.0419091 0.510213 0.447878
0.0324306 0.54097 0.426599
0.0584811 0.409075 0.532443
0.0344983 0.46108 0.504422
0.0135647 0.479598 0.506837
0.0508219 0.509313 0.439865
0.0707007 0.477278 0.452021
0.0416589 0.489259 0.469082
9.9991E-05 0.516154 0.483746
0.117381 0.136909 0.74571
0.0937797 0.153368 0.752853
0.0871731 0.184702 0.728125
0.0977757 0.173336 0.728889
0.0570026 0.0654673 0.87753
0.0313506 0.0649925 0.903657
0.0233632 0.0415424 0.935094
0.00838419 0.0843116 0.907304
0.073595 0.0612262 0.865179
0.0381137 0.101044 0.860842
0.11402 0.150761 0.735218
0.0819406 0.0460875 0.871972
0.848258 0.0290603 0.122682
0.823074 0.0389957 0.13793
0.877764 9.9991E-05 0.122136
0.898485 0.0497454 0.0517693
0.914442 0.0399906 0.0455677
0.77235 0.0658622 0.161788
0.82101 0.0872013 0.0917888
0.756916 0.0904518 0.152632
0.800233 0.0735299 0.126238
9.9991E-05 0.218527 0.781373
0.040905 0.28611 0.672985
0.0354281 0.345913 0.618659
9.9991E-05 0.317546 0.682354
0.0544767 0.342692 0.602832
0.060582 0.287676 0.651742
0.02743 0.234249 0.738321
0.022301 0.187086 0.790613
9.9991E-05 0.320251 0.679649
0.0187842 0.136075 0.84514
0.00741586 0.255617 0.736967
0.0361572 0.268461 0.695382
0.205531 0.0685596 0.725909
0.204433 9.9991E-05 0.795467
0.190963 0.14239 0.666646
0.229257 0.0972652 0.673478
0.193211 9.9991E-05 0.806689
0.234921 0.113547 0.651533
0.235465 0.0138755 0.750659
0.233043 0.0841694 0.682788
0.206198 9.9991E-05 0.793702
0.183218 0.0370688 0.779713
0.199438 0.0367028 0.763859
9.999E-05 0.9998 9.999E-05
9.9991E-05 0.915697 0.0842028
0.0566011 0.923579 0.0198202
0.0541194 0.856644 0.0892365
0.0648794 0.84977 0.0853504
0.0820134 0.861123 0.0568639
0.0546938 0.866102 0.0792044
0.00857353 0.954305 0.0371215
9.9991E-05 0.934762 0.0651377
0.0404875 0.907392 0.0521202
0.0509751 0.897383 0.0516417
0.0689469 0.866057 0.0649965
0.0280032 0.659277 0.31272
0.0333644 0.664395 0.30224
0.0200315 0.685026 0.294942
0.0782992 0.673947 0.247754
0.0567143 0.68923 0.254055
0.0403774 0.655765 0.303857
9.9991E-05 0.657729 0.342171
0.0241795 0.644032 0.331788
0.0506752 0.701392 0.247933
0.0545151 0.673766 0.271719
0.00908711 0.672791 0.318122
0.0588618 0.702054 0.239085
9.999E-05 0.9998 9.999E-05
9.999E-05 0.9998 9.999E-05
9.999E-05 0.9998 9.999E-05
0.0145906 0.985309 9.9991E-05
0.0299157 0.969984 9.9991E-05
0.0618737 0.933983 0.00414329
0.0141518 0.985748 9.9991E-05
0.0230851 0.976815 9.9991E-05
9.999E-05 0.9998 9.999E-05
9.999E-05 0.9998 9.999E-05
9.999E-05 0.9998 9.999E-05
0.0366741 0.963226 9.9991E-05
0.236941 0.0788186 0.68424
0.243742 0.0504789 0.705779
0.208426 0.0189041 0.772669
0.250605 0.106369 0.643026
0.196918 0.0568193 0.746262
0.230272 0.114884 0.654844
0.191138 0.0155357 0.793326
0.177188 0.0460146 0.776798
0.177755 0.0221718 0.800073
0.206233 0.0479579 0.745809
0.21877 0.0538112 0.727419
0.20622 0.00760007 0.78618
0.211154 0.0183549 0.770491
0.173129 0.0010682 0.825803
0.21098 0.0741074 0.714912
0.0209469 0.604207 0.374846
0.0662029 0.694647 0.23915
0.0455467 0.618174 0.33628
0.0299181 0.599531 0.370551
0.0216461 0.603128 0.375226
0.0557457 0.70822 0.236034
0.0050492 0.618531 0.376419
0.0354448 0.647887 0.316668
0.12222 0.17284 0.70494
0.054419 0.0627195 0.882862
0.0249177 0.0350576 0.940025
0.09211 0.200803 0.707087
0.0616491 0.157988 0.780363
0.0775901 0.0864889 0.835921
0.0336123 0.0295664 0.936821
0.0501319 0.0954107 0.854457
0.0791183 0.126631 0.79425
0.10134 0.125603 0.773057
0.0953309 0.132424 0.772245
0.0791713 0.091491 0.829338
0.0625252 0.104946 0.832529
0.10169 0.13945 0.75886
0.0616999 0.103028 0.835272
0.0906652 0.0820859 0.827249
0.0514766 0.0709456 0.877578
0.108228 0.0822343 0.809538
0.0780821 0.105745 0.816173
0.118305 0.0951339 0.786561
0.111643 0.152943 0.735414
0.105689 0.161501 0.73281
0.0816765 0.101662 0.816661
