0.71055 0.0983747 9.9982E-05 0.0136259 0.167816 9.9982E-05 0.00943394
0.699114 0.00871499 9.9982E-05 0.0256808 0.160552 9.9982E-05 0.105738
0.700897 0.0805984 9.9982E-05 0.0220436 0.0950127 9.9982E-05 0.101249
0.710953 9.9973E-05 9.9973E-05 0.0198847 9.9973E-05 0.0562298 0.212632
0.640566 9.9964E-05 9.9964E-05 0.0151962 9.9964E-05 9.9964E-05 0.343838
0.704171 0.0292571 9.9973E-05 0.00943674 9.9973E-05 9.9973E-05 0.256835
0.66104 9.9991E-05 0.0131862 0.0341909 0.0846817 0.0798039 0.126997
0.727305 0.00504332 9.9991E-05 0.00518547 0.110626 0.0511614 0.100579
0.69822 9.9982E-05 0.0431073 9.9982E-05 0.110984 0.0503999 0.0970885
9.995E-05 9.995E-05 9.995E-05 0.9994 9.995E-05 9.995E-05 9.995E-05
9.9973E-05 0.062494 9.9973E-05 0.111862 0.66186 9.9973E-05 0.163483
0.0654273 0.046165 0.00550623 0.105508 0.610668 0.036522 0.130203
0.0676228 9.9982E-05 0.0401686 0.604975 0.221494 0.0655402 9.9982E-05
0.101836 9.9973E-05 9.9973E-05 0.699814 0.143015 0.0550352 9.9973E-05
9.9955E-05 9.9955E-05 9.9955E-05 0.974968 9.9955E-05 9.9955E-05 0.0245321
0.0304297 0.0873445 0.0140569 0.337813 0.530156 9.9982E-05 9.9982E-05
9.995E-05 9.995E-05 9.995E-05 0.9994 9.995E-05 9.995E-05 9.995E-05
0.0295887 0.0546461 0.0214378 0.66746 0.22375 0.0030174 9.9991E-05
0.0599337 9.9982E-05 0.00760518 0.778528 0.119206 0.0345263 9.9982E-05
0.0856555 0.0328503 9.9991E-05 0.0711468 0.592277 0.0424021 0.175568
9.995E-05 9.995E-05 9.995E-05 0.9994 9.995E-05 9.995E-05 9.995E-05
0.016934 0.186651 0.0396961 0.0112258 0.634139 0.0603022 0.0510519
0.0284394 0.0900883 0.0411065 0.00219502 0.666719 0.0235297 0.147923
9.999E-05 0.082096 0.0185936 0.024759 0.488752 0.0362479 0.349451
9.9964E-05 0.0194034 9.9964E-05 9.9964E-05 0.77331 9.9964E-05 0.206886
0.0420784 0.118974 9.9991E-05 0.00716947 0.42891 0.0516275 0.351141
9.999E-05 0.147648 0.0314743 0.0115442 0.517836 0.04388 0.247518
0.0134204 0.0909401 0.0427908 9.9991E-05 0.802377 0.0271521 0.0232193
9.999E-05 0.109013 0.0465292 0.0405193 0.586736 0.0160655 0.201037
0.0273072 0.0722681 0.0469322 0.0211483 0.760875 0.0239409 0.0475284
0.00982268 0.0628274 0.0134432 0.0251379 0.76624 0.035999 0.0865297
0.6141 0.0104502 0.25068 0.00846984 0.0925415 0.0236588 9.9991E-05
0.714338 9.9973E-05 0.105511 0.00460351 0.175247 9.9973E-05 9.9973E-05
0.66022 0.00551424 0.153751 9.9991E-05 0.141885 0.00825339 0.0302765
0.732508 9.9964E-05 0.167997 9.9964E-05 9.9964E-05 9.9964E-05 0.099096
0.642867 9.9982E-05 0.187996 0.00279809 0.140433 0.0257054 9.9982E-05
0.684952 0.0109476 0.207005 9.9982E-05 9.9982E-05 0.023484 0.0734115
0.818005 0.0100884 0.0995564 9.9991E-05 0.029708 0.032613 0.00992924
0.793436 9.9982E-05 0.122291 0.00554777 9.9982E-05 0.0198955 0.0586294
0.565015 9.9973E-05 0.196228 0.0220461 9.9973E-05 9.9973E-05 0.216412
0.783175 0.0450399 0.146738 9.9973E-05 9.9973E-05 9.9973E-05 0.0247475
9.9973E-05 9.9973E-05 9.9973E-05 0.0210379 0.0319749 0.910973 0.0357141
9.9982E-05 0.02949 0.000328251 9.9982E-05 0.00862373 0.957512 0.00384634
9.9973E-05 9.9973E-05 0.0240938 9.9973E-05 0.0546535 0.903279 0.0176739
9.9964E-05 9.9964E-05 0.00333816 9.9964E-05 0.118047 0.878215 9.9964E-05
0.00625085 9.9973E-05 0.00808576 9.9973E-05 0.108165 0.877199 9.9973E-05
0.0151531 9.9973E-05 0.0130995 9.9973E-05 0.0853741 0.886073 9.9973E-05
0.0221349 0.0234334 0.0370473 9.9991E-05 0.137593 0.776566 0.00312503
9.9964E-05 0.0195824 9.9964E-05 0.0300475 9.9964E-05 0.94997 9.9964E-05
9.9955E-05 9.9955E-05 9.9955E-05 9.9955E-05 9.9955E-05 0.974378 0.0251221
0.0180647 9.9973E-05 0.012358 9.9973E-05 0.0496216 0.919656 9.9973E-05
9.995E-05 9.995E-05 9.995E-05 9.995E-05 9.995E-05 0.9994 9.995E-05
9.9955E-05 9.9955E-05 9.9955E-05 9.9955E-05 9.9955E-05 0.991835 0.00766548
0.00536279 0.966943 0.0272946 9.9964E-05 9.9964E-05 9.9964E-05 9.9964E-05
9.9982E-05 0.73131 0.0274189 0.0153523 0.114015 9.9982E-05 0.111704
0.0552195 0.538094 0.0241962 0.00173061 0.220802 0.031163 0.128795
9.9991E-05 0.830752 0.00666313 0.0392337 0.0725663 0.0213902 0.0292946
0.00583502 0.609025 0.0304926 9.9991E-05 0.18672 0.067748 0.100079
9.9991E-05 0.691145 0.0511348 0.0333397 0.0435006 0.0546911 0.126089
0.0579065 0.863774 0.0334416 9.9982E-05 0.0220547 0.0226227 9.9982E-05
0.0626456 0.796133 0.00724048 0.0133179 0.0900996 0.0304635 9.9991E-05
0.445048 0.0201165 9.9973E-05 0.00399086 9.9973E-05 9.9973E-05 0.530544
0.45418 9.9955E-05 9.9955E-05 9.9955E-05 9.9955E-05 9.9955E-05 0.545321
0.531782 9.9991E-05 0.0187644 0.0112439 0.108431 0.0357686 0.29391
0.539953 9.9982E-05 0.0267227 0.0120042 9.9982E-05 0.016412 0.404708
0.379543 0.0163397 9.9973E-05 9.9973E-05 9.9973E-05 0.0359828 0.567834
0.444367 0.074602 0.0626868 0.048906 0.087614 0.00533457 0.27649
0.531496 0.0206303 0.00581437 0.00317436 0.129945 9.9991E-05 0.30884
0.485311 9.9982E-05 0.034944 0.0147227 9.9982E-05 0.0455525 0.41927
0.555035 9.9973E-05 9.9973E-05 9.9973E-05 0.143822 0.0573437 0.243499
0.529578 0.027076 0.0167679 0.000584138 0.102722 0.0174389 0.305834
0.318663 9.9955E-05 9.9955E-05 9.9955E-05 9.9955E-05 9.9955E-05 0.680838
0.0957269 0.0375668 0.0373284 0.125041 0.616171 0.0607826 0.0273838
0.130473 9.9982E-05 0.0201834 0.0641435 0.752552 0.032448 9.9982E-05
0.106553 0.0134845 0.072868 0.118718 0.644388 0.043889 9.9991E-05
0.144326 0.0436022 0.0378628 0.10224 0.636112 0.0357572 9.9991E-05
9.9982E-05 0.032779 9.9982E-05 0.133061 0.475375 0.00918029 0.349405
0.00158484 0.0294722 9.9982E-05 0.0945151 0.637046 9.9982E-05 0.237182
9.9973E-05 0.1101 9.9973E-05 0.129611 0.529569 9.9973E-05 0.230421
9.9982E-05 0.0578926 0.0417786 0.143014 0.657783 9.9982E-05 0.0993318
0.022432 0.164975 9.9982E-05 0.0945604 0.486617 9.9982E-05 0.231215
9.9982E-05 0.00179706 0.00982491 0.0730321 0.598448 9.9982E-05 0.316698
0.0977854 0.0526435 0.0172997 0.0539533 0.649365 0.055868 0.0730849
9.9982E-05 0.0614503 9.9982E-05 0.0941696 0.551579 0.0312195 0.261382
0.0477151 0.11564 9.9982E-05 9.9982E-05 0.0575338 0.778244 0.000666787
0.0247648 0.0584424 0.0158551 0.0206172 0.126755 0.753466 9.9991E-05
9.9964E-05 0.0482109 9.9964E-05 9.9964E-05 9.9964E-05 0.798668 0.152721
0.0409997 0.0115475 0.0104192 9.9982E-05 0.0877097 0.849124 9.9982E-05
0.0329889 0.00151612 9.9973E-05 9.9973E-05 0.117884 0.847311 9.9973E-05
0.0500458 0.000947578 9.9973E-05 9.9973E-05 0.250197 0.69851 9.9973E-05
0.0580086 0.0125526 0.00843045 9.9982E-05 0.161738 0.75907 9.9982E-05
0.108402 0.0841121 9.9973E-05 9.9973E-05 0.142114 0.665072 9.9973E-05
0.0404868 9.9982E-05 0.0346582 0.0143141 0.180438 0.729903 9.9982E-05
9.99549E-05 9.99549E-05 0.00917186 9.99549E-05 9.99549E-05 9.99549E-05 0.990328
0.0747514 0.00979338 0.00767224 9.9982E-05 9.9982E-05 0.0367822 0.870801
0.267249 9.9982E-05 9.9982E-05 0.0216946 0.00104525 0.026109 0.683702
0.210944 9.9973E-05 0.0138601 9.9973E-05 0.185866 9.9973E-05 0.589029
0.283386 9.9991E-05 0.0142088 0.0195713 0.241353 0.0462672 0.395114
0.198837 0.0210693 0.0382279 0.00664462 0.400106 0.0301809 0.304934
9.9982E-05 9.9982E-05 0.0555171 0.0454317 0.159365 0.0156257 0.72386
9.99729E-05 9.99729E-05 9.99729E-05 0.00323331 0.027283 0.00688117 0.962303
0.220884 0.0584852 0.00373153 0.00490548 9.9982E-05 9.9982E-05 0.711794
9.9973E-05 9.9973E-05 9.9973E-05 0.00218589 0.140563 0.0027912 0.85416
0.136948 0.0586032 9.9973E-05 9.9973E-05 0.140347 9.9973E-05 0.663801
0.0639966 9.9982E-05 0.0183713 0.0267913 9.9982E-05 0.0291749 0.861466
0.07685 0.851985 9.9982E-05 0.00419914 0.055124 0.0116417 9.9982E-05
9.9964E-05 0.874776 9.9964E-05 0.00588381 0.118941 9.9964E-05 9.9964E-05
0.161942 0.585482 0.0126546 9.9991E-05 0.185121 0.0470371 0.00766283
0.111914 0.749023 9.9973E-05 9.9973E-05 0.0893911 0.0493712 9.9973E-05
9.9964E-05 0.701686 9.9964E-05 0.0265208 9.9964E-05 9.9964E-05 0.271393
0.0922302 0.613706 0.0500935 0.0225157 0.150783 0.0705716 9.9991E-05
9.9964E-05 0.738467 9.9964E-05 9.9964E-05 0.241262 0.0198711 9.9964E-05
0.0956725 0.718084 9.9973E-05 9.9973E-05 0.144956 0.0409875 9.9973E-05
0.00213262 0.874202 9.9991E-05 0.00309355 0.078523 0.004851 0.0370978
0.0359509 0.825693 9.9964E-05 9.9964E-05 0.137957 9.9964E-05 9.9964E-05
0.0335859 0.821918 0.014051 0.04026 0.0386994 0.0029278 0.0485579
0.0529856 9.9964E-05 0.741316 9.9964E-05 9.9964E-05 9.9964E-05 0.205298
0.154219 0.00712956 0.688065 0.0100272 9.9982E-05 9.9982E-05 0.140359
0.219749 0.0175008 0.679237 0.0170792 9.9991E-05 0.0392156 0.0271186
0.249692 9.9982E-05 0.592435 9.9982E-05 0.109749 0.0407157 0.00720829
0.228506 9.9973E-05 0.596271 9.9973E-05 0.136542 0.0383818 9.9973E-05
0.260303 9.9973E-05 0.551935 9.9973E-05 0.146078 0.041384 9.9973E-05
0.231615 9.9973E-05 0.601209 9.9973E-05 0.14256 0.0243161 9.9973E-05
0.195445 0.0468576 0.742065 0.0153329 9.9973E-05 9.9973E-05 9.9973E-05
0.17244 9.9964E-05 0.645503 9.9964E-05 9.9964E-05 9.9964E-05 0.181657
0.233562 9.9973E-05 0.639049 9.9973E-05 0.108502 0.0185872 9.9973E-05
0.266992 9.9982E-05 0.614572 9.9982E-05 0.081065 0.0368596 0.000311149
0.140428 9.9973E-05 0.670511 9.9973E-05 0.155163 0.0335981 9.9973E-05
0.656189 9.9964E-05 0.135908 9.9964E-05 0.207503 9.9964E-05 9.9964E-05
0.804296 0.0351904 0.0595369 0.0396369 0.0368182 0.0228643 0.0016573
0.6652 9.9991E-05 0.13059 0.0105124 0.0354795 0.00383238 0.154286
0.707906 0.0432249 0.127147 0.0140626 9.9991E-05 0.0537918 0.0537681
0.739904 9.9982E-05 0.126332 0.026975 0.0720503 0.0345383 9.9982E-05
0.678024 9.9982E-05 0.127813 0.0234044 0.148894 0.0216648 9.9982E-05
0.694866 9.9982E-05 0.0898547 0.0248063 0.0288245 9.9982E-05 0.161448
0.713319 9.9991E-05 0.0883309 0.0292558 0.055238 0.00486168 0.108894
0.748591 0.0582807 0.116456 9.9982E-05 9.9982E-05 0.0288204 0.0476525
0.69504 0.0305597 0.110574 9.9991E-05 0.0825351 0.0208537 0.0603371
0.617751 0.0234474 0.150579 0.0261072 9.9991E-05 0.00153321 0.180482
0.72736 0.000328642 0.129443 0.00021725 0.106699 0.035852 9.9991E-05
9.9973E-05 0.0248523 0.950535 0.0155318 9.9973E-05 9.9973E-05 0.00878054
9.9973E-05 0.00340658 0.951329 0.0232186 9.9973E-05 9.9973E-05 0.0217457
9.9955E-05 9.9955E-05 0.952117 9.9955E-05 9.9955E-05 9.9955E-05 0.0473836
0.037454 9.9973E-05 0.909777 9.9973E-05 0.022381 0.0300877 9.9973E-05
9.9964E-05 9.9964E-05 0.89947 9.9964E-05 0.0990448 0.00108568 9.9964E-05
0.0207395 9.9973E-05 0.820254 9.9973E-05 0.119249 0.0394579 9.9973E-05
0.0751131 9.9973E-05 0.845965 0.0158846 0.0627378 9.9973E-05 9.9973E-05
0.0493113 0.0057571 0.867514 9.9982E-05 0.0544962 0.0227212 9.9982E-05
9.9955E-05 9.9955E-05 0.921766 9.9955E-05 9.9955E-05 9.9955E-05 0.0777338
9.9955E-05 9.9955E-05 0.921669 9.9955E-05 9.9955E-05 9.9955E-05 0.0778316
9.9964E-05 0.0343533 0.956098 0.00914889 9.9964E-05 9.9964E-05 9.9964E-05
9.9964E-05 9.9964E-05 0.889699 9.9964E-05 0.0832902 0.0266111 9.9964E-05
0.0293993 0.561113 0.0178728 9.9991E-05 0.118658 0.0876751 0.185181
0.0385818 0.630438 9.9991E-05 0.0224127 0.0468653 0.0873791 0.174223
9.9973E-05 0.75557 9.9973E-05 0.00126744 9.9973E-05 0.00822227 0.234641
0.043134 0.603476 0.0374066 9.9991E-05 0.137126 0.0902122 0.0885456
0.0222838 0.588183 9.9991E-05 0.0387134 0.107643 0.0445808 0.198496
0.0863979 0.568247 0.0242876 9.9982E-05 0.251299 0.0695683 9.9982E-05
9.9973E-05 0.806771 0.0141152 0.0106488 0.168166 9.9973E-05 9.9973E-05
0.0423534 0.767442 0.0133563 0.0326531 0.137366 9.9991E-05 0.00672965
9.9955E-05 0.757242 9.9955E-05 9.9955E-05 9.9955E-05 9.9955E-05 0.242258
0.024069 0.789381 0.0219265 0.0173278 0.13933 0.0078653 9.9991E-05
9.9982E-05 0.87434 0.0181592 0.00908425 9.9982E-05 0.0148266 0.0833902
9.9973E-05 0.903156 0.000612916 0.0047523 9.9973E-05 9.9973E-05 0.0911788
9.9982E-05 0.813223 0.00509156 9.9982E-05 0.0348378 0.0127849 0.133863
9.9955E-05 0.70243 9.9955E-05 9.9955E-05 9.9955E-05 9.9955E-05 0.297071
0.0916244 0.649356 9.9982E-05 0.0297002 0.212473 0.0166468 9.9982E-05
0.81081 0.118277 9.9982E-05 0.0144773 0.0140453 9.9982E-05 0.0421912
0.560118 0.0399107 0.238592 0.0121631 0.129242 0.019875 9.9991E-05
0.818783 0.101243 0.0110017 0.0126935 0.00545401 0.00937157 0.0414531
0.699521 0.0561879 0.0618609 9.9982E-05 0.0561878 9.9982E-05 0.126042
0.669947 0.00951194 0.0777514 9.9973E-05 0.24249 9.9973E-05 9.9973E-05
0.629991 0.0567072 0.206351 0.00370563 0.00208852 0.0322417 0.0689151
0.5763 0.0675969 0.128024 0.0238078 9.9982E-05 9.9982E-05 0.204072
0.742092 9.9982E-05 0.0694332 0.0214391 9.9982E-05 0.0270531 0.139783
0.0537416 9.9982E-05 0.043768 9.9982E-05 0.693529 0.0705406 0.138221
9.9973E-05 0.0551187 9.9973E-05 0.0272956 0.6175 9.9973E-05 0.299786
9.9955E-05 9.9955E-05 9.9955E-05 9.9955E-05 0.528756 9.9955E-05 0.470744
0.194038 0.126172 0.00264534 9.9991E-05 0.4873 0.0275077 0.162237
0.0379094 0.143769 0.0476118 0.0159841 0.541411 9.9991E-05 0.213215
0.0726893 0.146455 9.9982E-05 0.0329532 0.648497 9.9982E-05 0.0992055
9.9955E-05 9.9955E-05 9.9955E-05 9.9955E-05 0.505342 9.9955E-05 0.494159
9.9973E-05 9.9973E-05 9.9973E-05 0.00746181 0.590719 0.00718875 0.394331
0.0960013 0.0845863 9.9991E-05 0.0377036 0.606056 0.0207166 0.154836
0.0622433 0.070922 0.00691049 0.0441928 0.584022 0.0459759 0.185733
0.0191964 0.0453774 0.0164353 0.0354213 0.585798 0.0445358 0.253235
0.0659088 0.0828144 0.00131794 0.0201246 0.765641 0.00145924 0.0627339
9.9982E-05 0.0527818 0.0285493 0.0468954 0.636165 9.9982E-05 0.235409
0.0619144 9.9973E-05 0.0147455 9.9973E-05 0.909098 0.0139424 9.9973E-05
0.0683639 0.0508907 9.9982E-05 0.0408347 0.818173 9.9982E-05 0.0215381
0.0344344 9.9982E-05 9.9982E-05 0.00569357 0.867287 0.0260619 0.0663236
0.00324975 0.0585714 9.9982E-05 0.0486151 0.773461 9.9982E-05 0.115903
0.0645496 0.0919984 9.9991E-05 0.0347381 0.709617 0.0358281 0.0631689
0.0306241 0.0263274 0.00294908 0.039731 0.687208 0.0285101 0.18465
0.029464 0.0519445 9.9991E-05 0.0459506 0.701802 0.050152 0.120587
0.0968358 0.00121022 0.0414693 0.050771 0.761371 0.0482428 9.9991E-05
0.0923662 9.9991E-05 0.0235665 0.0269119 0.666186 0.0589772 0.131892
0.0366427 9.9964E-05 9.9964E-05 9.9964E-05 0.957718 9.9964E-05 0.00523976
