9.9973E-05 0.182045 9.9973E-05 9.9973E-05 0.734119 0.0835365
0.082995 0.0879125 9.9982E-05 9.9982E-05 0.741359 0.0875336
0.0800162 0.131282 0.00826784 9.9991E-05 0.728665 0.0516686
0.21645 9.9973E-05 0.058145 9.9973E-05 0.725105 9.9973E-05
0.314843 9.9964E-05 9.9964E-05 9.9964E-05 0.684757 9.9964E-05
0.208716 0.0220602 0.00111909 9.9982E-05 0.767904 9.9982E-05
0.113359 0.0297498 0.0831007 0.0181299 0.681566 0.0740943
0.102548 0.0471642 0.0636582 0.017712 0.71779 0.051128
0.0488764 0.0858137 0.0503673 0.0301582 0.784684 9.9991E-05
9.996E-05 9.996E-05 9.996E-05 9.996E-05 9.996E-05 0.9995
0.21421 0.348385 9.9982E-05 9.9982E-05 0.0424503 0.394755
0.202485 0.289178 0.0351966 0.0320969 0.0696893 0.371353
9.999E-05 0.0521561 0.0692108 0.0411634 0.0783781 0.758992
9.9982E-05 9.9982E-05 0.0678395 0.00845138 0.0979668 0.825542
9.996E-05 9.996E-05 9.996E-05 9.996E-05 9.996E-05 0.9995
9.999E-05 0.273936 0.0049547 0.0289753 0.0640095 0.628024
9.996E-05 9.996E-05 9.996E-05 9.996E-05 9.996E-05 0.9995
9.999E-05 0.117033 0.00280224 0.01147 0.0350817 0.833513
9.9982E-05 9.9982E-05 0.0409157 0.017528 0.0271761 0.91418
0.211912 0.283899 0.0366135 9.9991E-05 0.149847 0.317629
9.996E-05 9.996E-05 9.996E-05 9.996E-05 9.996E-05 0.9995
0.0896526 0.489463 0.0545234 0.0579133 0.0756847 0.232763
0.204778 0.399597 0.0221021 0.0511698 0.0858622 0.23649
0.438712 0.301713 0.033785 0.0481771 0.0012587 0.176354
0.296101 0.401835 9.9982E-05 0.0392104 9.9982E-05 0.262653
0.403051 0.290362 0.0549333 0.0181204 0.0677706 0.165763
0.355857 0.335321 0.0510721 0.0541207 9.9991E-05 0.20353
0.101392 0.462926 0.0289596 0.0708727 0.0636046 0.272245
0.268551 0.378719 0.018242 0.0547982 0.0320699 0.24762
0.140449 0.421225 0.0178387 0.077018 0.0570186 0.286452
0.134715 0.436829 0.040044 0.0448355 0.0423662 0.301211
9.999E-05 0.0681176 0.0186594 0.29286 0.585443 0.0348195
9.9982E-05 0.115244 9.9982E-05 0.132681 0.702426 0.0494491
0.0206001 0.0698355 0.0174906 0.177828 0.672045 0.042201
0.0472699 9.9982E-05 0.00834435 0.185628 0.758558 9.9982E-05
9.9991E-05 0.063029 0.0193637 0.205002 0.684786 0.0277197
0.0392311 0.014811 0.021237 0.234169 0.690452 9.9991E-05
0.00933728 0.00502975 0.0432206 0.124555 0.810523 0.00733478
0.0409291 9.99823E-05 0.021363 0.154233 0.783275 9.99823E-05
0.206507 9.9973E-05 9.9973E-05 0.214113 0.57908 9.9973E-05
9.9973E-05 0.0317639 9.9973E-05 0.157773 0.810163 9.9973E-05
0.0479313 9.9973E-05 0.926759 9.9973E-05 9.9973E-05 0.0250098
0.0157186 0.0299631 0.953014 0.000443747 0.000760288 9.9991E-05
0.0277731 9.9982E-05 0.914308 0.0332983 9.9982E-05 0.0244205
9.9991E-05 0.0325374 0.90329 0.00864129 0.00513035 0.0503008
0.0146838 0.0113413 0.892773 0.0279997 0.015741 0.0374614
9.9982E-05 9.9982E-05 0.899312 0.0303319 0.0254383 0.0447175
0.00840803 0.0779601 0.784629 0.0361847 0.0418628 0.0509557
9.9973E-05 0.0274391 0.945734 9.9973E-05 9.9973E-05 0.0265272
9.996E-05 9.996E-05 0.9995 9.996E-05 9.996E-05 9.996E-05
9.9982E-05 0.020216 0.926464 0.00689718 0.0462232 9.9982E-05
9.996E-05 9.996E-05 0.9995 9.996E-05 9.996E-05 9.996E-05
9.996E-05 9.996E-05 0.9995 9.996E-05 9.996E-05 9.996E-05
9.9973E-05 0.965153 0.00239683 0.0321504 9.9973E-05 9.9973E-05
0.17295 0.758774 0.00633654 0.027458 9.9991E-05 0.0343814
0.181068 0.601683 0.0453621 0.0141301 0.0869818 0.0707745
0.0531134 0.852328 0.0281311 0.00165248 9.9991E-05 0.0646754
0.167857 0.671465 0.0725353 0.0340969 0.00914175 0.0449038
0.192161 0.686942 0.066786 0.0447328 9.9991E-05 0.00927854
9.9982E-05 0.86633 0.0418872 0.0515246 0.0400586 9.9982E-05
0.0238534 0.840286 0.0421677 0.0236762 0.0403327 0.0296838
0.482297 0.0175802 9.9982E-05 0.00270341 0.497219 9.9982E-05
0.481731 9.9964E-05 9.9964E-05 9.9964E-05 0.517869 9.9964E-05
0.324947 9.9991E-05 0.035585 0.0253653 0.564077 0.0499254
0.359694 9.9991E-05 0.0155092 0.0292374 0.583701 0.0117584
0.547393 9.9973E-05 0.0402901 9.9973E-05 0.412017 9.9973E-05
0.273097 0.0786915 0.0115483 0.0499641 0.510624 0.0760753
0.319136 0.0537872 9.9991E-05 0.021495 0.555956 0.0495264
0.410352 9.9982E-05 0.0329358 0.039606 0.516906 9.9982E-05
0.222547 0.0783695 0.0527951 0.0104028 0.598747 0.0371385
0.294002 0.0556007 0.0162556 0.0181429 0.582196 0.0338021
0.611091 9.9964E-05 9.9964E-05 9.9964E-05 0.388509 9.9964E-05
0.0594409 0.32015 0.0565108 0.0525363 0.131927 0.379434
9.9991E-05 0.363569 0.0195497 0.0485105 0.168853 0.399417
9.9991E-05 0.297265 0.0292313 0.0931758 0.177099 0.403129
9.9991E-05 0.34476 0.0419618 0.0469951 0.189548 0.376634
0.426157 0.197087 0.0242223 9.9982E-05 9.9982E-05 0.352334
0.268215 0.294181 9.9982E-05 9.9982E-05 0.06168 0.375724
0.252227 0.344006 9.9982E-05 9.9982E-05 0.0360081 0.367558
0.146053 0.350339 9.9991E-05 0.0580158 0.0100644 0.435428
0.242013 0.379089 0.00415353 9.9991E-05 0.0775773 0.297067
0.358213 0.258778 0.00101318 0.0387864 0.0269823 0.316227
0.124842 0.322462 0.0541458 0.0254558 0.155993 0.317101
0.349721 0.277191 0.026566 0.00934316 9.9991E-05 0.337079
9.9991E-05 0.151428 0.787443 0.00293914 0.0413198 0.0167703
9.9991E-05 0.125466 0.772558 0.0212766 0.0122635 0.0683358
0.155607 0.0198624 0.824231 9.9973E-05 9.9973E-05 9.9973E-05
9.9991E-05 0.0649524 0.854626 0.00154789 0.0618906 0.0168827
9.9982E-05 0.0965476 0.858079 0.00726102 0.0379128 9.9982E-05
9.9991E-05 0.129982 0.726733 0.0181087 0.0530187 0.0720575
9.9991E-05 0.0963588 0.767813 0.0288183 0.0608811 0.0460286
9.9991E-05 0.189192 0.693041 0.0182922 0.0877793 0.0115956
9.9991E-05 0.0856515 0.744359 0.0377716 0.0527931 0.0793249
0.99038 9.9964E-05 9.9964E-05 0.00922058 9.9964E-05 9.9964E-05
0.813454 9.9982E-05 0.031917 0.0152564 0.139173 9.9982E-05
0.670127 9.9982E-05 0.0255396 9.9982E-05 0.287697 0.016437
0.614196 0.05638 9.9991E-05 0.00786987 0.265441 0.056013
0.397812 0.091371 0.033414 0.0152099 0.352038 0.110155
0.366371 0.171075 0.0203916 0.0302948 0.27411 0.137757
0.777385 9.9991E-05 0.024776 0.0635959 0.0376442 0.0964987
0.982688 9.9982E-05 0.00235455 0.0132467 9.9982E-05 0.00151117
0.70852 0.0080108 9.9973E-05 9.9973E-05 0.283169 9.9973E-05
0.951486 9.9973E-05 0.00635801 9.9973E-05 9.9973E-05 0.0418564
0.680943 0.132189 9.9982E-05 0.00120019 0.185468 9.9982E-05
0.859315 9.9982E-05 0.0282237 9.9982E-05 0.111884 0.000377509
0.0348053 0.83449 0.0369372 0.0147531 0.050142 0.028872
0.0270289 0.94059 0.00949464 0.00978859 9.9991E-05 0.0129975
0.0233358 0.671825 0.0560655 0.00460022 0.183498 0.0606754
9.9973E-05 0.82168 0.0533066 9.9973E-05 0.124713 9.9973E-05
0.339647 0.631844 0.0282087 9.9973E-05 9.9973E-05 9.9973E-05
0.00638436 0.70985 0.0627834 0.0306874 0.119079 0.0712158
9.9991E-05 0.869182 0.0459077 0.00285423 0.00419974 0.0777559
9.9982E-05 0.812002 0.0546793 9.9982E-05 0.117006 0.016113
0.0780056 0.907669 0.00250773 9.9982E-05 0.0116175 9.9982E-05
9.9982E-05 0.940879 9.9982E-05 0.0119353 0.0286355 0.0183499
0.101086 0.800487 0.0347582 0.0182618 9.9991E-05 0.045307
0.155694 9.9973E-05 9.9973E-05 0.750443 0.0935636 9.9973E-05
0.142281 9.9973E-05 9.9973E-05 0.726406 0.131013 9.9973E-05
0.0147107 0.00961422 0.0491009 0.690409 0.236065 9.9991E-05
0.056147 0.00897716 0.0485633 0.605447 0.253967 0.0268982
9.9991E-05 0.0416493 0.0519074 0.620004 0.246758 0.0395809
9.9991E-05 0.018931 0.0565403 0.596741 0.273974 0.0537137
9.9991E-05 0.0356345 0.0366619 0.657756 0.234922 0.0349256
9.9982E-05 0.039055 9.9982E-05 0.753139 0.204266 0.00333976
0.15873 9.9973E-05 9.9973E-05 0.670573 0.170397 9.9973E-05
0.0278053 9.9991E-05 0.0275389 0.658755 0.251971 0.0338299
0.00882063 9.9991E-05 0.0529996 0.620229 0.295732 0.0221185
9.9991E-05 0.0497714 0.0314558 0.68878 0.165592 0.0643011
9.9982E-05 0.107679 9.9982E-05 0.18044 0.638944 0.0727373
9.9991E-05 0.0416264 0.0254377 0.0819854 0.799654 0.0511963
0.159925 9.9991E-05 0.0105062 0.141871 0.686441 0.00115713
0.0468445 0.0193494 0.0600697 0.15934 0.698485 0.0159116
9.9991E-05 0.0370789 0.0400442 0.148666 0.712551 0.0615602
9.9991E-05 0.0220555 0.0403267 0.166433 0.679277 0.0918082
0.13622 0.000686796 9.9991E-05 0.114394 0.704474 0.0441253
0.119545 0.0116316 0.0173233 0.11272 0.701805 0.0369746
0.0300841 0.0311003 0.0311883 0.143042 0.757066 0.00751832
0.0792558 0.0364995 0.0358666 0.157116 0.691163 9.9991E-05
0.217331 9.9982E-05 0.000629965 0.170886 0.610953 9.9982E-05
9.9991E-05 0.0557382 0.0511132 0.166112 0.707548 0.019389
0.00806134 0.0157116 9.9982E-05 0.963354 9.9982E-05 0.012673
0.0228745 9.9964E-05 9.9964E-05 0.976726 9.9964E-05 9.9964E-05
0.029172 9.9964E-05 9.9964E-05 0.970428 9.9964E-05 9.9964E-05
9.9973E-05 9.9973E-05 0.0374036 0.928617 0.03368 9.9973E-05
9.9991E-05 0.0237197 0.0240673 0.917319 0.00208379 0.0327104
9.9991E-05 0.013438 0.0528904 0.853656 0.0417379 0.0381775
9.9982E-05 0.00222183 9.9982E-05 0.860527 0.0880356 0.0490154
9.9982E-05 0.0386764 0.0163892 0.906984 0.03775 9.9982E-05
0.0627302 9.9964E-05 9.9964E-05 0.93687 9.9964E-05 9.9964E-05
0.073611 9.9964E-05 9.9964E-05 0.925989 9.9964E-05 9.9964E-05
9.9964E-05 0.0314981 9.9964E-05 0.968102 9.9964E-05 9.9964E-05
9.9973E-05 9.9973E-05 0.0211895 0.926072 9.9973E-05 0.0524383
0.222459 0.600674 0.0978732 0.00131066 0.0496031 0.0280797
0.218464 0.608469 0.119222 9.9991E-05 0.0328248 0.02092
0.255356 0.703765 0.0405786 9.9973E-05 9.9973E-05 9.9973E-05
0.148682 0.621533 0.113081 0.0404958 0.031247 0.0449602
0.244514 0.587537 0.0715534 9.9991E-05 0.0414242 0.0548717
9.9991E-05 0.697814 0.0847656 0.0215744 0.127241 0.068505
0.0399105 0.856383 0.00507776 0.0321185 9.9991E-05 0.0664101
0.0639454 0.797085 0.00963175 0.0354001 0.0170903 0.0768475
0.280506 0.69707 0.0221242 9.9973E-05 9.9973E-05 9.9973E-05
9.9991E-05 0.853201 0.0216536 0.041338 0.0206989 0.0630091
0.1241 0.817677 0.0424971 0.0155257 9.9982E-05 9.9982E-05
0.150036 0.830778 0.0188857 9.9973E-05 9.9973E-05 9.9973E-05
0.184533 0.774453 0.0388481 9.9982E-05 0.00196554 9.9982E-05
0.368545 0.626476 0.00467908 9.9973E-05 9.9973E-05 9.9973E-05
9.9991E-05 0.745077 0.0479502 0.00855332 0.0908555 0.107464
0.0133171 0.128224 9.9991E-05 0.00168398 0.842964 0.0137113
9.9991E-05 0.108583 0.0220946 0.264572 0.541318 0.0633326
0.0339446 0.0741474 0.0145608 0.0163678 0.841241 0.0197381
0.0886655 0.0908838 0.0145184 0.042477 0.763355 9.9991E-05
9.9982E-05 0.138604 9.9982E-05 0.10302 0.686826 0.0713501
0.0426187 0.0605485 0.0315123 0.212669 0.652551 9.9991E-05
0.148358 0.0809184 9.9991E-05 0.13021 0.635412 0.00500115
0.130895 9.9991E-05 0.023164 0.0907978 0.744638 0.0104049
0.199005 0.307316 0.0731173 0.0615808 0.111736 0.247245
0.410367 0.331018 9.9982E-05 9.9982E-05 0.00153733 0.256878
0.789288 0.0321388 9.9973E-05 9.9973E-05 9.9973E-05 0.178274
0.186802 0.383837 0.0198794 0.0192826 0.237807 0.152392
0.250063 0.391645 9.9991E-05 0.0583309 0.079415 0.220446
0.134965 0.445211 0.00405404 9.9991E-05 0.126651 0.289019
0.762193 0.0604286 0.00343886 9.9982E-05 9.9982E-05 0.17374
0.631325 0.105247 0.0314801 0.00286376 9.9991E-05 0.228983
0.24163 0.338441 0.0122752 9.9991E-05 0.132605 0.274949
0.215284 0.310279 0.0432709 0.0186393 0.130594 0.281934
0.329565 0.30171 0.0329456 0.0279513 0.0649749 0.242853
0.126813 0.413871 0.00590514 9.9991E-05 0.121334 0.331977
0.290765 0.323949 9.9991E-05 0.0462744 0.0405563 0.298355
0.0380656 0.387545 0.0318362 0.0205883 0.15953 0.362435
0.098132 0.428485 9.9991E-05 0.0291231 0.0830816 0.361078
0.156823 0.345435 0.0278592 9.9991E-05 0.114029 0.355753
0.164629 0.430737 9.9991E-05 0.0242095 0.0356919 0.344633
0.110671 0.434674 0.023477 9.9991E-05 0.126888 0.30419
0.27437 0.296947 0.0264019 9.9991E-05 0.0971102 0.305071
0.200222 0.348519 0.0464741 0.00785335 0.0884583 0.308472
9.9991E-05 0.391431 0.0403527 0.0640907 0.148192 0.355834
0.159644 0.311023 0.0419958 0.0119512 0.192199 0.283187
0.125064 0.337198 0.0258057 9.9991E-05 0.141312 0.370521
