9.9964E-05 9.9964E-05 9.9964E-05 0.177107 0.0278416 9.9964E-05 0.733422 0.00719376 0.0540359
9.9964E-05 9.9964E-05 0.0114863 0.124185 9.9964E-05 0.0261295 0.771185 9.9964E-05 0.066615
0.0111903 9.9964E-05 9.9964E-05 0.0827946 0.0391559 9.9964E-05 0.80298 9.9964E-05 0.0634796
0.106614 0.0374948 0.0126608 9.9973E-05 9.9973E-05 0.0466554 0.589521 9.9973E-05 0.206755
0.11229 9.9946E-05 9.9946E-05 9.9946E-05 9.9946E-05 0.00719152 0.879919 9.9946E-05 9.9946E-05
0.0570432 9.9937E-05 9.9937E-05 9.9937E-05 9.9937E-05 9.9937E-05 0.942257 9.9937E-05 9.9937E-05
0.079067 0.0633991 0.023249 0.0835335 9.9982E-05 0.0269368 0.361392 9.9982E-05 0.362222
0.000538609 0.0439602 9.9973E-05 0.100598 9.9973E-05 0.0193499 0.658108 9.9973E-05 0.177146
0.00283597 0.0442427 9.9973E-05 0.0995005 9.9973E-05 9.9973E-05 0.627005 0.0385371 0.187579
9.993E-05 9.993E-05 0.999201 9.993E-05 9.993E-05 9.993E-05 9.993E-05 9.993E-05 9.993E-05
0.160564 9.997E-05 0.0966745 0.696737 0.0317435 0.00480222 0.0091791 9.997E-05 9.997E-05
0.138333 0.0357413 0.0948871 0.592687 0.012415 0.040101 9.9982E-05 9.9982E-05 0.0856358
9.9964E-05 0.0653621 0.586202 0.260513 9.9964E-05 9.9964E-05 9.9964E-05 0.0298718 0.0576506
9.9964E-05 0.0444933 0.702475 0.14719 9.9964E-05 0.000284919 9.9964E-05 9.9964E-05 0.105157
9.9937E-05 9.9937E-05 0.966477 9.9937E-05 9.9937E-05 0.0328234 9.9937E-05 9.9937E-05 9.9937E-05
9.9982E-05 9.9982E-05 0.329203 0.514515 0.0865582 0.0148979 0.0207411 0.0233927 0.010493
9.993E-05 9.993E-05 0.999201 9.993E-05 9.993E-05 9.993E-05 9.993E-05 9.993E-05 9.993E-05
9.9964E-05 9.9964E-05 0.650472 0.25056 0.0444809 9.9964E-05 9.9964E-05 0.0250721 0.0290145
9.9973E-05 0.0378491 0.775507 0.131097 9.9973E-05 9.9973E-05 0.00759018 0.00323531 0.0444216
0.170048 0.0385295 0.0673215 0.633623 0.0365271 0.0101069 0.0118242 9.9991E-05 0.0319192
9.993E-05 9.993E-05 0.999201 9.993E-05 9.993E-05 9.993E-05 9.993E-05 9.993E-05 9.993E-05
0.019538 0.055168 0.00908846 0.549753 0.177907 0.121659 0.0244707 0.0322452 0.010171
0.0624522 0.0228148 0.000488238 0.520077 0.0801161 0.165456 0.139959 0.00853677 9.9991E-05
0.208076 0.0519888 0.0345891 0.197818 0.121083 0.311883 0.0606859 0.0137748 9.9991E-05
0.019745 0.00200121 0.00517607 0.226068 0.0779844 0.659511 9.9982E-05 0.00931393 9.9982E-05
0.26202 0.0483786 0.0166141 0.268345 0.132263 0.191107 9.998E-05 9.998E-05 0.0810726
0.166409 0.0526534 0.0262677 0.278515 0.153593 0.28288 9.9982E-05 0.0394819 9.9982E-05
9.9982E-05 0.0374301 9.9982E-05 0.523902 0.101008 0.256282 0.0438647 0.0288572 0.00845635
0.110548 0.0107802 0.0434328 0.358221 0.142458 0.24022 0.0469466 0.0472936 9.9991E-05
9.9982E-05 0.0294073 0.0108788 0.321206 0.077666 0.468846 9.9982E-05 0.0275514 0.0642443
9.9982E-05 0.0340761 0.0382245 0.456426 0.101522 0.284696 0.0709134 0.0139421 9.9982E-05
9.9973E-05 0.00365937 9.9973E-05 0.124433 0.00998013 9.9973E-05 0.0739785 0.182518 0.605132
9.9964E-05 9.9964E-05 0.00465732 0.173179 9.9964E-05 9.9964E-05 0.128439 0.0298869 0.663438
0.0261631 9.9973E-05 9.9973E-05 0.134785 0.0142575 9.9973E-05 0.0918322 0.077763 0.654899
0.0499831 9.9937E-05 9.9937E-05 9.9937E-05 9.9937E-05 9.9937E-05 9.9937E-05 9.9937E-05 0.949317
9.9964E-05 0.0144637 9.9964E-05 0.142892 9.9964E-05 9.9964E-05 0.00634773 0.0677972 0.7681
0.0403494 9.9964E-05 9.9964E-05 9.9964E-05 0.0250798 0.0161008 9.9964E-05 0.0781156 0.839954
9.99618E-05 0.0196881 9.99618E-05 0.0653042 9.99618E-05 9.99618E-05 0.0121203 9.99618E-05 0.902387
0.0585967 9.9937E-05 9.9937E-05 9.9937E-05 9.9937E-05 9.9937E-05 9.9937E-05 9.9937E-05 0.940704
0.171451 9.9973E-05 0.0229656 9.9973E-05 9.9973E-05 0.00791094 0.0483439 0.112591 0.636438
9.9946E-05 9.9946E-05 9.9946E-05 9.9946E-05 0.0415066 9.9946E-05 9.9946E-05 0.0159807 0.941913
9.9946E-05 0.912459 0.0167767 9.9946E-05 9.9946E-05 0.0701643 9.9946E-05 9.9946E-05 9.9946E-05
0.0159938 0.944668 9.9964E-05 0.00506792 0.0164744 9.9964E-05 9.9964E-05 9.9964E-05 0.0173963
9.9973E-05 0.906825 0.00428984 0.0113829 9.9973E-05 0.039442 0.0111212 0.0266396 9.9973E-05
9.9946E-05 0.878275 9.9946E-05 0.115427 9.9946E-05 9.9946E-05 0.00569832 9.9946E-05 9.9946E-05
9.996E-05 0.872183 9.996E-05 0.0577677 9.996E-05 0.0376369 0.0190295 0.0129835 9.996E-05
9.9955E-05 0.878825 9.9955E-05 0.0795358 9.9955E-05 9.9955E-05 0.017724 0.0234159 9.9955E-05
0.0126772 0.776834 9.9982E-05 0.129349 0.0083509 0.0134656 9.9982E-05 0.0182552 0.0408676
9.9955E-05 0.944324 0.0261463 9.9955E-05 0.00578726 9.9955E-05 0.0232424 9.9955E-05 9.9955E-05
0.0166784 0.982622 9.99371E-05 9.99371E-05 9.99371E-05 9.99371E-05 9.99371E-05 9.99371E-05 9.99371E-05
9.9955E-05 0.903688 9.9955E-05 0.0732791 9.9955E-05 9.9955E-05 9.9955E-05 0.00392749 0.0186058
9.993E-05 0.999201 9.993E-05 9.993E-05 9.993E-05 9.993E-05 9.993E-05 9.993E-05 9.993E-05
9.993E-05 0.999201 9.993E-05 9.993E-05 9.993E-05 9.993E-05 9.993E-05 9.993E-05 9.993E-05
9.9946E-05 9.9946E-05 9.9946E-05 9.9946E-05 0.953038 9.9946E-05 9.9946E-05 0.041979 0.00438359
0.0863318 9.9982E-05 0.023307 0.0623311 0.723469 0.0498097 0.0330308 0.0215208 9.9982E-05
0.0438894 0.0362945 0.0198847 0.126588 0.501495 0.147545 9.9982E-05 9.9982E-05 0.124104
9.9973E-05 0.00843443 0.0421564 0.0461527 0.801057 0.0421325 0.0597669 9.9973E-05 9.9973E-05
0.0720045 0.0590885 9.9982E-05 0.160219 0.56974 0.0659596 0.0587765 0.0140113 9.9982E-05
0.0272196 0.0548215 0.0184118 9.9982E-05 0.668844 0.135436 0.0425778 0.0524891 9.9982E-05
9.9964E-05 0.0108775 9.9964E-05 0.0460606 0.839019 9.9964E-05 9.9964E-05 0.0187747 0.0848688
9.9973E-05 0.0155169 0.00104032 0.140922 0.773144 9.9973E-05 9.9973E-05 0.0130345 0.0560425
0.427428 9.9973E-05 0.0107196 9.9973E-05 0.0411606 0.0024286 0.349569 9.9973E-05 0.168395
0.547016 9.9946E-05 9.9946E-05 9.9946E-05 9.9946E-05 9.9946E-05 0.12809 9.9946E-05 0.324295
0.302831 0.0260947 9.9964E-05 0.129908 9.9964E-05 9.9964E-05 0.167486 9.9964E-05 0.37328
0.347055 0.0165766 0.0100481 9.9973E-05 9.9973E-05 0.0143059 0.268753 9.9973E-05 0.342962
0.583652 0.0307776 9.9964E-05 9.9964E-05 0.019712 9.9964E-05 0.083941 9.9964E-05 0.281517
0.220675 0.0103735 0.0430398 0.049053 0.0390003 0.0888571 0.196314 0.0246789 0.328009
0.275762 9.9964E-05 9.9964E-05 0.113217 9.9964E-05 0.0449501 0.272183 9.9964E-05 0.293487
0.400771 0.0377055 0.022921 9.9964E-05 9.9964E-05 9.9964E-05 0.0789888 9.9964E-05 0.459214
0.256379 0.044033 9.9964E-05 0.165047 9.9964E-05 9.9964E-05 0.0996625 9.9964E-05 0.434479
0.23248 0.0104147 0.00173586 0.0756631 0.0285834 0.0394443 0.322075 9.9991E-05 0.289504
0.677574 9.9946E-05 9.9946E-05 9.9946E-05 9.9946E-05 9.9946E-05 0.0871369 9.9946E-05 0.23469
0.0314539 0.054109 0.11101 0.597072 0.0226506 0.0410441 9.9991E-05 0.00798143 0.134579
9.9973E-05 0.0243178 0.0657039 0.758413 9.9973E-05 0.0370008 9.9973E-05 0.00039413 0.113871
9.9973E-05 0.040377 0.108935 0.664733 9.9973E-05 0.0158732 0.0947357 0.0750467 9.9973E-05
9.9982E-05 0.0334397 0.0852325 0.687781 0.0258166 0.0118079 9.9982E-05 0.00408337 0.151639
0.331055 0.00480492 0.121212 0.48797 0.0105439 0.0441145 9.9973E-05 9.9973E-05 9.9973E-05
0.205337 9.9973E-05 0.0834227 0.642167 0.0294784 0.023411 0.0158844 9.9973E-05 9.9973E-05
0.182709 9.9964E-05 0.127297 0.53451 0.106102 0.0489815 9.9964E-05 9.9964E-05 9.9964E-05
0.111517 9.9964E-05 0.13329 0.69853 0.0375154 9.9964E-05 9.9964E-05 0.0187479 9.9964E-05
0.215086 9.9973E-05 0.0832332 0.487279 0.149083 0.0307568 0.0342623 9.9973E-05 9.9973E-05
0.257114 9.9973E-05 0.0869728 0.485709 0.0180926 0.132194 9.9973E-05 0.0196179 9.9973E-05
0.071285 0.043972 0.0344446 0.664852 0.00231296 0.0595595 9.9982E-05 9.9982E-05 0.123374
0.192978 0.0224029 0.0968866 0.516349 0.0689404 0.102143 9.9973E-05 9.9973E-05 9.9973E-05
0.0206398 0.7744 9.9973E-05 0.0829257 0.0911696 9.9973E-05 9.9973E-05 0.00178133 0.0287832
9.9973E-05 0.74897 0.00633119 0.153718 0.0468066 9.9973E-05 0.0330228 0.0108513 9.9973E-05
0.161209 0.792879 9.9946E-05 9.9946E-05 0.0453123 9.9946E-05 9.9946E-05 9.9946E-05 9.9946E-05
9.9964E-05 0.839142 9.9964E-05 0.0943458 0.020189 9.9964E-05 9.9964E-05 0.00582575 0.0400971
9.9946E-05 0.850382 9.9946E-05 0.132238 9.9946E-05 9.9946E-05 9.9946E-05 9.9946E-05 0.0167808
9.9955E-05 0.702427 9.9955E-05 0.231881 9.9955E-05 9.9955E-05 0.05988 0.00531192 9.9955E-05
9.9946E-05 0.746088 9.9946E-05 0.172289 9.9946E-05 9.9946E-05 9.9946E-05 9.9946E-05 0.0810237
9.9955E-05 0.665914 9.9955E-05 0.184856 0.0544506 9.9955E-05 9.9955E-05 9.9955E-05 0.0942795
9.9973E-05 0.727043 0.00303006 0.203215 9.9973E-05 9.9973E-05 0.02272 0.0324141 0.0112783
0.999201 9.993E-05 9.993E-05 9.993E-05 9.993E-05 9.993E-05 9.993E-05 9.993E-05 9.993E-05
0.878874 0.0261059 9.9955E-05 9.9955E-05 0.0136729 9.9955E-05 9.9955E-05 9.9955E-05 0.0808478
0.65763 0.0230515 0.0192422 0.000389751 9.9973E-05 9.9973E-05 0.290163 9.9973E-05 0.00922388
0.569304 9.9964E-05 9.9964E-05 0.186473 9.9964E-05 9.9964E-05 0.181949 0.01618 0.0456946
0.423067 0.0214933 0.0103459 0.282895 9.9973E-05 9.9973E-05 0.033995 9.9973E-05 0.227903
0.333694 0.0172797 9.9982E-05 0.404325 0.0164882 9.9982E-05 0.061463 0.0248728 0.141678
0.719979 0.00859565 0.0287703 0.164961 9.99748E-05 9.99748E-05 0.0384841 0.0389098 9.99748E-05
0.995712 9.99459E-05 0.000892089 0.00279636 9.99459E-05 9.99459E-05 9.99459E-05 9.99459E-05 9.99459E-05
0.712174 9.998E-05 0.00463572 0.0327938 0.04032 9.998E-05 0.0687425 0.00105964 0.140074
0.857887 0.00112187 9.9955E-05 0.139013 9.9955E-05 0.00147851 9.9955E-05 9.9955E-05 9.9955E-05
0.706332 9.9955E-05 9.9955E-05 0.146907 0.0503705 9.9955E-05 9.9955E-05 9.9955E-05 0.0958906
0.882785 0.0206001 0.0158909 0.00121937 9.9964E-05 9.9964E-05 9.9964E-05 9.9964E-05 0.0791047
9.9964E-05 0.00306283 9.9964E-05 0.0944714 0.784936 0.0102696 9.9964E-05 9.9964E-05 0.10686
9.9955E-05 9.9955E-05 9.9955E-05 0.101803 0.817031 0.0510737 0.0295926 9.9955E-05 9.9955E-05
0.0111082 0.0406276 9.996E-05 0.276113 0.514616 9.996E-05 9.996E-05 9.996E-05 0.157135
9.9955E-05 0.0515406 9.9955E-05 0.110342 0.705701 9.9955E-05 9.9955E-05 9.9955E-05 0.131916
0.255485 9.9946E-05 0.0358004 9.9946E-05 0.708115 9.9946E-05 9.9946E-05 9.9946E-05 9.9946E-05
9.9982E-05 0.0584911 0.0237387 0.1673 0.611487 0.00358877 9.9982E-05 0.0327491 0.102446
9.9955E-05 0.0220496 9.9955E-05 0.256319 0.707567 9.9955E-05 0.0135643 9.9955E-05 9.9955E-05
9.9955E-05 0.0434304 9.9955E-05 0.205597 0.643805 9.9955E-05 9.9955E-05 9.9955E-05 0.106668
0.0161992 9.9964E-05 9.9964E-05 0.0902615 0.82393 0.0239935 0.0452164 9.9964E-05 9.9964E-05
9.9964E-05 9.9964E-05 9.9964E-05 0.159418 0.782274 0.0189982 9.9964E-05 0.00473018 0.0341805
0.0138914 9.9982E-05 0.0355701 0.0413133 0.784105 0.053024 9.9982E-05 0.00211377 0.0697825
0.198691 9.995E-05 9.995E-05 9.995E-05 9.995E-05 9.995E-05 0.020804 0.731338 0.0486673
0.127391 9.9973E-05 0.00223198 9.9973E-05 9.9973E-05 0.0218516 0.0431295 0.645361 0.159736
0.0284054 0.0348199 0.00888933 9.9973E-05 0.0218786 9.9973E-05 9.9973E-05 0.613492 0.292215
9.9973E-05 0.027105 9.9973E-05 0.0751899 9.9973E-05 0.0519929 0.0948868 0.553108 0.197418
9.9964E-05 0.0338972 9.9964E-05 0.142455 9.9964E-05 9.9964E-05 0.0718654 0.573016 0.178366
9.9964E-05 0.0486703 9.9964E-05 0.143466 9.9964E-05 9.9964E-05 0.0449099 0.549267 0.213287
9.9964E-05 0.0148773 9.9964E-05 0.148537 9.9964E-05 9.9964E-05 0.0470588 0.588214 0.200913
9.9964E-05 9.9964E-05 0.00676274 9.9964E-05 0.0392642 9.9964E-05 0.124685 0.725137 0.103751
0.143612 9.9964E-05 9.9964E-05 9.9964E-05 9.9964E-05 0.0180428 0.0548784 0.623808 0.159259
9.9973E-05 0.0169505 9.9973E-05 0.0964426 9.9973E-05 0.0189301 0.0287529 0.61099 0.227634
0.0190376 0.0395185 9.997E-05 0.0732708 9.997E-05 9.997E-05 0.0589926 0.564018 0.244863
9.9964E-05 0.0257934 9.9964E-05 0.182023 9.9964E-05 9.9964E-05 0.0292699 0.654067 0.108447
9.9973E-05 9.9973E-05 0.00205726 0.124809 9.9973E-05 0.0656704 0.108317 0.0735549 0.625292
9.9955E-05 9.9955E-05 0.0373957 0.0757207 0.022505 9.9955E-05 9.9955E-05 9.9955E-05 0.863879
0.0448341 9.9973E-05 0.0127269 9.9973E-05 9.9973E-05 0.0935313 0.150929 0.0447944 0.652884
0.000625777 0.0364139 0.021739 9.9991E-05 0.055689 0.042398 0.0159328 0.0272545 0.799847
9.9964E-05 0.0198609 0.0184107 0.0948594 9.9964E-05 9.9964E-05 9.9964E-05 0.0041339 0.862335
9.9982E-05 0.00464887 0.0265601 0.10656 9.9982E-05 0.0490759 0.109708 0.0607376 0.64251
0.0514163 9.9973E-05 0.0316013 9.9973E-05 9.9973E-05 0.0834049 0.116225 0.000455493 0.716597
0.0645515 9.9982E-05 0.0204348 0.0743551 9.9982E-05 0.0173748 0.107973 0.0191412 0.69597
0.0260408 0.00269542 0.0134362 9.9973E-05 0.0553247 0.013266 9.9973E-05 9.9973E-05 0.888937
9.9973E-05 0.0121121 9.9973E-05 0.0754677 0.029679 0.0456552 9.9973E-05 0.0104439 0.826342
0.0856454 9.9973E-05 0.0134174 9.9973E-05 9.9973E-05 0.112113 0.0175876 0.0464287 0.724508
9.9955E-05 0.0131765 9.9955E-05 0.124986 9.9955E-05 9.9955E-05 9.9955E-05 0.0129761 0.848361
9.9964E-05 9.9964E-05 0.00773047 9.9964E-05 0.0197998 0.00618859 0.0321524 0.933729 9.9964E-05
0.0116358 9.9964E-05 0.0253107 9.9964E-05 0.010566 9.9964E-05 0.004774 0.947314 9.9964E-05
0.0177468 9.9946E-05 9.9946E-05 9.9946E-05 9.9946E-05 0.024542 9.9946E-05 0.957111 9.9946E-05
9.9955E-05 0.0215614 9.9955E-05 0.0299252 9.9955E-05 9.9955E-05 9.9955E-05 0.879014 0.0689996
9.9955E-05 0.00732178 9.9955E-05 0.105962 9.9955E-05 9.9955E-05 0.00858671 0.877629 9.9955E-05
9.9964E-05 0.0276019 9.9964E-05 0.116239 9.9964E-05 0.0210982 9.9964E-05 0.820646 0.0140148
9.9964E-05 9.9964E-05 0.000242143 0.0815822 9.9964E-05 9.9964E-05 0.0265052 0.837665 0.0536053
9.9955E-05 0.00809749 9.9955E-05 0.0897532 9.9955E-05 9.9955E-05 9.9955E-05 0.858934 0.0427157
0.0742128 9.9937E-05 9.9937E-05 9.9937E-05 9.9937E-05 9.9937E-05 9.9937E-05 0.925088 9.9937E-05
0.0816972 9.9937E-05 9.9937E-05 9.9937E-05 9.9937E-05 9.9937E-05 9.9937E-05 0.917603 9.9937E-05
9.9946E-05 9.9946E-05 0.0167908 9.9946E-05 0.0354132 9.9946E-05 9.9946E-05 0.947196 9.9946E-05
9.9955E-05 0.0195921 9.9955E-05 0.0906309 9.9955E-05 0.00133072 9.9955E-05 0.887947 9.9955E-05
0.162482 0.0908191 9.9982E-05 0.147575 0.522307 0.0211972 9.9982E-05 0.00755014 0.0478709
0.0831092 0.0830404 0.0229235 9.9982E-05 0.609879 0.117679 0.0162307 9.9982E-05 0.0669379
0.154434 0.014907 0.0141447 9.9973E-05 0.740127 0.050866 0.025222 9.9973E-05 9.9973E-05
0.0329617 0.0885745 0.00692318 0.076687 0.582598 0.0823522 0.0634903 0.0316861 0.0347271
0.12256 0.0558229 0.0278113 0.0368318 0.564988 0.129278 0.0625083 9.998E-05 9.998E-05
9.998E-05 0.0628533 9.998E-05 0.202256 0.555562 0.0389515 0.0478142 0.0139839 0.0783784
9.9964E-05 9.9964E-05 0.0101678 0.123325 0.771087 0.0708108 9.9964E-05 0.0242096 9.9964E-05
9.9973E-05 9.9973E-05 0.032886 0.0995571 0.721051 0.0720834 0.0529015 0.0212215 9.9973E-05
0.155717 9.9955E-05 9.9955E-05 9.9955E-05 0.713226 0.113327 0.0172312 9.9955E-05 9.9955E-05
9.9982E-05 0.0127907 0.00266388 0.134884 0.751465 0.0230759 0.0431427 0.0317777 9.9982E-05
0.0822178 0.00956052 0.0102954 9.9964E-05 0.835452 9.9964E-05 9.9964E-05 9.9964E-05 0.0620743
0.0160138 9.9973E-05 0.00278067 9.9973E-05 0.856154 0.0949757 0.0245534 0.00522209 9.9973E-05
0.109362 0.014633 9.9973E-05 0.0251974 0.78614 0.031447 0.032921 9.9973E-05 9.9973E-05
0.187009 9.9946E-05 9.9946E-05 9.9946E-05 0.692747 0.119644 9.9946E-05 9.9946E-05 9.9946E-05
9.9991E-05 0.0236284 0.0272201 0.217737 0.599928 0.0287464 0.0876822 0.0119697 0.00298813
9.993E-05 9.993E-05 9.993E-05 9.993E-05 9.993E-05 9.993E-05 0.999201 9.993E-05 9.993E-05
9.9964E-05 0.00850699 9.9964E-05 0.119459 9.9964E-05 9.9964E-05 0.585475 0.270181 0.0159784
9.99369E-05 0.00489814 9.99369E-05 9.99369E-05 9.99369E-05 9.99369E-05 0.994402 9.99369E-05 9.99369E-05
9.9973E-05 9.9973E-05 9.9973E-05 0.0313143 0.0220013 0.00660796 0.831299 0.0680981 0.0403791
9.9955E-05 9.9955E-05 9.9955E-05 0.189848 9.9955E-05 9.9955E-05 0.59673 0.0929081 0.120015
0.00150169 0.0338811 9.9973E-05 9.9973E-05 0.0255961 9.9973E-05 0.551829 0.187865 0.199027
0.0567942 9.9973E-05 0.01128 9.9973E-05 0.0249016 0.010612 0.775154 0.120958 9.9973E-05
9.9946E-05 9.9946E-05 9.9946E-05 9.9946E-05 9.9946E-05 0.0250172 0.907139 0.0672444 9.9946E-05
0.10672 0.0555295 9.9973E-05 0.683188 9.9973E-05 0.0526031 9.9973E-05 0.00574623 0.0959132
0.245952 9.996E-05 0.0172261 0.607661 0.038319 0.0904425 9.996E-05 9.996E-05 9.996E-05
9.993E-05 9.993E-05 9.993E-05 9.993E-05 9.993E-05 0.999201 9.993E-05 9.993E-05 9.993E-05
0.143724 0.015886 9.999E-05 0.513838 0.106103 0.0248038 0.113636 0.0143428 0.0675663
0.182611 9.998E-05 0.00282481 0.533849 0.137125 0.0472759 0.0505331 0.0455805 9.998E-05
0.0584307 9.9973E-05 0.0214685 0.632898 0.124369 0.0639088 0.098625 9.9973E-05 9.9973E-05
9.993E-05 9.993E-05 9.993E-05 9.993E-05 9.993E-05 0.999201 9.993E-05 9.993E-05 9.993E-05
9.993E-05 9.993E-05 9.993E-05 9.993E-05 9.993E-05 0.999201 9.993E-05 9.993E-05 9.993E-05
0.103512 0.0149194 0.0369993 0.506991 0.0751987 0.140691 0.107565 9.9991E-05 0.0140233
0.185716 0.0365554 0.0297982 0.607372 0.0323812 0.0270638 9.9982E-05 9.9982E-05 0.080914
0.12985 0.042928 0.037188 0.421481 0.0543174 0.238385 0.0563228 0.00494187 0.0145863
0.0483822 9.9973E-05 0.0125184 0.746668 0.0542218 0.0628301 0.0750792 9.9973E-05 9.9973E-05
0.177342 0.00177045 0.0410528 0.533236 0.061953 0.128841 0.0292578 0.0264462 9.9991E-05
9.9964E-05 0.00359694 9.9964E-05 0.908237 9.9964E-05 0.0336441 0.0343949 0.0197273 9.9964E-05
0.0127652 9.9982E-05 0.022186 0.803037 0.0458809 0.0782218 0.0231907 0.0145185 9.9982E-05
0.0426789 0.00471012 9.9955E-05 0.92576 9.9955E-05 9.9955E-05 0.0263513 9.9955E-05 9.9955E-05
0.0946833 9.9964E-05 0.0506202 0.723471 0.0644086 0.0664166 9.9964E-05 9.9964E-05 9.9964E-05
0.0339229 0.0330607 0.0335937 0.660549 0.0917074 0.0784122 0.0685544 9.9982E-05 9.9982E-05
0.174605 0.0242679 0.0249985 0.671822 0.0137665 0.0795753 9.9982E-05 9.9982E-05 0.0107649
0.14416 0.0449887 0.0285099 0.7498 0.00663147 0.0031081 9.9982E-05 9.9982E-05 0.0226026
9.9982E-05 0.0524941 0.0383389 0.770924 9.9982E-05 0.0206449 0.0485783 0.0367972 0.0320231
0.103312 0.0423058 0.0202405 0.620631 9.9973E-05 0.0935156 9.9973E-05 9.9973E-05 0.119695
9.9937E-05 9.9937E-05 9.9937E-05 0.993829 9.9937E-05 0.00547178 9.9937E-05 9.9937E-05 9.9937E-05
