0.132618 9.9973E-05 0.0304751 9.9973E-05 0.00316503 0.731066 9.9973E-05 0.0101312 0.000386334 0.0918592
0.167433 9.9955E-05 9.9955E-05 9.9955E-05 0.00300675 0.771299 0.0100018 9.9955E-05 9.9955E-05 0.0477602
0.0813606 9.9982E-05 0.0488452 0.00150144 0.0100108 0.807178 0.00505744 0.0115935 9.9982E-05 0.034253
9.9964E-05 9.9964E-05 9.9964E-05 0.145793 9.9964E-05 0.586104 0.0119492 0.0684462 0.000343948 0.186964
9.9937E-05 9.9937E-05 9.9937E-05 0.13541 9.9937E-05 0.859681 0.00420889 9.9937E-05 9.9937E-05 9.9937E-05
9.9928E-05 9.9928E-05 9.9928E-05 0.0507775 9.9928E-05 0.948423 9.9928E-05 9.9928E-05 9.9928E-05 9.9928E-05
0.0509195 9.9982E-05 9.9982E-05 0.0442129 0.0323767 0.358941 0.0258281 0.0639251 0.0384859 0.38511
0.0559139 0.00238555 9.9982E-05 0.0297806 0.00183227 0.646009 0.00555458 0.0948953 9.9982E-05 0.163429
0.088388 0.0202767 9.9955E-05 9.9955E-05 9.9955E-05 0.608257 9.9955E-05 0.0726488 9.9955E-05 0.20993
9.99201E-05 9.99201E-05 9.99201E-05 9.99201E-05 0.999101 9.99201E-05 9.99201E-05 9.99201E-05 9.99201E-05 9.99201E-05
0.668872 9.9973E-05 0.0407317 0.113719 0.0907426 0.046072 0.028584 9.9973E-05 0.0109794 9.9973E-05
0.596231 9.9982E-05 0.0176374 0.134461 0.0705957 9.9982E-05 0.00813731 0.0733779 0.00101335 0.0983459
0.207198 0.0432173 9.9955E-05 9.9955E-05 0.58681 9.9955E-05 9.9955E-05 0.120535 9.9955E-05 0.0417404
0.130602 9.9955E-05 9.9955E-05 9.9955E-05 0.707277 9.9955E-05 0.00252717 0.0694591 9.9955E-05 0.0896352
9.9937E-05 9.9937E-05 9.9937E-05 0.0122481 0.961811 9.9937E-05 0.0252417 9.9937E-05 9.9937E-05 9.9937E-05
0.498732 0.0159827 0.0771245 9.9982E-05 0.341523 0.0294025 0.0115075 0.0229851 9.9982E-05 0.00254246
9.99201E-05 9.99201E-05 9.99201E-05 9.99201E-05 0.999101 9.99201E-05 9.99201E-05 9.99201E-05 9.99201E-05 9.99201E-05
0.255667 0.0290549 0.0323143 9.9964E-05 0.666276 9.9964E-05 9.9964E-05 0.00991609 9.9964E-05 0.00637104
0.115336 0.0129639 9.9964E-05 9.9964E-05 0.764946 9.9964E-05 0.0027252 0.05914 9.9964E-05 0.0444895
0.588584 9.9973E-05 9.9973E-05 0.170003 0.0735141 0.0125955 0.0177429 0.073913 9.9973E-05 0.0633481
9.99201E-05 9.99201E-05 9.99201E-05 9.99201E-05 0.999101 9.99201E-05 9.99201E-05 9.99201E-05 9.99201E-05 9.99201E-05
0.633246 0.0520889 0.154103 0.0568388 9.9973E-05 0.0141207 9.9973E-05 0.0614897 0.0278131 9.9973E-05
0.636435 0.0114136 0.0629122 0.0924883 9.998E-05 0.117683 0.0234038 0.0330989 0.0223653 9.998E-05
0.480392 0.0283296 0.0730015 0.328135 0.00500145 9.9973E-05 0.0240412 9.9973E-05 0.0607999 9.9973E-05
0.786978 9.9937E-05 9.9937E-05 0.194854 9.9937E-05 9.9937E-05 9.9937E-05 9.9937E-05 0.0174687 9.9937E-05
0.404183 9.9982E-05 0.103233 0.305194 0.0109226 9.9982E-05 0.0232898 0.0608773 0.0198424 0.0722578
0.504917 0.0230156 0.120725 0.268087 0.00299614 9.9973E-05 0.00746644 0.0724925 9.9973E-05 9.9973E-05
0.749077 0.0493786 0.0864628 0.036571 9.9973E-05 0.00711347 9.9973E-05 0.0593573 0.0117399 9.9973E-05
0.593095 0.0320012 0.0973131 0.210238 0.0091926 0.0177434 9.9973E-05 9.9973E-05 0.0401172 9.9973E-05
0.759564 0.0199992 0.036627 0.0716336 0.00860132 9.9982E-05 9.9982E-05 0.0316552 0.028994 0.0427261
0.734784 9.9982E-05 0.0508962 0.0837402 0.0273965 0.0366067 0.00159409 0.0341438 0.0306384 9.9982E-05
0.103949 0.196963 0.0106998 9.9964E-05 9.9964E-05 0.0658365 9.9964E-05 9.9964E-05 0.0325195 0.589632
0.1781 0.0204357 0.00475085 9.9955E-05 9.9955E-05 0.105297 9.9955E-05 9.9955E-05 9.9955E-05 0.690917
0.13604 0.0835899 9.9955E-05 9.9955E-05 9.9955E-05 0.101321 9.9955E-05 9.9955E-05 0.0339838 0.644565
9.9964E-05 0.00905879 9.9964E-05 0.0267642 0.0104134 9.9964E-05 0.000916431 9.9964E-05 0.0123192 0.940128
0.115822 0.0684662 9.9946E-05 9.9946E-05 9.9946E-05 9.9946E-05 9.9946E-05 0.0550741 9.9946E-05 0.760038
9.9964E-05 0.0852557 0.0149405 0.0270559 9.9964E-05 9.9964E-05 0.0204973 9.9964E-05 0.030556 0.821295
0.0311605 9.9955E-05 9.9955E-05 9.9955E-05 9.9955E-05 0.00585405 0.00181566 0.0564308 9.9955E-05 0.904239
9.9955E-05 9.9955E-05 9.9955E-05 0.0112896 0.00720801 9.9955E-05 9.9955E-05 0.0231501 0.00410742 0.953745
9.9955E-05 0.0951454 9.9955E-05 0.16309 0.0326797 0.0356648 9.9955E-05 9.9955E-05 9.9955E-05 0.672921
9.9946E-05 0.0213849 0.0403065 9.9946E-05 9.9946E-05 9.9946E-05 0.00791968 9.9946E-05 9.9946E-05 0.929789
0.073198 9.9964E-05 0.00158301 9.9964E-05 0.00371111 9.9964E-05 0.0117981 0.0136766 0.895633 9.9964E-05
0.00213226 9.9955E-05 0.00587359 9.9955E-05 9.9955E-05 9.9955E-05 9.9955E-05 0.25345 0.715581 0.0224635
0.0639964 0.0216099 9.9964E-05 9.9964E-05 9.9964E-05 0.000267846 0.00496335 0.0874539 0.821309 9.9964E-05
0.0998706 0.00668575 9.99459E-05 9.99459E-05 9.99459E-05 9.99459E-05 9.99459E-05 0.169087 0.723757 9.99459E-05
0.0949816 0.0180729 9.9955E-05 9.9955E-05 9.9955E-05 9.9955E-05 0.00820135 0.135516 0.742728 9.9955E-05
0.0934064 0.0249595 9.99549E-05 9.99549E-05 9.99549E-05 0.00309227 9.99549E-05 0.0129921 0.86505 9.99549E-05
0.0909064 0.018829 0.0404462 9.9973E-05 9.9973E-05 9.9973E-05 0.00546656 0.199469 0.601678 0.0429043
0.00897112 9.9964E-05 0.0161866 9.9964E-05 0.0107503 0.0322159 9.9964E-05 0.0746104 0.856866 9.9964E-05
9.99201E-05 9.99201E-05 9.99201E-05 9.99201E-05 9.99201E-05 9.99201E-05 9.99201E-05 9.99201E-05 0.999101 9.99201E-05
0.0259301 0.00292295 9.9955E-05 9.9955E-05 9.9955E-05 9.9955E-05 9.9955E-05 0.257732 0.682268 0.0306475
9.99201E-05 9.99201E-05 9.99201E-05 9.99201E-05 9.99201E-05 9.99201E-05 9.99201E-05 9.99201E-05 0.999101 9.99201E-05
9.99201E-05 9.99201E-05 9.99201E-05 9.99201E-05 9.99201E-05 9.99201E-05 9.99201E-05 9.99201E-05 0.999101 9.99201E-05
9.9937E-05 0.0461171 0.922399 9.9937E-05 9.9937E-05 9.9937E-05 9.9937E-05 0.0307842 9.9937E-05 9.9937E-05
0.0946435 0.0270064 0.694017 0.0957628 0.0161941 0.0441197 0.0168625 9.9982E-05 0.0111939 9.9982E-05
0.239318 0.00130842 0.491695 0.0706529 9.9973E-05 9.9973E-05 0.0346376 9.9973E-05 0.0637944 0.0982937
0.045637 0.0166806 0.79325 9.9973E-05 0.0314043 0.028472 0.0303719 0.0538847 9.9973E-05 9.9973E-05
0.138879 0.0241482 0.60858 0.0725685 9.9982E-05 0.0559486 0.0288346 0.000893179 0.0699484 9.9982E-05
0.0160019 0.0383882 0.697454 0.0585982 0.0305594 0.0439268 0.0221218 0.0584836 0.0343665 9.9991E-05
0.0080647 0.0118361 0.789203 9.9955E-05 9.9955E-05 9.9955E-05 9.9955E-05 0.0929881 9.9955E-05 0.0974086
0.0953444 0.00422424 0.757848 9.9964E-05 9.9964E-05 9.9964E-05 9.9964E-05 0.0586451 0.0116701 0.0718687
9.99686E-05 9.99686E-05 0.0377625 0.408157 0.00742557 0.390854 9.99686E-05 9.99686E-05 0.0182554 0.137146
9.9937E-05 9.9937E-05 9.9937E-05 0.52499 9.9937E-05 0.144297 9.9937E-05 9.9937E-05 9.9937E-05 0.330013
0.0699855 9.9964E-05 9.9964E-05 0.308294 9.9964E-05 0.144316 0.0106144 0.0678641 9.9964E-05 0.398527
9.9982E-05 0.0105604 9.9982E-05 0.338303 0.0141297 0.289599 0.0152602 0.00228256 0.0211572 0.308508
9.9964E-05 9.9964E-05 0.00230498 0.588761 9.9964E-05 0.0474384 0.00054646 0.0685384 9.9964E-05 0.292011
0.0359648 0.0156302 0.0521354 0.230318 0.045311 0.223276 0.0307911 0.0497163 9.9991E-05 0.316758
0.155496 9.9964E-05 9.9964E-05 0.261725 9.9964E-05 0.240553 0.0100312 9.9964E-05 0.0245868 0.307208
9.9964E-05 9.9964E-05 9.9964E-05 0.389143 0.0189065 0.10809 9.9964E-05 0.0246624 0.0218873 0.436911
0.108993 9.9955E-05 9.9955E-05 0.221983 9.9955E-05 0.134735 9.9955E-05 0.102421 9.9955E-05 0.431367
0.0730078 9.9982E-05 0.0158589 0.226503 0.00501286 0.337681 0.023812 9.9982E-05 0.030097 0.287828
9.9937E-05 9.9937E-05 9.9937E-05 0.660192 9.9937E-05 0.100759 9.9937E-05 9.9937E-05 9.9937E-05 0.238349
0.5737 9.9973E-05 0.0180415 0.0262307 0.116307 9.9973E-05 0.0011092 0.117949 9.9973E-05 0.146362
0.712809 0.0313364 0.00309164 9.9982E-05 0.067192 9.9982E-05 0.0235109 0.0573274 0.00643276 0.0980999
0.662228 0.0768745 9.9964E-05 9.9964E-05 0.0897058 0.114207 9.9964E-05 0.041648 0.0149369 9.9964E-05
0.628491 0.00901856 0.00125524 9.9964E-05 0.0920346 9.9964E-05 9.9964E-05 0.116877 9.9964E-05 0.151924
0.465275 9.9964E-05 0.0210361 0.308756 0.13559 9.9964E-05 0.0236416 0.0453014 9.9964E-05 9.9964E-05
0.661023 9.997E-05 0.00470057 0.170589 0.0818434 0.0411703 0.0251285 9.997E-05 0.0152456 9.997E-05
0.561625 9.9964E-05 0.0972881 0.150316 0.132536 9.9964E-05 0.0400894 9.9964E-05 0.0177454 9.9964E-05
0.688764 0.0380477 0.0488073 0.0947205 0.129161 9.9955E-05 9.9955E-05 9.9955E-05 9.9955E-05 9.9955E-05
0.488373 9.9973E-05 0.17517 0.18684 0.0772212 0.042466 0.00626825 9.9973E-05 0.0233618 9.9973E-05
0.573928 0.00656382 0.0165462 0.257057 0.0689965 0.0145957 0.0473011 9.9982E-05 0.0148118 9.9982E-05
0.630144 9.9973E-05 0.00745331 0.0618617 0.0358404 9.9973E-05 0.0267444 0.11098 9.9973E-05 0.126677
0.537986 9.9973E-05 0.0579688 0.223227 0.0938599 9.9973E-05 0.0319657 0.0523066 0.00238598 9.9973E-05
9.9946E-05 9.9946E-05 9.9946E-05 0.0217353 9.9946E-05 9.9946E-05 0.00832152 0.883445 0.085898 9.9946E-05
0.00829171 9.9964E-05 0.0122284 9.9964E-05 0.0195617 0.013607 9.9964E-05 0.930637 0.0152741 9.9964E-05
9.99371E-05 9.99371E-05 9.99371E-05 0.0798947 9.99371E-05 9.99371E-05 9.99371E-05 0.850793 0.0686124 9.99371E-05
9.9928E-05 9.9928E-05 9.9928E-05 9.9928E-05 9.9928E-05 9.9928E-05 9.9928E-05 0.994168 0.00503287 9.9928E-05
9.99201E-05 9.99201E-05 9.99201E-05 9.99201E-05 9.99201E-05 9.99201E-05 9.99201E-05 0.999101 9.99201E-05 9.99201E-05
0.113105 0.00275536 9.9955E-05 9.9955E-05 9.9955E-05 0.0240101 9.9955E-05 0.740129 0.1195 9.9955E-05
9.9937E-05 9.9937E-05 9.9937E-05 9.9937E-05 9.9937E-05 9.9937E-05 9.9937E-05 0.898644 0.0457552 0.0549011
0.0262923 9.9946E-05 0.02512 9.9946E-05 9.9946E-05 9.9946E-05 9.9946E-05 0.90839 9.9946E-05 0.0395985
0.00779142 0.0236053 9.9946E-05 9.9946E-05 0.0108222 9.9946E-05 9.9946E-05 0.957181 9.9946E-05 9.9946E-05
9.99279E-05 9.99279E-05 9.99279E-05 0.995549 9.99279E-05 9.99279E-05 0.00365173 9.99279E-05 9.99279E-05 9.99279E-05
9.9955E-05 9.9955E-05 0.0182345 0.857806 9.9955E-05 9.9955E-05 9.9955E-05 0.0358377 0.00384903 0.083773
0.0212235 0.00376682 9.9973E-05 0.62409 0.0238052 0.263294 9.9973E-05 9.9973E-05 0.0421784 0.0213419
0.184439 0.00752839 9.9955E-05 0.577647 9.9955E-05 0.170727 9.9955E-05 9.9955E-05 9.9955E-05 0.0591587
0.210381 9.9964E-05 9.9964E-05 0.426672 0.00605365 0.0280605 9.9964E-05 0.0804767 9.9964E-05 0.247957
0.352853 0.00682829 9.9964E-05 0.353644 9.9964E-05 0.0253758 9.9964E-05 0.0873886 9.9964E-05 0.17351
0.130125 0.0355454 9.9973E-05 0.750629 0.0324177 0.0285135 9.9973E-05 0.0088976 0.0135724 9.9973E-05
0.0185646 9.99279E-05 9.99279E-05 0.980636 9.99279E-05 9.99279E-05 9.99279E-05 9.99279E-05 9.99279E-05 9.99279E-05
9.996E-05 9.996E-05 0.0521877 0.697333 0.020928 0.063676 9.996E-05 0.0167775 9.996E-05 0.148698
0.11714 9.9937E-05 9.9937E-05 0.87179 9.9937E-05 9.9937E-05 9.9937E-05 9.9937E-05 0.0103708 9.9937E-05
0.11605 9.9955E-05 0.0493104 0.694706 9.9955E-05 9.9955E-05 9.9955E-05 0.0208986 9.9955E-05 0.118536
9.9955E-05 9.9955E-05 9.9955E-05 0.881012 0.000384214 9.9955E-05 9.9955E-05 0.0292345 0.000346426 0.0885233
0.0453108 9.9955E-05 0.751923 9.9955E-05 9.9955E-05 9.9955E-05 0.00665483 0.0934565 9.9955E-05 0.102155
0.0992778 9.9955E-05 0.826829 9.9955E-05 9.9955E-05 0.0248379 0.0133137 9.9955E-05 0.0352414 9.9955E-05
0.183995 9.9955E-05 0.536667 0.000499146 9.9955E-05 9.9955E-05 9.9955E-05 0.118668 9.9955E-05 0.159671
0.0513216 9.9946E-05 0.701842 9.9946E-05 9.9946E-05 9.9946E-05 9.9946E-05 0.131217 9.9946E-05 0.11502
9.9955E-05 9.9955E-05 0.717513 0.242637 0.0224241 9.9955E-05 0.00239851 9.9955E-05 0.0145274 9.9955E-05
0.138207 0.00575215 0.555936 9.9964E-05 9.9964E-05 9.9964E-05 0.0135016 0.153145 9.9964E-05 0.133059
0.222634 0.00101566 0.710439 9.9964E-05 9.9964E-05 0.00654739 9.9964E-05 0.0386646 0.0202994 9.9964E-05
0.137163 9.9946E-05 0.665479 9.9946E-05 9.9946E-05 9.9946E-05 9.9946E-05 0.0962772 9.9946E-05 0.100481
0.0692615 9.9964E-05 0.817984 0.0167572 9.9964E-05 0.0500478 0.0109886 9.9964E-05 0.0345612 9.9964E-05
0.130797 9.9946E-05 0.820073 9.9946E-05 9.9946E-05 9.9946E-05 9.9946E-05 9.9946E-05 0.00521918 0.0433107
0.0349653 9.9973E-05 0.774253 0.0221526 0.0330398 9.9973E-05 0.0319837 9.9973E-05 0.038504 0.0648019
9.9946E-05 0.740708 9.9946E-05 0.193397 9.9946E-05 0.0407873 9.9946E-05 9.9946E-05 9.9946E-05 0.0245083
9.998E-05 0.64039 0.00281464 0.109798 0.0176467 0.0476287 0.00625737 9.998E-05 0.00415852 0.171105
9.997E-05 0.633765 0.0239195 0.0197955 0.0170766 9.997E-05 9.997E-05 0.0226345 0.0200318 0.262477
0.0565012 0.57259 9.9973E-05 9.9973E-05 9.9973E-05 0.048291 0.0412424 0.0611425 0.000935915 0.218997
0.120379 0.563214 9.9955E-05 9.9955E-05 9.9955E-05 0.0536437 9.9955E-05 0.0730003 9.9955E-05 0.189263
0.120168 0.557777 9.99549E-05 9.99549E-05 9.99549E-05 0.0210246 9.99549E-05 0.09117 9.99549E-05 0.209361
0.143643 0.594819 9.9955E-05 9.9955E-05 9.9955E-05 0.0260329 9.9955E-05 0.0339688 9.9955E-05 0.201037
9.9964E-05 0.749034 0.0339532 9.9964E-05 0.01046 0.0973623 9.9964E-05 9.9964E-05 0.0218222 0.0869683
9.9955E-05 0.62492 9.9955E-05 0.130509 9.9955E-05 0.0710951 0.0144656 9.9955E-05 9.9955E-05 0.158511
0.0560711 0.60379 9.996E-05 9.996E-05 9.996E-05 0.0535293 0.0278707 0.0357401 9.996E-05 0.222599
0.0464207 0.573539 9.9964E-05 0.0167213 9.9964E-05 0.0511272 9.9964E-05 0.07773 9.9964E-05 0.234062
0.159499 0.673416 9.99549E-05 9.99549E-05 9.99549E-05 0.0255056 9.99549E-05 0.0462114 9.99549E-05 0.0948676
0.165262 0.0665467 9.9964E-05 9.9964E-05 9.9964E-05 0.0871409 0.024737 9.9964E-05 0.0214021 0.634511
0.0336266 9.9964E-05 0.0169118 9.9964E-05 0.0403323 9.9964E-05 0.00535914 0.0422528 9.9964E-05 0.861118
9.9973E-05 0.038163 9.9973E-05 0.0620166 0.0211815 0.161188 0.0361387 9.9973E-05 0.0311561 0.649856
9.9991E-05 0.045141 0.00909898 0.0371571 0.0304851 0.0440189 0.023009 0.0577926 0.0144446 0.738753
0.0673046 9.9946E-05 9.9946E-05 9.9946E-05 0.0215115 9.9946E-05 9.9946E-05 0.0675184 9.9946E-05 0.843066
0.160623 0.0644926 9.9964E-05 9.9964E-05 0.023545 0.0988073 9.9964E-05 9.9964E-05 0.0192673 0.632864
0.00693412 0.0211878 0.0133026 0.0959589 0.0346633 0.0596746 0.0378697 9.9982E-05 9.9982E-05 0.730209
0.0574176 0.0182109 0.0126822 0.0661097 0.0284161 0.117325 0.00897052 9.999E-05 0.0161366 0.674631
9.995E-05 9.995E-05 0.0319505 0.0256751 9.995E-05 9.995E-05 0.016032 0.0462866 9.995E-05 0.879556
0.0434323 9.9973E-05 0.0281606 0.0113939 9.9973E-05 0.00534809 0.0280551 0.0424304 9.9973E-05 0.84088
9.998E-05 0.0453423 0.0272832 0.116231 0.0266235 0.0265922 0.0191629 9.998E-05 0.0215334 0.717032
0.0861816 0.0289089 9.9946E-05 9.9946E-05 9.9946E-05 9.9946E-05 9.9946E-05 0.0606189 9.9946E-05 0.823691
9.9946E-05 0.925062 0.00833933 9.9946E-05 0.0121123 0.0538865 9.9946E-05 9.9946E-05 9.9946E-05 9.9946E-05
9.9946E-05 0.963486 0.0138047 0.0124364 0.0096729 9.9946E-05 9.9946E-05 9.9946E-05 9.9946E-05 9.9946E-05
9.99371E-05 0.958771 9.99371E-05 0.0335964 9.99371E-05 9.99371E-05 0.00693272 9.99371E-05 9.99371E-05 9.99371E-05
0.00250357 0.89244 9.9955E-05 9.9955E-05 9.9955E-05 9.9955E-05 9.9955E-05 0.0200715 0.00811902 0.0763659
0.0937768 0.884023 9.9937E-05 9.9937E-05 9.9937E-05 9.9937E-05 9.9937E-05 0.0215009 9.9937E-05 9.9937E-05
0.103827 0.811558 9.996E-05 9.996E-05 0.00309977 9.996E-05 0.00434526 0.0601678 9.996E-05 0.0166031
0.0558268 0.855299 9.9964E-05 9.9964E-05 0.00883652 0.000994902 9.9964E-05 0.00998124 9.9964E-05 0.0686621
0.0314739 0.855012 9.9946E-05 9.9946E-05 9.9946E-05 9.9946E-05 9.9946E-05 0.0542021 9.9946E-05 0.0587119
9.9937E-05 0.91396 9.9937E-05 0.0820845 9.9937E-05 9.9937E-05 0.00325625 9.9937E-05 9.9937E-05 9.9937E-05
9.9928E-05 0.906208 9.9928E-05 0.0929925 9.9928E-05 9.9928E-05 9.9928E-05 9.9928E-05 9.9928E-05 9.9928E-05
9.9946E-05 0.942638 0.0384478 9.9946E-05 0.00703905 9.9946E-05 9.9946E-05 9.9946E-05 0.0112752 9.9946E-05
0.070777 0.889902 9.9946E-05 9.9946E-05 9.9946E-05 9.9946E-05 0.0128723 9.9946E-05 0.0258487 9.9946E-05
0.0917076 9.9973E-05 0.537881 0.161852 0.00289191 9.9973E-05 9.9973E-05 0.126913 0.00984012 0.0686145
9.9973E-05 9.9973E-05 0.638345 0.120128 0.0128522 9.9973E-05 0.0400065 0.0887603 0.0318673 0.0677407
9.9964E-05 9.9964E-05 0.744592 0.0945903 0.014268 0.0539869 0.0295536 9.9964E-05 0.0626088 9.9964E-05
0.100142 0.00271821 0.570265 0.0443281 0.00440476 0.051326 0.0217 0.112341 0.0260126 0.0667624
0.0892649 9.999E-05 0.561615 0.125926 0.0311025 0.061932 0.0438528 0.0405949 0.0413228 0.00428906
0.198964 0.0157571 0.53022 9.997E-05 9.997E-05 0.0459344 0.00107488 0.143027 9.997E-05 0.0647223
0.143451 0.0242212 0.783414 9.9964E-05 0.00494714 9.9964E-05 0.0212374 9.9964E-05 0.0223292 9.9964E-05
0.100562 0.0314177 0.733825 9.9973E-05 0.028436 0.0414379 0.0286677 9.9973E-05 0.0353535 9.9973E-05
9.9955E-05 9.9955E-05 0.730633 0.14987 9.9955E-05 0.0399588 0.0468064 9.9955E-05 0.0322317 9.9955E-05
0.139732 0.0364948 0.732663 9.9982E-05 0.00847566 0.029828 0.00282579 0.0148855 0.0348956 9.9982E-05
9.9946E-05 9.9946E-05 0.787967 0.0936385 9.9946E-05 9.9946E-05 9.9946E-05 9.9946E-05 0.0458161 0.0719792
9.99555E-05 9.99555E-05 0.856712 0.029468 9.99555E-05 0.0373965 0.0432777 9.99555E-05 0.0326459 9.99555E-05
0.0348444 9.9964E-05 0.741243 0.130679 9.9964E-05 0.0295349 0.00691221 9.9964E-05 0.0563863 9.9964E-05
9.9946E-05 9.9946E-05 0.71561 0.211388 9.9946E-05 9.9946E-05 0.0592988 9.9946E-05 0.0131036 9.9946E-05
0.247384 9.9973E-05 0.570879 9.9973E-05 0.0272248 0.069013 9.9973E-05 0.0541636 0.00803196 0.0230039
9.99201E-05 9.99201E-05 9.99201E-05 9.99201E-05 9.99201E-05 0.999101 9.99201E-05 9.99201E-05 9.99201E-05 9.99201E-05
0.133285 0.297516 9.9955E-05 9.9955E-05 9.9955E-05 0.536717 9.9955E-05 0.0292795 9.9955E-05 0.00270263
9.99279E-05 9.99279E-05 9.99279E-05 9.99279E-05 9.99279E-05 0.995534 9.99279E-05 0.00366649 9.99279E-05 9.99279E-05
0.0110228 0.0716302 9.9955E-05 9.9955E-05 9.9955E-05 0.860252 0.0211439 0.035451 9.9955E-05 9.9955E-05
0.191546 0.104649 9.99459E-05 9.99459E-05 9.99459E-05 0.589106 9.99459E-05 9.99459E-05 9.99459E-05 0.114099
9.9964E-05 0.193487 0.0012547 0.00588125 9.9964E-05 0.545994 9.9964E-05 0.0775138 9.9964E-05 0.17547
9.9964E-05 0.128676 0.0427024 0.0148638 0.0103344 0.786815 0.0162083 9.9964E-05 9.9964E-05 9.9964E-05
9.9946E-05 0.0835439 9.9946E-05 9.9946E-05 9.9946E-05 0.870058 0.0365167 9.9946E-05 0.00928157 9.9946E-05
0.63361 0.00272478 9.9964E-05 0.0871678 9.9964E-05 9.9964E-05 0.0364234 0.128327 9.9964E-05 0.111347
0.638998 9.9973E-05 0.0268552 0.241162 0.0215547 9.9973E-05 0.0507168 0.017379 0.0030347 9.9973E-05
9.99201E-05 9.99201E-05 9.99201E-05 9.99201E-05 9.99201E-05 9.99201E-05 0.999101 9.99201E-05 9.99201E-05 9.99201E-05
0.488463 0.0170205 0.100418 0.146103 9.999E-05 0.109854 0.00864645 0.0117249 0.0356625 0.0820079
0.522234 0.0505141 0.137151 0.189504 0.00494577 0.0583939 0.0210917 9.9982E-05 0.015966 9.9982E-05
0.649385 9.9991E-05 0.116762 0.0345849 0.0110025 0.104439 0.052132 0.0140199 0.0104639 0.0071112
9.99201E-05 9.99201E-05 9.99201E-05 9.99201E-05 9.99201E-05 9.99201E-05 0.999101 9.99201E-05 9.99201E-05 9.99201E-05
0.0361089 0.0101789 9.9964E-05 9.9964E-05 0.00111334 9.9964E-05 0.911291 0.0239849 9.9964E-05 0.0169228
0.536921 9.998E-05 0.0502548 0.147442 0.0375865 0.110856 0.0586826 0.0482886 9.998E-05 0.00976819
0.596673 9.998E-05 0.0482496 0.147266 0.0263547 9.998E-05 0.019692 0.0121927 0.0405554 0.108817
0.507635 0.0143031 0.0499632 0.164405 0.0327699 0.0113117 0.115818 0.0578713 0.0115577 0.0343649
0.728352 9.9982E-05 0.050541 0.0235411 0.0263279 0.100552 0.0401617 0.00401272 0.0263125 9.9982E-05
0.61367 0.0122756 0.0365022 0.163024 0.0379778 0.065142 0.0441909 9.998E-05 0.0270176 9.998E-05
0.875139 0.0146362 9.9964E-05 9.9964E-05 9.9964E-05 0.0471134 0.0057997 9.9964E-05 0.0367795 0.0201322
0.817366 0.0135822 0.0237682 0.0280155 0.0358819 0.0133499 0.0185977 0.0282488 9.9991E-05 0.0210895
0.818146 9.9955E-05 9.9955E-05 0.0305152 9.9955E-05 0.0730267 0.0297891 9.9955E-05 0.0480232 9.9955E-05
0.769838 9.9964E-05 0.0379053 0.117287 0.041193 9.9964E-05 0.0147938 9.9964E-05 0.0185832 9.9964E-05
0.645872 9.9982E-05 0.103686 0.0362655 0.023406 0.079973 0.0492868 0.0208759 0.0404346 9.9982E-05
0.655079 9.9973E-05 0.01266 0.170777 0.0293848 9.9973E-05 0.052757 9.9973E-05 0.0513001 0.0277423
0.662309 9.9964E-05 9.9964E-05 0.132157 0.0241609 9.9964E-05 0.0225033 0.107142 9.9964E-05 0.0513283
0.732011 0.024148 9.9973E-05 9.9973E-05 0.0286948 0.073845 9.9973E-05 0.0981194 0.00421194 0.0386704
0.599269 9.996E-05 9.996E-05 0.0779896 0.0187407 9.996E-05 0.046922 0.1043 9.996E-05 0.152378
0.917959 9.9946E-05 9.9946E-05 9.9946E-05 9.9946E-05 0.039094 0.0149133 9.9946E-05 0.0274344 9.9946E-05
