0.105465 9.9982E-05 0.697562 9.9982E-05 0.15328 0.0434935
0.133284 9.9991E-05 0.717702 0.0431404 0.088792 0.016982
0.103914 0.00739093 0.747155 0.00943648 0.125494 0.00660843
0.0338179 0.06342 0.752755 0.136589 9.9991E-05 0.0133181
0.00165515 9.9973E-05 0.775008 0.223037 9.9973E-05 9.9973E-05
0.00528718 0.00217183 0.854822 0.0644937 0.0731253 9.9991E-05
0.0993201 0.0982347 0.636506 0.0643999 0.038659 0.0628804
0.0882234 0.0703961 0.719353 0.0380515 0.0347709 0.0492055
0.0355166 0.0608721 0.732791 0.0213582 0.0677231 0.0817389
0.9995 9.996E-05 9.996E-05 9.996E-05 9.996E-05 9.996E-05
0.424811 9.9982E-05 0.0366782 0.277022 0.261289 9.9982E-05
0.375226 0.0482741 0.0510185 0.27434 0.199234 0.0519067
0.808481 0.0756585 0.0277737 9.9991E-05 0.0336118 0.0543752
0.875318 0.0550249 0.0575645 9.9982E-05 9.9982E-05 0.0118921
0.9995 9.996E-05 9.996E-05 9.996E-05 9.996E-05 9.996E-05
0.668918 0.013893 0.0287534 0.0351653 0.212947 0.0403235
0.9995 9.996E-05 9.996E-05 9.996E-05 9.996E-05 9.996E-05
0.896784 9.9973E-05 9.9973E-05 9.9973E-05 0.0811703 0.0217457
0.933134 0.0323501 0.0154319 9.9982E-05 9.9982E-05 0.0188841
0.339232 0.051224 0.100443 0.28357 0.20647 0.0190613
0.9995 9.996E-05 9.996E-05 9.996E-05 9.996E-05 9.996E-05
0.264944 0.0665308 0.0275672 0.197049 0.373989 0.0699196
0.267437 0.0352896 0.035192 0.304811 0.286332 0.0709371
0.177761 0.0535174 9.9991E-05 0.508869 0.204121 0.0556313
0.249833 0.0171818 9.9991E-05 0.483701 0.212754 0.0364306
0.161186 0.0612682 0.0773131 0.462223 0.215899 0.0221102
0.208701 0.0562793 9.9991E-05 0.439016 0.245328 0.0505751
0.278546 0.054057 9.9991E-05 0.254639 0.330941 0.0817166
0.276995 0.0448401 0.0322936 0.371244 0.235024 0.0396036
0.301628 0.0432617 0.00289711 0.298024 0.268333 0.0858565
0.316714 0.0400386 9.9991E-05 0.288186 0.297444 0.0575175
0.0543773 0.0281017 0.54316 9.9991E-05 0.0430646 0.331196
0.0949383 9.9982E-05 0.663323 9.9982E-05 0.0729826 0.168556
0.0664644 0.0167264 0.596749 9.9991E-05 0.0796545 0.240306
0.00757801 0.0170127 0.741491 9.9982E-05 9.9982E-05 0.233718
0.079597 0.0261143 0.586264 9.9991E-05 0.0341411 0.273783
0.0169593 0.0311163 0.645265 9.9991E-05 0.0339672 0.272592
0.0376729 0.0439035 0.736357 9.9982E-05 9.9982E-05 0.181867
0.00548507 0.0333501 0.758926 0.00135052 9.9991E-05 0.200789
9.9973E-05 9.9973E-05 0.647928 0.109208 9.9973E-05 0.242563
9.9973E-05 9.9973E-05 0.753987 9.9973E-05 0.0354047 0.210308
0.0128002 0.918865 9.9973E-05 0.0680349 9.9973E-05 9.9973E-05
9.9982E-05 0.968203 9.9982E-05 0.00851358 0.0159085 0.00717493
0.00956694 0.921978 9.9982E-05 0.0394686 9.9982E-05 0.0287862
0.0676523 0.913548 9.9973E-05 9.9973E-05 9.9973E-05 0.0184998
0.0374942 0.89673 9.9982E-05 0.0382138 9.9982E-05 0.0273622
0.0547505 0.906028 9.9973E-05 9.9973E-05 9.9973E-05 0.0389215
0.0589201 0.791394 0.0258035 0.00841554 0.0718005 0.0436663
0.0484824 0.950883 9.9973E-05 9.9973E-05 0.00033446 9.9973E-05
9.996E-05 0.9995 9.996E-05 9.996E-05 9.996E-05 9.996E-05
9.9982E-05 0.927842 0.0223643 9.9982E-05 0.030776 0.0188174
9.996E-05 0.9995 9.996E-05 9.996E-05 9.996E-05 9.996E-05
9.996E-05 0.9995 9.996E-05 9.996E-05 9.996E-05 9.996E-05
9.9964E-05 9.9964E-05 9.9964E-05 9.9964E-05 0.983998 0.0156026
0.0467003 9.9982E-05 9.9982E-05 0.136925 0.779649 0.0365258
0.0987117 0.0365637 0.0515518 0.223108 0.56033 0.0297351
0.0753312 0.00370023 9.9982E-05 0.0475136 0.873255 9.9982E-05
0.039719 0.0650137 9.9991E-05 0.203628 0.64788 0.0436591
0.0429627 0.0671788 9.9991E-05 0.157262 0.696522 0.035975
0.0105489 0.0211252 9.9982E-05 9.9982E-05 0.908506 0.0596198
0.0639535 0.0274585 0.0137731 0.0100715 0.844348 0.0403952
9.9973E-05 9.9973E-05 0.613769 0.341275 0.0446561 9.9973E-05
9.9964E-05 9.9964E-05 0.643003 0.356597 9.9964E-05 9.9964E-05
0.0561386 0.0413411 0.582042 0.266025 9.9991E-05 0.0543529
0.00631582 0.0192684 0.677841 0.264232 9.9991E-05 0.0322425
9.9982E-05 0.0305319 0.529467 0.421078 0.0187239 9.9982E-05
0.079378 0.0135086 0.509855 0.238564 0.0830964 0.0755981
0.0541385 9.9991E-05 0.591401 0.276631 0.0446329 0.0330971
0.0159688 0.0376165 0.612802 0.288802 9.9991E-05 0.0447102
0.0581907 0.052834 0.601365 0.17835 0.0747369 0.0345233
0.0546177 0.0320718 0.596927 0.2445 0.0327631 0.0391209
9.9964E-05 9.9964E-05 0.569412 0.430188 9.9964E-05 9.9964E-05
0.393457 0.0830438 0.0753421 0.17317 0.199714 0.0752728
0.447131 0.041346 0.0959299 0.0791926 0.26137 0.075031
0.455916 0.0496672 0.1055 0.0865849 0.185655 0.116677
0.436472 0.0529768 0.0991211 0.0772665 0.251983 0.0821802
0.341895 0.0262865 0.0108762 0.478668 0.128457 0.013817
0.382712 9.9982E-05 0.0623466 0.339064 0.215677 9.9982E-05
0.399136 9.9982E-05 0.0229775 0.316555 0.261132 9.9982E-05
0.466472 9.9982E-05 9.9982E-05 0.229006 0.253497 0.0508249
0.304688 0.0107157 0.0709531 0.2911 0.322444 9.9991E-05
0.328008 0.0064074 0.000485436 0.438708 0.168755 0.0576358
0.324072 0.0754763 0.0984231 0.234207 0.21896 0.048862
0.34295 0.03427 9.9991E-05 0.413704 0.196812 0.0121642
0.0280411 0.785056 0.036764 0.00901231 0.139383 0.00174369
0.0965591 0.759337 0.00808001 9.9991E-05 0.116317 0.0196066
9.9973E-05 0.80917 9.9973E-05 0.123745 0.0667852 9.9973E-05
0.0405006 0.851255 0.0296132 9.9991E-05 0.0566794 0.0218515
0.00107404 0.856175 0.030279 9.9991E-05 0.11019 0.00218248
0.13292 0.72443 0.0140333 9.9991E-05 0.0961637 0.0323527
0.0602028 0.764911 0.0274201 9.9991E-05 0.0985723 0.0487935
0.0493041 0.691898 0.0678104 9.9991E-05 0.165416 0.0254713
0.0977749 0.747249 0.0198583 9.9991E-05 0.0810547 0.0539628
9.9964E-05 9.9964E-05 9.9964E-05 0.969073 9.9964E-05 0.0305274
9.9982E-05 0.0222183 0.292915 0.672229 0.0124379 9.9982E-05
0.000489503 0.0199243 0.410967 0.568419 9.9982E-05 9.9982E-05
0.0705903 9.9982E-05 0.372255 0.507244 0.0497113 9.9982E-05
0.126066 0.0429476 0.366148 0.386796 0.0360311 0.0420105
0.159658 0.0286284 0.260678 0.370166 0.13453 0.0463403
0.0739547 0.00429216 0.0846812 0.769018 9.9991E-05 0.0679535
9.9973E-05 9.9973E-05 0.0211804 0.950965 9.9973E-05 0.0275542
9.9973E-05 9.9973E-05 0.376405 0.571951 0.0513442 9.9973E-05
0.0119794 0.00415543 0.0324421 0.951223 9.9982E-05 9.9982E-05
9.9973E-05 9.9973E-05 0.260638 0.627118 0.111944 9.9973E-05
9.9973E-05 0.0138858 0.244335 0.741479 9.9973E-05 9.9973E-05
0.0454211 0.0154531 0.0228967 0.0139358 0.880174 0.022119
0.0606476 0.00235403 9.9982E-05 0.0192178 0.917581 9.9982E-05
0.0864181 0.0424247 0.168513 0.0252604 0.65703 0.0203533
0.0216191 0.0639031 0.117508 0.0129235 0.783947 9.9991E-05
9.9964E-05 9.9964E-05 9.9964E-05 0.215923 0.783677 9.9964E-05
0.0980088 0.0678019 0.0832637 0.015997 0.684391 0.0505374
0.111483 0.0414357 9.9982E-05 9.9982E-05 0.845389 0.0014915
0.051426 0.0633359 0.0845566 0.0207659 0.774044 0.0058713
0.0232135 0.00332792 9.9982E-05 0.0614003 0.911858 9.9982E-05
0.049191 9.9982E-05 0.0163231 9.9982E-05 0.916692 0.0175942
0.0516367 0.0181708 0.00422016 0.115811 0.802 0.00816126
9.9973E-05 9.9973E-05 0.166874 0.0745945 9.9973E-05 0.758232
9.9973E-05 9.9973E-05 0.168379 0.112847 9.9973E-05 0.718474
0.0120607 0.0348472 0.222884 9.9991E-05 0.00846034 0.721648
0.0428016 0.0454202 0.230166 0.0387534 9.9991E-05 0.642758
0.0719461 0.0567808 0.189947 9.9991E-05 0.0323529 0.648873
0.0836606 0.0697664 0.192888 9.9982E-05 9.9982E-05 0.653485
0.0677293 0.0336014 0.181476 9.9991E-05 0.0238933 0.6932
0.0188522 9.9982E-05 0.153895 9.9982E-05 0.0468417 0.780211
9.9973E-05 9.9973E-05 0.195253 0.11877 9.9973E-05 0.685677
0.0576081 0.0311976 0.200753 0.0198428 9.9991E-05 0.690499
0.0305631 0.0496247 0.261284 9.9982E-05 9.9982E-05 0.658328
0.0960786 0.0418978 0.109412 9.9991E-05 0.0297417 0.72277
0.118119 0.00486233 0.571578 9.9991E-05 0.0690484 0.236292
0.0920728 0.0399196 0.715722 9.9991E-05 0.00584568 0.14634
0.0174078 0.00359822 0.660132 0.128339 9.9991E-05 0.190423
0.0457995 0.0609928 0.667661 9.9991E-05 0.0228052 0.202641
0.102921 0.0588003 0.625638 9.9982E-05 9.9982E-05 0.21244
0.123838 0.0441813 0.595574 9.9991E-05 0.00671082 0.229596
0.0469603 9.9982E-05 0.686233 0.105049 9.9982E-05 0.161558
0.0651865 0.0263533 0.655326 0.0809166 0.00597866 0.166239
0.0331336 0.044945 0.71929 0.0043788 0.0286627 0.16959
0.0155454 0.0341158 0.656164 0.0400664 0.0507069 0.203402
9.9982E-05 0.000668917 0.611066 0.183136 9.9982E-05 0.204929
0.0494572 0.0336334 0.643984 9.9991E-05 0.0576479 0.215177
0.0297198 9.9973E-05 9.9973E-05 9.9973E-05 0.0037007 0.96628
9.9964E-05 9.9964E-05 9.9964E-05 0.0227785 9.9964E-05 0.976822
9.9964E-05 9.9964E-05 9.9964E-05 0.0222761 9.9964E-05 0.977324
0.00388484 0.0244547 0.000966362 9.9982E-05 9.9982E-05 0.970494
0.056162 0.00681183 9.9982E-05 9.9982E-05 0.00477845 0.932048
0.0750191 0.0390244 9.9982E-05 0.0133451 9.9982E-05 0.872411
0.0485238 0.00592454 0.0434048 9.9982E-05 9.9982E-05 0.901947
0.00463032 0.0177582 0.0261569 9.9991E-05 0.0271686 0.924186
9.9964E-05 9.9964E-05 9.9964E-05 0.0459884 9.9964E-05 0.953612
9.9964E-05 9.9964E-05 9.9964E-05 0.0481446 9.9964E-05 0.951456
9.9964E-05 9.9964E-05 9.9964E-05 9.9964E-05 0.0230973 0.976503
0.0437392 0.0168914 9.9973E-05 9.9973E-05 9.9973E-05 0.93907
0.0506089 0.0946288 0.0529299 0.198438 0.587847 0.0155474
0.036271 0.0939673 0.0126575 0.211132 0.634611 0.0113612
0.00849671 0.0260547 9.9982E-05 0.20595 0.759298 9.9982E-05
0.0471817 0.097696 0.0594682 0.13057 0.630206 0.0348787
0.0654775 0.0667664 0.0362921 0.260815 0.570549 9.9991E-05
0.104734 0.0840059 0.0657725 0.0182633 0.66959 0.0576336
0.079209 9.9982E-05 9.9982E-05 0.0492888 0.846722 0.02458
0.0927855 0.00965253 9.9991E-05 0.0607441 0.795472 0.0412455
9.9973E-05 0.00821573 9.9973E-05 0.273931 0.717553 9.9973E-05
0.101404 0.0148578 0.0170559 9.9991E-05 0.829829 0.0367534
0.00942824 0.0321783 0.0102183 0.0744163 0.862237 0.0115218
9.9973E-05 0.000880804 9.9973E-05 0.12481 0.874009 9.9973E-05
0.0192033 0.0302319 0.00694627 0.140412 0.803107 9.9991E-05
9.9964E-05 9.9964E-05 9.9964E-05 0.342143 0.657457 9.9964E-05
0.165393 0.0403374 0.0608367 9.9991E-05 0.718023 0.0153102
0.0359219 9.9982E-05 0.806996 9.9982E-05 0.118324 0.0385586
0.106194 0.0295113 0.472338 9.9991E-05 0.0743772 0.31748
0.0173749 0.0151852 0.799455 9.9991E-05 0.109045 0.0588395
0.0450186 0.00313783 0.723656 0.0520103 0.0910068 0.0851707
0.115719 9.9982E-05 0.605371 9.9982E-05 0.127889 0.150821
0.0308647 0.0337876 0.597963 9.9991E-05 0.0837705 0.253514
0.029522 9.9991E-05 0.666371 0.0474719 0.111325 0.14521
0.0393717 0.0223201 0.738454 0.0807656 9.9991E-05 0.118988
0.267503 0.0923843 0.0576156 0.348788 0.156945 0.0767645
0.237671 0.00821709 9.9991E-05 0.544253 0.206904 0.00285501
0.0331591 9.9964E-05 9.9964E-05 0.966441 9.9964E-05 9.9964E-05
0.174115 0.0278473 0.210657 0.249791 0.292788 0.0448011
0.220608 0.00128233 0.0622967 0.333631 0.316571 0.065611
0.324175 0.0135764 0.096664 0.21251 0.352974 9.9991E-05
0.0736845 9.9964E-05 9.9964E-05 0.925916 9.9964E-05 9.9964E-05
0.147697 0.0249562 9.9982E-05 0.81969 9.9982E-05 0.00745634
0.284523 0.0339503 0.0972269 0.34893 0.226178 0.00919162
0.277058 0.0567168 0.0946816 0.283697 0.25251 0.0353377
0.238502 0.0532176 0.0309703 0.417518 0.221114 0.0386774
0.341785 0.0135011 0.0617699 0.231092 0.311734 0.0401175
0.295769 0.00728812 0.0433632 0.39193 0.220467 0.041182
0.395051 0.05829 0.0480809 0.188577 0.242431 0.0675696
0.404803 9.9991E-05 0.0351087 0.211714 0.300385 0.0478883
0.377243 0.0484942 0.0642555 0.29578 0.202482 0.0117458
0.380295 9.9982E-05 9.9982E-05 0.25902 0.317559 0.042926
0.345115 0.0325593 0.0441597 0.214032 0.338354 0.0257809
0.295059 0.0406185 0.0378004 0.398928 0.197057 0.0305373
0.321054 0.0600582 0.0339694 0.297809 0.258825 0.0282844
0.408635 0.0587573 0.0906381 0.073981 0.278061 0.0899267
0.30079 0.0638134 0.114271 0.277133 0.193394 0.050599
0.412241 0.0469307 0.0400383 0.27293 0.194829 0.03303
