0.043296 9.9982E-05 0.0153013 0.00986457 0.0515612 0.119929 0.7376 9.9982E-05 0.0222475
9.9973E-05 9.9973E-05 0.0159398 0.000810261 0.0418087 0.157595 0.773285 9.9973E-05 0.0102605
0.0446738 0.0072805 0.0142557 9.9982E-05 0.026994 0.0756387 0.827063 9.9982E-05 0.00389445
9.9964E-05 0.00470614 9.9964E-05 9.9964E-05 0.184064 9.9964E-05 0.598923 0.151129 0.0607784
9.9937E-05 9.9937E-05 9.9937E-05 9.9937E-05 9.9937E-05 9.9937E-05 0.877947 0.121354 9.9937E-05
9.9937E-05 9.9937E-05 9.9937E-05 9.9937E-05 9.9937E-05 9.9937E-05 0.972153 0.0271477 9.9937E-05
9.9982E-05 0.0424781 0.0402888 9.9982E-05 0.362198 0.0837225 0.351595 0.0595144 0.0600037
9.99684E-05 9.99684E-05 9.99684E-05 0.0240179 0.147436 0.100758 0.635571 9.99684E-05 0.0918165
9.9964E-05 9.9964E-05 9.9964E-05 0.0266287 0.175224 0.0784719 0.643804 9.9964E-05 0.0754713
9.993E-05 9.993E-05 0.999201 9.993E-05 9.993E-05 9.993E-05 9.993E-05 9.993E-05 9.993E-05
0.0529984 0.0157707 0.105967 9.9973E-05 9.9973E-05 0.650915 0.0469705 0.127078 9.9973E-05
0.0349409 9.9973E-05 0.096815 9.9973E-05 0.103137 0.585163 9.9973E-05 0.117416 0.0622285
9.9964E-05 9.9964E-05 0.600517 0.0346494 0.05628 0.174101 9.9964E-05 9.9964E-05 0.134053
9.9964E-05 0.00104948 0.70892 9.9964E-05 0.08556 0.136058 9.9964E-05 9.9964E-05 0.0680122
9.9937E-05 9.9937E-05 0.983377 9.9937E-05 9.9937E-05 9.9937E-05 9.9937E-05 0.0159238 9.9937E-05
0.0648671 9.9982E-05 0.34588 0.0204363 0.020852 0.504634 0.0097933 9.9982E-05 0.0333374
9.993E-05 9.993E-05 0.999201 9.993E-05 9.993E-05 9.993E-05 9.993E-05 9.993E-05 9.993E-05
0.0350723 9.9973E-05 0.674391 0.0264589 0.0177266 0.231734 9.9973E-05 9.9973E-05 0.0143179
9.9964E-05 9.9964E-05 0.771252 0.0147549 0.0435865 0.107438 9.9964E-05 9.9964E-05 0.062568
0.0283438 9.9982E-05 0.0855462 9.9982E-05 0.0718191 0.526442 0.0221667 0.169648 0.0958347
9.993E-05 9.993E-05 0.999201 9.993E-05 9.993E-05 9.993E-05 9.993E-05 9.993E-05 9.993E-05
0.177778 0.0326493 0.00886444 0.0548648 0.0135875 0.601154 0.0131993 0.0336773 0.0642259
0.0593319 0.039021 9.9982E-05 0.0192654 9.9982E-05 0.645093 0.124637 0.100441 0.0120107
0.0595327 0.0346653 0.0175619 0.0227208 9.9991E-05 0.472872 0.0193255 0.337685 0.0355366
9.9946E-05 0.0342355 9.9946E-05 9.9946E-05 9.9946E-05 0.775107 9.9946E-05 0.190058 9.9946E-05
0.114525 0.0300656 0.0161678 9.9982E-05 0.0821588 0.373863 9.9982E-05 0.32389 0.05913
0.127024 0.0211854 0.016009 0.0261957 9.9982E-05 0.493992 9.9982E-05 0.252463 0.0629314
0.0557245 0.0103256 9.9982E-05 0.0277073 0.0306736 0.766875 9.9982E-05 0.0405407 0.0679533
0.0994477 0.043079 0.0303642 0.0299166 9.9982E-05 0.57703 0.0453174 0.174645 9.9982E-05
0.0288663 0.0354993 0.0157904 0.0339807 0.0357187 0.750482 9.9991E-05 0.0727082 0.0268547
0.0518311 0.0314441 0.0263938 0.014812 9.9991E-05 0.725877 0.0406798 0.0680775 0.0407844
0.0329159 0.0339807 9.9973E-05 0.183741 0.604274 0.0736376 0.0711509 9.9973E-05 9.9973E-05
0.00704123 9.9964E-05 9.9964E-05 0.0338925 0.671334 0.159399 0.127934 9.9964E-05 9.9964E-05
0.00153176 0.0447395 9.9973E-05 0.074567 0.672974 0.122414 0.0834736 9.9973E-05 9.9973E-05
9.9946E-05 0.0161334 9.9946E-05 9.9946E-05 0.950907 9.9946E-05 9.9946E-05 0.0323599 9.9946E-05
9.9955E-05 9.9955E-05 9.9955E-05 0.0846931 0.75029 0.120229 9.9955E-05 9.9955E-05 0.0442882
0.0283736 0.0337698 9.9964E-05 0.0781999 0.85202 9.9964E-05 9.9964E-05 0.00723693 9.9964E-05
9.9946E-05 9.9946E-05 9.9946E-05 9.9946E-05 0.880218 0.0458197 9.9946E-05 9.9946E-05 0.0733627
9.9955E-05 9.9955E-05 0.0120859 9.9955E-05 0.950219 9.9955E-05 9.9955E-05 0.000696744 0.0364984
9.9964E-05 9.9964E-05 0.0216029 0.088596 0.668609 9.9964E-05 0.0444918 0.1763 9.9964E-05
0.0484277 0.00976654 9.9955E-05 0.0176169 0.923689 9.9955E-05 9.9955E-05 9.9955E-05 9.9955E-05
0.0109778 0.878641 0.0144625 9.9973E-05 9.9973E-05 0.0534983 9.9973E-05 0.00980511 0.0323153
0.00721326 0.679648 9.9964E-05 9.9964E-05 0.00562571 0.00649963 9.9964E-05 9.9964E-05 0.300614
9.9964E-05 0.815785 9.9964E-05 0.0198944 9.9964E-05 0.0672192 0.00256916 9.9964E-05 0.094132
9.99549E-05 0.720681 9.99549E-05 0.0122906 9.99549E-05 0.0945496 9.99549E-05 9.99549E-05 0.171979
9.9964E-05 0.734757 9.9964E-05 0.00777537 9.9964E-05 0.0985833 0.0229473 9.9964E-05 0.135538
9.99639E-05 0.828594 9.99639E-05 0.0280751 9.99639E-05 0.0872077 0.00965782 9.99639E-05 0.0460653
0.0199402 0.563182 9.9973E-05 0.0147392 0.0506083 0.108736 9.9973E-05 9.9973E-05 0.242495
9.9964E-05 0.849419 0.0213572 9.9964E-05 9.9964E-05 0.012006 0.0223009 9.9964E-05 0.0945169
9.993E-05 0.999201 9.993E-05 9.993E-05 9.993E-05 9.993E-05 9.993E-05 9.993E-05 9.993E-05
9.9955E-05 0.687887 9.9955E-05 9.9955E-05 0.0321441 0.0150581 9.9955E-05 9.9955E-05 0.264411
9.993E-05 0.999201 9.993E-05 9.993E-05 9.993E-05 9.993E-05 9.993E-05 9.993E-05 9.993E-05
9.993E-05 0.999201 9.993E-05 9.993E-05 9.993E-05 9.993E-05 9.993E-05 9.993E-05 9.993E-05
0.947789 0.00443583 9.9955E-05 0.0368513 9.9955E-05 9.9955E-05 9.9955E-05 9.9955E-05 0.0104244
0.680609 0.0224999 0.0176622 0.0399807 9.9982E-05 0.118074 0.0117213 0.109253 9.9982E-05
0.479315 0.0640039 0.0039038 9.9973E-05 0.112244 0.232353 9.9973E-05 0.107881 9.9973E-05
0.800867 0.0364667 0.0279946 9.9973E-05 9.9973E-05 0.0732672 0.0600844 9.9973E-05 0.00102054
0.583459 0.0826542 9.9982E-05 0.0410469 9.9982E-05 0.177215 0.0298979 0.0836072 0.00191982
0.674836 0.0454618 0.0316262 0.0346737 9.9991E-05 0.0383667 0.031131 0.0906811 0.0531234
0.786726 9.9964E-05 9.9964E-05 0.0362409 0.0678118 0.0158752 9.9964E-05 9.9964E-05 0.0929467
0.752061 0.0222929 0.00205256 0.0269816 0.0439183 0.0997306 9.9982E-05 9.9982E-05 0.0527632
0.0138172 0.0173479 9.9964E-05 9.9964E-05 0.155368 9.9964E-05 0.387176 0.425892 9.9964E-05
9.9946E-05 9.9946E-05 9.9946E-05 9.9946E-05 0.34945 9.9946E-05 0.178847 0.471104 9.9946E-05
9.9973E-05 9.9973E-05 9.9973E-05 0.00335576 0.38132 0.0967161 0.19314 0.253719 0.07145
9.9973E-05 0.00542 0.0127818 9.9973E-05 0.332838 9.9973E-05 0.303655 0.322503 0.0225022
9.9955E-05 9.9955E-05 9.9955E-05 9.9955E-05 0.323073 9.9955E-05 0.0795342 0.523593 0.0733004
0.0446405 9.9991E-05 0.0516811 0.0266041 0.323343 0.0659229 0.21833 0.211916 0.0574633
0.000434898 0.0233135 9.9973E-05 9.9973E-05 0.337149 0.134891 0.261143 0.242769 9.9973E-05
9.9973E-05 0.0261451 0.00952234 9.9973E-05 0.47091 9.9973E-05 0.0988104 0.371277 0.0230347
0.0154183 9.9973E-05 9.9973E-05 9.9973E-05 0.431649 0.10286 0.147798 0.201147 0.100827
9.9973E-05 0.0309603 9.9973E-05 9.9973E-05 0.270028 0.0849586 0.375387 0.234706 0.00365963
9.9946E-05 9.9946E-05 9.9946E-05 9.9946E-05 0.245566 9.9946E-05 0.169831 0.584004 9.9946E-05
0.0351004 9.9982E-05 0.11424 0.0127556 0.134724 0.57394 9.9982E-05 0.0183383 0.110702
0.0107811 0.00465014 0.0756948 0.0132484 0.106169 0.716712 0.0118007 9.9991E-05 0.0608441
9.9973E-05 9.9973E-05 0.10562 0.0806121 0.00827289 0.640054 0.0959396 9.9973E-05 0.0692021
0.0205675 9.9973E-05 0.0960944 0.0141793 0.156478 0.626829 9.9973E-05 9.9973E-05 0.085552
0.000829615 0.00514687 0.134473 9.9973E-05 9.9973E-05 0.45313 9.9973E-05 0.360637 0.0454836
0.0427959 0.0200925 0.097784 9.9973E-05 9.9973E-05 0.605087 0.044946 0.188995 9.9973E-05
0.110491 0.0133743 0.128093 9.9964E-05 9.9964E-05 0.539303 9.9964E-05 0.208338 9.9964E-05
0.0647497 9.9964E-05 0.147731 0.0318441 9.9964E-05 0.66061 9.9964E-05 0.0946656 9.9964E-05
0.171253 0.0254375 0.0950236 9.9973E-05 9.9973E-05 0.448689 0.0537475 0.205549 9.9973E-05
0.000111098 0.022434 0.0768319 0.0256741 9.9982E-05 0.596021 0.00462708 0.274101 9.9982E-05
0.0111057 9.9973E-05 0.0496954 9.9973E-05 0.118423 0.599036 9.9973E-05 0.0872776 0.134163
0.0491585 0.00687235 0.100123 9.9973E-05 9.9973E-05 0.561477 9.9973E-05 0.232909 0.0491601
9.9946E-05 0.0703609 9.9946E-05 9.9946E-05 9.9946E-05 9.9946E-05 9.9946E-05 0.0374125 0.891627
9.9955E-05 0.0338736 0.0194997 9.9955E-05 9.9955E-05 9.9955E-05 0.0118449 9.9955E-05 0.934282
9.9946E-05 0.0815687 9.9946E-05 9.9946E-05 9.9946E-05 9.9946E-05 9.9946E-05 0.0843379 0.833494
9.9937E-05 0.000474171 9.9937E-05 9.9937E-05 9.9937E-05 9.9937E-05 9.9937E-05 9.9937E-05 0.998826
9.993E-05 9.993E-05 9.993E-05 9.993E-05 9.993E-05 9.993E-05 9.993E-05 9.993E-05 0.999201
9.9955E-05 0.109945 9.9955E-05 9.9955E-05 9.9955E-05 0.12162 0.0203489 9.9955E-05 0.747586
9.9946E-05 0.0153153 9.9946E-05 9.9946E-05 0.0283656 9.9946E-05 9.9946E-05 9.9946E-05 0.955719
0.022495 9.9955E-05 9.9955E-05 9.9955E-05 0.05318 0.0122876 9.9955E-05 9.9955E-05 0.911538
9.9946E-05 9.9946E-05 0.0203467 0.0120724 9.9946E-05 9.9946E-05 9.9946E-05 9.9946E-05 0.966981
9.993E-05 9.993E-05 9.993E-05 9.993E-05 9.993E-05 9.993E-05 9.993E-05 0.999201 9.993E-05
0.0105993 9.9955E-05 9.9955E-05 9.9955E-05 0.11863 9.9955E-05 9.9955E-05 0.831116 0.0391554
9.9964E-05 0.0403354 0.0187669 9.9964E-05 0.0317547 9.9964E-05 0.326957 0.581786 9.9964E-05
9.9973E-05 0.00789059 9.9973E-05 0.000500866 0.0955031 0.147215 0.222406 0.526184 9.9973E-05
9.9973E-05 9.9973E-05 0.00794854 9.9973E-05 0.267895 0.198205 0.0415979 0.383049 0.101005
9.9973E-05 9.9973E-05 9.9973E-05 0.0175223 0.184873 0.320894 0.0375387 0.341764 0.0971072
9.9973E-05 9.9973E-05 0.0292065 0.0618654 9.9973E-05 0.101308 0.049232 0.727159 0.0309288
9.99549E-05 9.99549E-05 0.00218792 0.00717367 9.99549E-05 9.99549E-05 9.99549E-05 0.97964 0.0104984
0.0659397 9.9973E-05 0.00842517 9.9973E-05 0.183181 9.9973E-05 0.0895486 0.640309 0.0122964
9.9946E-05 0.0169085 9.9946E-05 9.9946E-05 9.9946E-05 0.115984 9.9946E-05 0.866507 9.9946E-05
0.075191 9.9964E-05 9.9964E-05 9.9964E-05 0.148849 0.0749786 9.9964E-05 0.671835 0.0287471
9.9955E-05 9.9955E-05 0.00670004 9.9955E-05 0.135156 9.9955E-05 9.9955E-05 0.816256 0.0413886
0.762509 9.9964E-05 0.00177862 9.9964E-05 0.0973948 0.0294811 9.9964E-05 9.9964E-05 0.108436
0.814577 0.0362509 9.9955E-05 9.9955E-05 9.9955E-05 0.130631 0.0180414 9.9955E-05 9.9955E-05
0.53988 9.9955E-05 9.9955E-05 9.9955E-05 0.171332 0.16767 9.9955E-05 9.9955E-05 0.120617
0.684972 9.9955E-05 9.9955E-05 9.9955E-05 0.117635 0.0521984 9.9955E-05 9.9955E-05 0.144695
0.709886 0.028213 0.0233994 9.9955E-05 9.9955E-05 9.9955E-05 9.9955E-05 0.238001 9.9955E-05
0.569507 9.9973E-05 0.0214983 0.0318334 0.0971122 0.125127 9.9973E-05 9.9973E-05 0.154622
0.689444 0.0341501 9.9964E-05 9.9964E-05 9.9964E-05 0.229974 0.0064567 9.9964E-05 0.0395755
0.661468 9.9955E-05 9.9955E-05 9.9955E-05 0.108447 0.113216 9.9955E-05 9.9955E-05 0.116369
0.83415 0.0252704 9.9973E-05 9.9973E-05 9.9973E-05 0.0623076 0.0532245 0.0196124 0.00513523
0.805557 9.9964E-05 9.9964E-05 0.0137738 0.0228979 0.143849 9.9964E-05 9.9964E-05 0.0135221
0.782286 0.04014 0.0228865 0.00642395 0.0410894 0.0686768 9.9982E-05 0.0382978 9.9982E-05
9.9955E-05 9.9955E-05 9.9955E-05 0.749266 0.0236748 9.9955E-05 0.0532592 0.1733 9.9955E-05
9.9973E-05 0.00140787 0.00275865 0.652988 0.163745 9.9973E-05 0.0359058 0.142895 9.9973E-05
0.0506846 0.0290046 0.00425381 0.634622 0.267706 9.9982E-05 9.9982E-05 0.00160621 0.0119227
9.9991E-05 0.000255286 0.00499929 0.55955 0.202627 0.0883481 0.0787033 0.00762992 0.0577874
9.9964E-05 9.9964E-05 9.9964E-05 0.573635 0.170176 0.119774 0.0685902 9.9964E-05 0.0674247
9.99639E-05 9.99639E-05 9.99639E-05 0.565284 0.202839 0.133649 0.0113552 9.99639E-05 0.0864732
9.9964E-05 9.9964E-05 9.9964E-05 0.586383 0.21864 0.147017 0.00330214 9.9964E-05 0.0442572
0.0451702 0.0168116 0.00846937 0.738179 0.0921048 0.0017827 0.097282 9.9982E-05 9.9982E-05
9.9955E-05 9.9955E-05 9.9955E-05 0.635024 0.146986 9.9955E-05 0.0746672 0.142823 9.9955E-05
9.9964E-05 9.9964E-05 9.9964E-05 0.615376 0.223573 0.105738 0.0242853 9.9964E-05 0.0306278
9.9964E-05 9.9964E-05 9.9964E-05 0.582693 0.23228 0.039069 0.0617472 9.9964E-05 0.0838105
9.99639E-05 9.99639E-05 9.99639E-05 0.660392 0.118281 0.145137 0.0318986 9.99639E-05 0.0438912
9.9964E-05 0.0237855 9.9964E-05 0.0733814 0.616647 0.182491 0.103294 9.9964E-05 9.9964E-05
0.0232 9.9964E-05 0.0369218 9.9964E-05 0.873988 0.015518 9.9964E-05 9.9964E-05 0.0499723
9.9982E-05 0.0264054 0.0115807 0.0136244 0.697149 0.0302017 0.147932 0.0729072 9.9982E-05
0.0312443 0.0183861 0.016508 0.0316385 0.77885 9.9991E-05 0.0300406 0.039235 0.0539976
9.9955E-05 9.9955E-05 0.0287785 9.9955E-05 0.840178 0.0524422 9.9955E-05 9.9955E-05 0.0781018
9.9982E-05 0.0240837 0.0157838 0.0668676 0.632369 0.145772 0.0924925 9.9982E-05 0.0224313
0.0128904 0.00430459 0.0242805 0.00339952 0.729597 0.034814 0.0996087 0.0910057 9.9991E-05
0.0150607 0.0209748 0.00506589 0.0114654 0.685157 0.0610143 0.116391 0.084771 9.9991E-05
0.0389135 0.011208 0.00824862 9.9982E-05 0.882958 0.0116281 9.9982E-05 0.0159083 0.0309351
0.00652517 9.9973E-05 9.9973E-05 0.00361056 0.834678 0.0588674 9.9973E-05 0.0379275 0.0580911
0.0138047 0.0342211 0.00979176 0.0471163 0.712051 9.9982E-05 0.0376319 0.145183 9.9982E-05
9.9955E-05 9.9955E-05 9.9955E-05 0.0278665 0.815356 0.0869185 9.9955E-05 9.9955E-05 0.0693598
0.0199359 9.9964E-05 0.0016508 0.927386 9.9964E-05 9.9964E-05 0.0302827 0.0203452 9.9964E-05
0.00257201 9.9946E-05 9.9946E-05 0.949441 9.9946E-05 9.9946E-05 9.9946E-05 0.047387 9.9946E-05
9.9937E-05 9.9937E-05 9.9937E-05 0.945619 9.9937E-05 9.9937E-05 9.9937E-05 0.0536818 9.9937E-05
9.9964E-05 0.0043574 9.9964E-05 0.889196 0.0647983 0.0142281 9.9964E-05 9.9964E-05 0.02702
9.9955E-05 9.9955E-05 9.9955E-05 0.89389 9.9955E-05 0.0882605 0.00204407 9.9955E-05 0.0153053
9.9955E-05 9.9955E-05 9.9955E-05 0.827682 0.0169808 0.0906902 9.9955E-05 9.9955E-05 0.0641472
9.9973E-05 9.9973E-05 0.00713611 0.84911 0.0523219 0.0453166 0.0256652 9.9973E-05 0.0201506
9.9955E-05 9.9955E-05 9.9955E-05 0.860658 0.0501912 0.038862 9.9955E-05 9.9955E-05 0.0497888
9.9937E-05 9.9937E-05 9.9937E-05 0.907781 9.9937E-05 9.9937E-05 9.9937E-05 0.0915194 9.9937E-05
9.9937E-05 9.9937E-05 9.9937E-05 0.914258 9.9937E-05 9.9937E-05 9.9937E-05 0.0850425 9.9937E-05
0.0433749 0.00731201 0.00398642 0.944827 9.9955E-05 9.9955E-05 9.9955E-05 9.9955E-05 9.9955E-05
9.9955E-05 0.0144691 9.9955E-05 0.894295 9.9955E-05 0.0878468 9.9955E-05 9.9955E-05 0.00288927
0.517258 0.00881635 9.9982E-05 0.0110362 0.0534474 0.107005 9.9982E-05 0.173336 0.128901
0.619698 0.0410919 0.00183687 9.99859E-05 0.043555 0.0330323 9.99859E-05 0.159467 0.101119
0.758582 0.0605821 0.0211348 9.9964E-05 9.9964E-05 9.9964E-05 0.0248761 0.134425 9.9964E-05
0.555231 0.0243595 9.9991E-05 0.0186517 0.0357848 0.120254 0.0388056 0.0793206 0.127493
0.583161 0.049552 0.0348474 9.9991E-05 0.00617852 0.089638 0.0432324 0.154441 0.0388502
0.50815 9.9973E-05 9.9973E-05 0.0249672 0.057616 0.214771 0.0575254 9.9973E-05 0.13667
0.759385 0.0261122 0.0105956 0.0305421 9.9964E-05 0.172965 9.9964E-05 9.9964E-05 9.9964E-05
0.709807 0.0153488 0.0206397 0.0191481 9.9991E-05 0.137098 0.0567986 0.0172837 0.0237762
0.714064 0.0423736 9.9955E-05 9.9955E-05 9.9955E-05 9.9955E-05 0.0255568 0.217506 9.9955E-05
0.720022 0.040563 0.0123243 0.0343368 9.9982E-05 0.151033 0.0356599 9.9982E-05 0.00586176
0.7858 0.0499388 9.9964E-05 9.9964E-05 0.0866027 9.9964E-05 9.9964E-05 0.0717944 0.00546448
0.838339 0.0466989 0.00483675 0.00763389 9.9973E-05 9.9973E-05 0.0263213 0.0758698 9.9973E-05
0.726297 0.0617665 9.9964E-05 9.9964E-05 9.9964E-05 0.0508365 0.0545185 0.106181 9.9964E-05
0.682469 0.0206495 9.9946E-05 9.9946E-05 9.9946E-05 9.9946E-05 9.9946E-05 0.296282 9.9946E-05
0.575677 0.0200883 0.0261764 0.0026451 0.00370574 0.225025 0.0855431 9.9991E-05 0.0610397
0.00832265 9.9937E-05 9.9937E-05 9.9937E-05 9.9937E-05 9.9937E-05 0.990978 9.9937E-05 9.9937E-05
9.9964E-05 9.9964E-05 9.9964E-05 0.277854 0.00191727 0.0915809 0.570181 9.9964E-05 0.0580673
9.99459E-05 9.99459E-05 9.99459E-05 0.0104123 9.99459E-05 9.99459E-05 0.976211 9.99459E-05 0.0127767
9.9964E-05 9.9964E-05 9.9964E-05 0.0632589 0.0134542 0.0313797 0.859826 9.9964E-05 0.0316813
9.99549E-05 9.99549E-05 9.99549E-05 0.115588 0.105102 0.201893 0.576917 9.99549E-05 9.99549E-05
0.00642488 9.9964E-05 9.9964E-05 0.198344 0.152383 9.9964E-05 0.555832 9.9964E-05 0.0866166
0.0345374 9.99698E-05 0.0203427 0.130613 9.99698E-05 9.99698E-05 0.77356 0.0405467 9.99698E-05
9.9964E-05 0.00192795 9.9964E-05 0.0791967 9.9964E-05 9.9964E-05 0.905739 0.00619161 0.00654514
9.9964E-05 9.9964E-05 9.9964E-05 0.0127597 0.0956054 0.640257 9.9964E-05 0.126199 0.124779
0.0407426 9.9964E-05 0.0121157 9.9964E-05 9.9964E-05 0.602715 9.9964E-05 0.304969 0.0390572
9.9946E-05 0.00140849 9.9946E-05 9.9946E-05 9.9946E-05 0.442208 9.9946E-05 0.555784 9.9946E-05
0.124718 0.0178444 9.9982E-05 9.9982E-05 0.116477 0.461325 0.122331 0.122099 0.0350055
0.159099 0.0231929 0.0132814 0.0384689 0.00220603 0.515411 0.0621038 0.186137 9.9991E-05
0.112677 0.0301325 0.0203137 9.9982E-05 0.00460262 0.678573 0.0931513 0.0603498 9.9982E-05
9.9955E-05 0.0122817 0.000802692 9.9955E-05 9.9955E-05 0.433605 9.9955E-05 0.55281 9.9955E-05
9.9955E-05 9.9955E-05 0.00905149 9.9955E-05 9.9955E-05 0.498354 9.9955E-05 0.452691 0.0394041
0.0589005 0.00403047 0.0439583 9.9991E-05 0.0194402 0.566596 0.0950686 0.166303 0.0456029
0.0617684 0.0363126 0.0445402 9.9982E-05 0.10869 0.560259 9.9982E-05 0.148343 0.0398873
0.0576876 0.00958816 0.0311364 0.0153984 0.0316351 0.540389 0.0147567 0.234617 0.0647911
0.0613124 0.0218603 0.0182977 9.9982E-05 9.9982E-05 0.739321 0.108334 0.0380571 0.0126172
0.0191442 0.0396537 0.0470228 0.0180923 9.9982E-05 0.598206 0.0596786 0.218003 9.9982E-05
9.9964E-05 0.0387161 9.9964E-05 0.0184802 0.0210061 0.886088 0.0353097 9.9964E-05 9.9964E-05
0.031983 9.9991E-05 0.0321324 0.00672113 0.030763 0.814746 0.0150606 0.0355288 0.0329656
9.9964E-05 0.048248 0.00422837 9.9964E-05 9.9964E-05 0.861421 0.0707151 0.0149872 9.9964E-05
0.0686115 0.0154569 0.0468667 9.9973E-05 0.000674454 0.756959 9.9973E-05 0.111132 9.9973E-05
0.084815 0.0471696 0.0383236 9.9973E-05 9.9973E-05 0.683634 0.0786895 0.0670681 9.9973E-05
0.00827221 0.0417173 0.0284159 9.9982E-05 0.0610819 0.659285 9.9982E-05 0.181657 0.0193703
0.0215467 9.9973E-05 0.0345291 9.9973E-05 0.0567094 0.655916 9.9973E-05 0.122414 0.108585
9.9973E-05 9.9973E-05 0.046848 0.0414672 0.0500773 0.727018 0.0446665 9.9973E-05 0.0896232
0.000503237 9.9973E-05 0.0250086 9.9973E-05 0.14455 0.596296 9.9973E-05 0.112024 0.121318
9.9955E-05 0.0367328 9.9955E-05 9.9955E-05 0.00701642 0.921106 0.0346447 9.9955E-05 9.9955E-05
