0.443968 0.0323762 0.523656
0.465776 0.00855495 0.525669
0.451728 0.0262991 0.521973
0.375013 0.0693553 0.555631
0.487198 9.9991E-05 0.512702
0.447649 0.0221318 0.530219
0.387312 0.0946605 0.518027
0.386503 0.0730681 0.540429
0.32613 0.0716729 0.602197
0.9998 9.999E-05 9.999E-05
0.891303 0.0496453 0.0590516
0.814302 0.0794918 0.106206
0.797981 0.0943115 0.107708
0.848451 0.063268 0.0882812
0.990111 0.00978852 9.9991E-05
0.885546 0.0478442 0.06661
0.951782 0.0284102 0.0198079
0.942702 0.00941181 0.0478864
0.896099 0.0396782 0.0642227
0.797308 0.0821731 0.120519
0.9998 9.999E-05 9.999E-05
0.743316 0.149699 0.106985
0.770858 0.0947451 0.134397
0.796806 0.0933735 0.10982
0.866256 0.0682603 0.0654838
0.762667 0.114703 0.12263
0.778203 0.126173 0.0956248
0.759922 0.113515 0.126563
0.800477 0.0831799 0.116343
0.777387 0.0965702 0.126043
0.793795 0.11131 0.0948947
0.208117 0.0411786 0.750704
0.334056 9.99983E-05 0.665844
0.298263 0.026516 0.675221
0.206829 0.0126664 0.780505
0.265449 0.0349133 0.699637
0.210434 0.0326122 0.756954
0.235454 0.0420557 0.72249
0.21178 0.0349303 0.75329
0.261831 9.9991E-05 0.738069
0.209195 0.0159202 0.774885
0.0382096 0.96169 9.9991E-05
9.9991E-05 0.992267 0.00763287
9.9991E-05 0.958058 0.0418418
0.0212349 0.951779 0.0269861
0.0415885 0.920009 0.0384025
0.0065473 0.939272 0.0541803
0.0997398 0.829191 0.0710689
0.00478152 0.995118 9.9991E-05
9.999E-05 0.9998 9.999E-05
9.9991E-05 0.963422 0.0364778
9.999E-05 0.9998 9.999E-05
9.999E-05 0.9998 9.999E-05
0.716419 0.219759 0.0638223
0.768932 0.164761 0.0663069
0.730811 0.161769 0.10742
0.788157 0.199117 0.0127256
0.715014 0.209755 0.0752316
0.714248 0.219238 0.0665143
0.662883 0.230895 0.106222
0.713362 0.227617 0.0590209
0.528608 9.9991E-05 0.471292
0.48235 9.9991E-05 0.51755
0.458842 0.0374442 0.503714
0.446227 0.0259094 0.527864
0.532832 0.0537127 0.413455
0.515129 0.0200811 0.46479
0.524773 0.0033173 0.47191
0.439862 0.0426239 0.517515
0.444662 0.0709332 0.484405
0.492075 0.0254884 0.482437
0.473149 9.9991E-05 0.526751
0.728934 0.118324 0.152742
0.758485 0.0862707 0.155245
0.706103 0.0836846 0.210213
0.712146 0.116027 0.171827
0.881559 0.058154 0.0602875
0.907109 0.0248868 0.0680046
0.927102 0.0234279 0.0494704
0.89141 0.0140906 0.0944993
0.870601 0.0682891 0.0611102
0.849612 0.0381171 0.112271
0.728803 0.108397 0.1628
0.874484 0.0758353 0.049681
0.123272 0.845685 0.031043
0.145431 0.820254 0.0343147
0.128384 0.871516 9.9991E-05
0.0608447 0.890949 0.0482061
0.0504892 0.91776 0.0317508
0.157064 0.780093 0.0628431
0.102387 0.82287 0.0747428
0.144939 0.760274 0.0947873
0.116658 0.792796 0.0905467
0.776591 9.9991E-05 0.223309
0.672739 0.0380428 0.289218
0.627009 0.0303882 0.342602
0.672262 9.9991E-05 0.327638
0.615305 0.0489374 0.335758
0.646553 0.0614067 0.29204
0.733386 0.0276334 0.238981
0.792768 0.00537227 0.201859
0.662006 9.9991E-05 0.337894
0.841918 0.0116401 0.146442
0.737109 0.00104281 0.261849
0.697586 0.0291143 0.2733
0.735515 0.202304 0.0621809
0.78434 0.204474 0.0111864
0.676339 0.186185 0.137477
0.664967 0.240218 0.0948146
0.808755 0.191145 9.9991E-05
0.66291 0.220819 0.116271
0.760819 0.217449 0.0217321
0.688781 0.234452 0.0767676
0.782564 0.207961 0.00947481
0.777434 0.181643 0.0409233
0.772495 0.192077 0.0354282
9.999E-05 9.999E-05 0.9998
0.0742027 0.000228229 0.925569
0.0101532 0.0617563 0.928091
0.111486 0.0497218 0.838792
0.075798 0.0665191 0.857683
0.064772 0.0759812 0.859247
0.0750761 0.0448077 0.880116
0.0201373 0.0146593 0.965203
0.054981 9.9991E-05 0.944919
0.0443517 0.0350934 0.920555
0.0439767 0.0488644 0.907159
0.0562985 0.071111 0.87259
0.322601 0.0225461 0.654853
0.289077 0.0432607 0.667663
0.298966 0.0113927 0.689642
0.259379 0.0629267 0.677695
0.259159 0.0594171 0.681424
0.294579 0.0445494 0.660872
0.334848 0.000774591 0.664377
0.316554 0.0224437 0.661002
0.254928 0.0469678 0.698104
0.265611 0.0556046 0.678785
0.32251 0.00876172 0.668728
0.237639 0.0602419 0.70212
9.999E-05 9.999E-05 0.9998
9.999E-05 9.999E-05 0.9998
9.999E-05 9.999E-05 0.9998
9.9991E-05 0.00995901 0.989941
9.9991E-05 0.0252856 0.974614
0.00594866 0.0593754 0.934676
9.9991E-05 0.00736508 0.992535
9.9991E-05 0.0188547 0.981045
9.999E-05 9.999E-05 0.9998
9.999E-05 9.999E-05 0.9998
9.999E-05 9.999E-05 0.9998
9.9991E-05 0.0350732 0.964827
0.691017 0.226588 0.0823954
0.690318 0.249099 0.0605825
0.776637 0.201609 0.0217543
0.646766 0.248499 0.104734
0.755834 0.188734 0.0554314
0.662884 0.222544 0.114572
0.793998 0.192275 0.0137271
0.767935 0.185363 0.0467021
0.792668 0.177873 0.0294586
0.7346 0.205612 0.0597879
0.729675 0.223327 0.0469977
0.765485 0.209746 0.0247694
0.757778 0.207396 0.0348257
0.810842 0.167887 0.0212707
0.71283 0.200992 0.0861782
0.37295 0.0180981 0.608952
0.25903 0.0553987 0.685571
0.349457 0.0350868 0.615457
0.370987 0.0199954 0.609017
0.380271 0.0167299 0.602999
0.240458 0.0563004 0.703242
0.359349 0.00842786 0.632223
0.307306 0.0325288 0.660165
0.698231 0.124192 0.177577
0.892232 0.0534304 0.0543372
0.941102 0.0217063 0.037192
0.693673 0.0860777 0.220249
0.780545 0.0619394 0.157515
0.8272 0.0829494 0.0898503
0.936101 0.0288954 0.0350041
0.856348 0.0557009 0.0879516
0.795082 0.0834351 0.121483
0.776871 0.0979348 0.125194
0.779408 0.0860188 0.134573
0.839321 0.0672026 0.093476
0.827171 0.0512952 0.121534
0.768268 0.0954868 0.136245
0.829435 0.0520462 0.118519
0.834151 0.0896224 0.0762266
0.865062 0.0560803 0.0788573
0.822224 0.0971353 0.080641
0.829997 0.0756134 0.0943896
0.797123 0.116532 0.0863449
0.709446 0.121619 0.168935
0.746281 0.0948673 0.158852
0.811788 0.076222 0.11199
