9.9982E-05 0.0304338 0.0951638 9.9982E-05 0.650469 0.119395 0.104338
9.9973E-05 0.0356352 9.9973E-05 9.9973E-05 0.642418 0.139764 0.181882
0.00156527 0.035927 0.0699617 9.9991E-05 0.626163 0.06073 0.205553
0.0652243 0.0194481 9.9973E-05 9.9973E-05 0.601313 9.9973E-05 0.313715
9.9964E-05 0.00524687 9.9964E-05 9.9964E-05 0.513485 9.9964E-05 0.480869
9.9964E-05 9.9964E-05 0.0162678 9.9964E-05 0.561133 9.9964E-05 0.422199
0.0851563 0.0397843 9.9982E-05 9.9982E-05 0.637606 0.0793232 0.15793
0.0630335 0.0130305 9.9982E-05 9.9982E-05 0.654978 0.0884127 0.180346
0.0497675 9.9973E-05 9.9973E-05 9.9973E-05 0.710442 0.0786309 0.16086
9.995E-05 0.9994 9.995E-05 9.995E-05 9.995E-05 9.995E-05 9.995E-05
9.9982E-05 0.109374 0.0388607 9.9982E-05 0.0157229 0.692642 0.1432
0.0472155 0.116007 0.0446665 0.00325995 0.10614 0.596761 0.08595
0.0607526 0.609369 9.9982E-05 0.0115088 0.11823 0.199939 9.9982E-05
0.0481905 0.712957 9.9973E-05 9.9973E-05 0.121574 0.116978 9.9973E-05
9.9955E-05 0.975843 9.9955E-05 9.9955E-05 9.9955E-05 9.9955E-05 0.0236568
9.9982E-05 0.353541 0.106152 0.00432283 0.0731681 0.462616 9.9982E-05
9.995E-05 0.9994 9.995E-05 9.995E-05 9.995E-05 9.995E-05 9.995E-05
9.9982E-05 0.679432 0.0596232 0.0148865 0.0568595 0.188999 9.9982E-05
0.0301539 0.803077 9.9982E-05 0.00216477 0.0746151 0.0897889 9.9982E-05
0.0351765 0.0862088 0.0633858 9.9991E-05 0.123616 0.574165 0.117349
9.995E-05 0.9994 9.995E-05 9.995E-05 9.995E-05 9.995E-05 9.995E-05
0.0559078 0.0164717 0.185373 0.040189 0.0617955 0.620826 0.0194371
0.0225675 0.00475598 0.0798291 0.030324 0.07397 0.665042 0.123511
0.0506491 0.00309891 0.0466624 0.0270185 9.9991E-05 0.549761 0.322711
0.00279636 9.9982E-05 0.00765797 0.0138397 9.9982E-05 0.833953 0.141553
0.0411065 0.00764544 0.140339 9.9991E-05 0.0576961 0.456107 0.297006
0.0470097 0.0274175 0.131045 0.0441088 9.9991E-05 0.539045 0.211275
0.0388167 9.9982E-05 0.0896432 0.0362411 0.0707092 0.76439 9.9982E-05
0.0276371 0.0444354 0.0895843 0.0498602 9.9991E-05 0.601023 0.18736
0.0299799 0.0196352 0.0708134 0.0486933 0.0653958 0.743509 0.0219738
0.0455964 0.0204263 0.0685733 0.0320282 0.0441729 0.755787 0.0334162
0.0146941 0.00823924 0.0363054 0.21828 0.662097 0.060284 9.9991E-05
9.9982E-05 9.9982E-05 0.0155968 0.0585335 0.7745 0.143249 0.00792143
0.00945948 0.00156902 0.016957 0.0985003 0.705491 0.105702 0.0623217
9.9964E-05 9.9964E-05 9.9964E-05 0.116691 0.760541 9.9964E-05 0.122368
0.0185173 9.9991E-05 0.0125876 0.139703 0.730987 0.0930928 0.005012
0.0161964 9.9982E-05 0.0162199 0.159976 0.71498 9.9982E-05 0.0924276
0.0304781 9.9991E-05 0.00237831 0.0493271 0.859119 0.0135019 0.0450956
0.0162151 9.9973E-05 9.9973E-05 0.0661666 0.823483 9.9973E-05 0.0938355
9.9973E-05 0.0158777 9.9973E-05 0.171817 0.523987 9.9973E-05 0.288018
9.9973E-05 9.9973E-05 0.0273516 0.0985221 0.821332 9.9973E-05 0.0524943
0.915076 0.0190855 0.00559811 9.9982E-05 9.9982E-05 0.0507688 0.00927162
0.941102 9.9991E-05 0.0266287 0.0055422 0.0065949 0.0124209 0.00761139
0.909782 9.9964E-05 9.9964E-05 0.036502 9.9964E-05 0.0533162 9.9964E-05
0.895325 9.9973E-05 9.9973E-05 0.0164374 0.00965258 0.0782847 9.9973E-05
0.87994 9.9973E-05 9.9973E-05 0.0235733 0.0171095 0.0790774 9.9973E-05
0.893465 0.000922991 9.9982E-05 0.0152424 0.0352929 0.0548772 9.9982E-05
0.769536 0.00284353 0.0423157 0.019868 0.0551761 0.110161 9.9991E-05
0.949195 0.0252911 0.0210564 9.9973E-05 9.9973E-05 0.00415743 9.9973E-05
0.975708 9.9955E-05 9.9955E-05 9.9955E-05 9.9955E-05 9.9955E-05 0.0237918
0.917973 9.9964E-05 9.9964E-05 9.9964E-05 0.0680317 0.0135952 9.9964E-05
0.9994 9.995E-05 9.995E-05 9.995E-05 9.995E-05 9.995E-05 9.995E-05
0.990243 9.9955E-05 9.9955E-05 9.9955E-05 9.9955E-05 9.9955E-05 0.00925675
9.9964E-05 9.9964E-05 0.943498 0.0188563 0.0372457 9.9964E-05 9.9964E-05
9.9982E-05 0.0109446 0.731927 0.0387133 9.9982E-05 0.0988236 0.119392
0.0411544 0.0170782 0.52275 0.00673799 0.0930929 0.215521 0.103665
9.9982E-05 0.037175 0.828362 0.0212488 9.9982E-05 0.0902048 0.0228094
0.0591326 9.9991E-05 0.596427 0.0332827 0.018108 0.185903 0.107047
0.0483674 0.0329143 0.709569 0.0368858 9.9991E-05 0.0638617 0.108302
0.0198077 9.9973E-05 0.83893 0.0163105 0.124652 9.9973E-05 9.9973E-05
0.0342376 0.0196535 0.784737 0.00970191 0.101801 0.0497699 9.9991E-05
9.9982E-05 0.0140991 0.0413328 0.0157734 0.310771 9.9982E-05 0.617824
9.9955E-05 9.9955E-05 9.9955E-05 9.9955E-05 0.346388 9.9955E-05 0.653112
0.0278496 0.0113775 9.9991E-05 0.00353321 0.494026 0.123793 0.339321
0.0147317 0.026924 9.9982E-05 0.032373 0.437448 9.9982E-05 0.488324
0.0391056 9.9973E-05 0.0247011 9.9973E-05 0.2973 9.9973E-05 0.638593
0.00958262 0.0456865 0.0616844 0.0336734 0.440567 0.0921414 0.316665
9.9973E-05 9.9973E-05 9.9973E-05 0.0122722 0.462012 0.160289 0.365127
0.0374673 0.0252994 9.9982E-05 0.0286941 0.415836 9.9982E-05 0.492503
0.0462722 9.9982E-05 0.0282392 9.9982E-05 0.515918 0.0987336 0.310637
0.0256721 0.00656064 0.0166258 0.0143486 0.485246 0.075823 0.375724
9.9955E-05 9.9955E-05 9.9955E-05 9.9955E-05 0.202568 9.9955E-05 0.796932
0.0582566 0.130883 0.0426842 0.0241998 0.158284 0.585593 9.9991E-05
0.0293218 0.0803842 9.9982E-05 0.00100851 0.164303 0.724783 9.9982E-05
0.0305127 0.128224 9.9982E-05 0.063933 0.156629 0.620501 9.9982E-05
0.0402962 0.110038 0.0468701 0.0204651 0.188068 0.594162 9.9991E-05
0.0210051 0.135844 0.027724 9.9982E-05 9.9982E-05 0.490394 0.324833
9.9982E-05 0.102794 0.028311 9.9982E-05 0.0132918 0.634917 0.220486
9.9973E-05 0.1322 0.136171 9.9973E-05 9.9973E-05 0.556295 0.175034
9.9982E-05 0.145701 0.0703526 0.0449586 9.9982E-05 0.674691 0.0640972
0.00214465 0.0851292 0.191456 9.9991E-05 0.0293926 0.488301 0.203476
9.9982E-05 0.0841225 0.0386317 0.0319495 9.9982E-05 0.605498 0.239599
0.05148 0.0611611 0.0390322 0.000208164 0.176067 0.634558 0.0374936
0.0238037 0.10541 0.0363782 9.9982E-05 9.9982E-05 0.60205 0.232159
0.779373 9.9973E-05 0.117971 9.9973E-05 0.0422971 0.0600593 9.9973E-05
0.761641 0.0170063 0.0441581 0.012597 0.0365626 0.127935 9.9991E-05
0.798226 9.9964E-05 0.0311467 9.9964E-05 9.9964E-05 9.9964E-05 0.170227
0.847178 0.00283338 0.00547737 0.00308051 0.0773224 0.0640082 9.9991E-05
0.843316 9.9973E-05 0.0220624 9.9973E-05 0.0544528 0.0798688 9.9973E-05
0.712328 9.9964E-05 9.9964E-05 9.9964E-05 0.0777174 0.209555 9.9964E-05
0.762963 9.9973E-05 9.9973E-05 0.00031638 0.0927378 0.143683 9.9973E-05
0.672244 9.9973E-05 0.0741127 9.9973E-05 0.129247 0.124097 9.9973E-05
0.728273 0.0240169 0.0229019 0.0146922 0.0816703 0.128346 9.9991E-05
9.99549E-05 9.99549E-05 9.99549E-05 9.99549E-05 9.99549E-05 0.108089 0.891411
0.0264119 0.00625627 0.0475444 0.0303356 9.9991E-05 0.0157594 0.873592
0.0310808 0.00290396 9.9982E-05 9.9982E-05 0.147963 0.0651837 0.752669
9.9973E-05 9.9973E-05 9.9973E-05 0.0208137 0.136101 0.20891 0.633876
0.044065 0.0150403 9.9991E-05 0.00923848 0.294075 0.252941 0.38454
0.0257248 0.0122686 0.0103317 0.0293956 0.221207 0.396711 0.304361
0.00586102 0.0429507 9.9982E-05 0.0437822 9.9982E-05 0.223002 0.684205
0.00529383 0.0134073 9.9973E-05 9.9973E-05 9.9973E-05 0.125517 0.855482
9.9991E-05 0.0243991 0.0655389 0.00393749 0.151294 0.0279877 0.726743
0.000575936 9.9964E-05 9.9964E-05 9.9964E-05 9.9964E-05 0.194054 0.80497
9.9982E-05 9.9982E-05 0.0746642 0.0119678 0.0667392 0.174721 0.671708
0.0388262 0.0175939 0.000552202 0.031961 9.9991E-05 0.064067 0.8469
0.00777745 9.9973E-05 0.813591 9.9973E-05 0.115773 0.0625583 9.9973E-05
9.9964E-05 9.9964E-05 0.861118 0.0140759 9.9964E-05 0.124406 9.9964E-05
0.03563 9.9982E-05 0.57266 9.9982E-05 0.205468 0.178706 0.00733599
0.0426951 9.9973E-05 0.759093 9.9973E-05 0.142165 0.0557474 9.9973E-05
9.9964E-05 0.0306174 0.691621 9.9964E-05 9.9964E-05 9.9964E-05 0.277362
0.0599044 0.0241578 0.63455 0.0160919 0.150757 0.114439 9.9991E-05
0.0296246 0.0156442 0.728591 0.00488366 0.0262889 0.194868 9.9991E-05
0.0534435 9.9973E-05 0.675185 9.9973E-05 0.131265 0.139806 9.9973E-05
0.00895151 9.9982E-05 0.829378 9.9982E-05 0.00368728 0.0735953 0.0841883
9.9964E-05 9.9964E-05 0.813222 9.9964E-05 0.0675856 0.118793 9.9964E-05
0.00435764 0.0416621 0.811107 0.0158802 0.0183188 0.0617612 0.0469133
9.9964E-05 9.9964E-05 9.9964E-05 0.74848 0.0232927 9.9964E-05 0.227828
9.9973E-05 0.0153807 9.9973E-05 0.678594 0.159823 9.9973E-05 0.145902
0.0310195 0.0120879 0.0285765 0.646163 0.252223 9.9991E-05 0.0298304
0.0371751 9.9982E-05 9.9982E-05 0.558498 0.289618 0.103215 0.0112941
0.0524717 9.9973E-05 9.9973E-05 0.572267 0.280919 0.0940419 9.9973E-05
0.0369896 9.9973E-05 9.9973E-05 0.51593 0.328076 0.118704 9.9973E-05
0.0137046 9.9973E-05 9.9973E-05 0.582441 0.288559 0.114995 9.9973E-05
9.9982E-05 0.00410272 0.0546312 0.714389 0.202987 9.9982E-05 0.0236908
9.9964E-05 9.9964E-05 9.9964E-05 0.638685 0.181501 9.9964E-05 0.179414
0.0152448 9.9973E-05 9.9973E-05 0.622867 0.264288 0.0973003 9.9973E-05
0.0392029 9.9982E-05 9.9982E-05 0.576827 0.318613 0.0537865 0.0113708
0.0285087 9.9973E-05 9.9973E-05 0.630728 0.210161 0.130302 9.9973E-05
9.9982E-05 0.0208021 0.00282858 0.100891 0.728246 0.147033 9.9982E-05
0.009666 0.044931 0.0131109 0.0129643 0.864413 0.0141136 0.0408008
0.0072534 0.0166925 9.9991E-05 0.0762594 0.712634 0.00426254 0.182799
0.0449787 0.0169612 0.0322438 0.0922503 0.708858 9.9991E-05 0.104608
0.0323392 0.0429722 9.9982E-05 0.0552445 0.837891 0.0313528 9.9982E-05
0.0181623 0.0257059 9.9982E-05 0.0794833 0.762215 0.114233 9.9982E-05
9.9982E-05 0.0368414 0.0165198 0.0414675 0.744255 9.9982E-05 0.160716
0.00597569 0.0121682 9.9991E-05 0.0577878 0.719723 0.0592682 0.144977
0.0224403 0.00527876 0.0237729 0.0542001 0.79565 9.9991E-05 0.0985584
0.0247488 9.9991E-05 0.0230192 0.0741178 0.740671 0.0554919 0.0818508
9.9982E-05 0.0158693 0.00632058 0.110475 0.624088 9.9982E-05 0.243047
0.0229967 9.9982E-05 0.0331305 0.0771659 0.7989 0.0676068 9.9982E-05
9.9973E-05 0.00840836 0.0293797 0.943747 9.9973E-05 9.9973E-05 0.0181651
9.9955E-05 9.9955E-05 9.9955E-05 0.953801 9.9955E-05 9.9955E-05 0.0456996
9.9955E-05 9.9955E-05 9.9955E-05 0.977356 9.9955E-05 9.9955E-05 0.0221444
0.0286567 9.9973E-05 9.9973E-05 0.918568 0.0481107 0.00436446 9.9973E-05
0.00616978 9.9973E-05 9.9973E-05 0.878682 0.0330093 0.0818394 9.9973E-05
0.0271147 9.9973E-05 9.9973E-05 0.810619 0.0663317 0.0956344 9.9973E-05
0.00454636 9.9973E-05 9.9973E-05 0.855644 0.0906781 0.048832 9.9973E-05
0.018838 9.9973E-05 9.9973E-05 0.861247 0.0792689 0.0403461 9.9973E-05
9.9955E-05 9.9955E-05 9.9955E-05 0.913754 9.9955E-05 9.9955E-05 0.0857464
9.9955E-05 9.9955E-05 9.9955E-05 0.927999 9.9955E-05 9.9955E-05 0.0715012
9.9964E-05 0.00576892 0.0379272 0.955904 9.9964E-05 9.9964E-05 9.9964E-05
0.0200579 9.9964E-05 9.9964E-05 0.902698 9.9964E-05 0.0768444 9.9964E-05
0.0924767 9.99927E-05 0.554806 0.021827 0.0156775 0.123698 0.191414
0.0878582 0.00833617 0.622012 0.00157079 0.0257693 0.0531028 0.20135
0.0197825 0.0328534 0.747351 9.9973E-05 9.9973E-05 9.9973E-05 0.199713
0.0875813 9.9991E-05 0.594467 0.0245145 0.0956081 0.129316 0.0684138
0.0573223 0.0429209 0.570265 9.9991E-05 0.0385148 0.0959075 0.194969
0.0786476 9.9982E-05 0.54764 0.0310125 0.117466 0.225035 9.9982E-05
9.9973E-05 0.00874264 0.80459 0.0261221 9.9973E-05 0.160245 9.9973E-05
0.00846525 0.0307597 0.75492 0.0247401 0.0432162 0.122487 0.0154119
0.00399374 9.9964E-05 0.745737 9.9964E-05 9.9964E-05 9.9964E-05 0.249869
0.0110665 0.0128847 0.787874 0.0296094 0.0387334 0.119733 9.9991E-05
0.0208465 0.00276833 0.843735 0.0279718 0.00346576 9.9991E-05 0.101112
0.00233398 0.00853154 0.872443 0.0135245 9.9982E-05 9.9982E-05 0.102967
0.0217583 9.9973E-05 0.775444 9.9973E-05 9.9973E-05 0.0652253 0.137272
9.9955E-05 9.9955E-05 0.690578 9.9955E-05 9.9955E-05 9.9955E-05 0.308922
0.0229844 0.0315471 0.623354 9.9982E-05 0.121549 0.200366 9.9982E-05
9.9973E-05 0.0150882 0.0871559 9.9973E-05 0.749652 9.9973E-05 0.147804
0.0343755 0.0275498 0.0461766 0.240126 0.531197 0.11642 0.0041555
0.00853236 0.00531705 0.0799014 9.9982E-05 0.748799 9.9982E-05 0.15725
0.00352597 0.00539573 0.0338083 0.0584903 0.636833 0.0578399 0.204106
9.99842E-05 0.00817602 0.0125734 0.0754959 0.678603 0.224952 9.99842E-05
0.022836 9.9991E-05 0.0488308 0.18803 0.614974 0.000377352 0.124852
9.9982E-05 0.0217725 0.0721775 0.126775 0.501218 9.9982E-05 0.277857
0.0213597 0.0170143 9.9982E-05 0.0729377 0.638042 9.9982E-05 0.250446
0.0723819 9.9982E-05 9.9982E-05 0.0249676 0.125986 0.695595 0.0808692
9.9973E-05 0.0138542 0.0385758 9.9973E-05 9.9973E-05 0.711032 0.236238
9.9955E-05 9.9955E-05 9.9955E-05 9.9955E-05 9.9955E-05 0.683337 0.316163
0.0172481 9.9991E-05 0.159168 0.0139034 0.173993 0.47878 0.156808
9.9991E-05 0.0105421 0.151457 0.0674001 0.0472158 0.555089 0.168196
9.9982E-05 0.0281315 0.150808 9.9982E-05 0.113879 0.64307 0.0639108
9.9964E-05 0.000711274 9.9964E-05 9.9964E-05 9.9964E-05 0.635692 0.363197
9.9973E-05 0.00553557 9.9973E-05 0.00374329 9.9973E-05 0.725108 0.265313
0.0195852 0.0342788 0.0804076 9.9991E-05 0.107241 0.609993 0.148394
0.0442225 0.0454873 0.0800787 9.9991E-05 0.113097 0.596931 0.120083
0.0432288 0.0462648 0.0655593 9.9991E-05 0.0860384 0.589498 0.169311
0.00417185 0.0330095 0.105611 9.9991E-05 0.0883273 0.725953 0.0428278
0.00150216 0.0530153 0.0541613 0.0373693 9.9991E-05 0.648994 0.204858
0.0261123 9.9964E-05 9.9964E-05 9.9964E-05 0.144474 0.829014 9.9964E-05
9.9982E-05 0.0366405 0.0371263 0.00746114 0.0964212 0.822151 9.9982E-05
0.0315283 0.0123559 9.9982E-05 9.9982E-05 0.0760567 0.83983 0.0400291
9.9991E-05 0.0375881 0.0818974 0.00701734 0.0307053 0.764163 0.0785286
0.0320396 0.0420694 0.115661 9.9991E-05 0.0920427 0.685942 0.0321451
0.030248 0.0209911 0.0109061 9.9991E-05 0.0359822 0.713162 0.188611
0.0479332 0.0415475 0.0649259 9.9991E-05 0.0890577 0.689873 0.066563
0.0397079 0.041077 0.0287493 0.0320088 0.159828 0.698529 9.9991E-05
0.0472589 0.0404137 0.0272188 0.00278462 0.169147 0.644813 0.0683635
0.012029 9.9964E-05 9.9964E-05 9.9964E-05 0.0893067 0.898264 9.9964E-05
