0.0884936 0.00891949 0.0138558 0.727056 9.9973E-05 9.9973E-05 0.0273965 9.9973E-05 0.133979
0.0789161 0.000880585 9.9955E-05 0.759653 9.9955E-05 9.9955E-05 9.9955E-05 9.9955E-05 0.16005
0.0587727 9.9973E-05 0.00997304 0.79021 0.0198336 9.9973E-05 0.0357728 9.9973E-05 0.0851382
0.17367 0.0631635 9.9964E-05 0.619729 0.00438516 0.138653 9.9964E-05 9.9964E-05 9.9964E-05
9.9937E-05 9.9937E-05 9.9937E-05 0.863853 9.9937E-05 0.135448 9.9937E-05 9.9937E-05 9.9937E-05
9.9937E-05 9.9937E-05 9.9937E-05 0.953755 9.9937E-05 0.0455452 9.9937E-05 9.9937E-05 9.9937E-05
0.373802 0.0360486 0.0352704 0.349168 0.058437 0.0674435 9.9982E-05 9.9982E-05 0.0796311
0.160513 0.0683685 0.00799216 0.65846 9.9973E-05 0.00624367 9.9973E-05 9.9973E-05 0.0981235
0.197992 0.0799534 9.9964E-05 0.644515 9.9964E-05 9.9964E-05 9.9964E-05 0.0270043 0.0501351
9.993E-05 9.993E-05 0.999201 9.993E-05 9.993E-05 9.993E-05 9.993E-05 9.993E-05 9.993E-05
9.9973E-05 9.9973E-05 0.111406 0.0330909 0.0123604 0.152258 0.0564426 9.9973E-05 0.634142
0.106969 0.0881732 0.106259 9.9973E-05 9.9973E-05 0.12922 0.00576763 9.9973E-05 0.563311
0.0646629 0.123604 0.598363 9.9964E-05 9.9964E-05 9.9964E-05 9.9964E-05 0.0262831 0.186687
0.0783634 0.0744386 0.693685 9.99616E-05 9.99616E-05 9.99616E-05 9.99616E-05 9.99616E-05 0.153013
9.9937E-05 9.9937E-05 0.984839 9.9937E-05 9.9937E-05 0.0144614 9.9937E-05 9.9937E-05 9.9937E-05
0.0569501 0.0237576 0.341897 9.9982E-05 0.00412905 9.9982E-05 0.0825043 0.00323501 0.487327
9.993E-05 9.993E-05 0.999201 9.993E-05 9.993E-05 9.993E-05 9.993E-05 9.993E-05 9.993E-05
0.0474906 0.00774891 0.665929 9.9973E-05 9.9973E-05 9.9973E-05 0.0494901 0.00805181 0.22099
0.0431802 0.0531801 0.780801 9.9964E-05 9.9964E-05 9.9964E-05 9.9964E-05 0.007701 0.114738
0.0717125 0.0913173 0.0853615 0.0338035 9.9982E-05 0.153028 0.0368308 9.9982E-05 0.527746
9.993E-05 9.993E-05 0.999201 9.993E-05 9.993E-05 9.993E-05 9.993E-05 9.993E-05 9.993E-05
0.0395759 0.0528904 9.9991E-05 0.0180967 0.0407783 0.0451081 0.152704 0.0238792 0.626867
9.9982E-05 0.00903869 9.9982E-05 0.122328 0.038053 0.122255 0.0699776 0.0146723 0.623476
9.9982E-05 9.9982E-05 0.0169977 0.0268376 0.0524458 0.351698 0.0869314 0.0217621 0.443128
9.9955E-05 9.9955E-05 9.9955E-05 9.9955E-05 0.0368949 0.203449 0.00614047 9.9955E-05 0.753016
0.0816897 0.0514089 0.0272589 9.9982E-05 0.0249747 0.316602 0.12361 9.9982E-05 0.374256
9.9982E-05 0.0483206 0.0105179 9.9982E-05 0.0318056 0.282241 0.114371 0.0247117 0.487832
0.006191 0.0282222 9.9991E-05 0.0210431 0.034388 0.0364732 0.0907876 0.0515133 0.731282
9.9982E-05 9.9982E-05 0.0296363 0.0491127 0.0487068 0.207854 0.0798256 0.0317889 0.552875
0.0363206 0.0100015 0.00812627 9.9991E-05 0.0414247 0.0765743 0.0632225 0.0452411 0.718989
9.9991E-05 0.0210398 0.0180729 0.0286139 0.043701 0.0929368 0.0594207 0.0233005 0.712814
0.615103 9.9973E-05 9.9973E-05 0.049977 0.03004 9.9973E-05 0.0181477 0.194394 0.092038
0.712597 9.9964E-05 9.9964E-05 0.122101 9.9964E-05 9.9964E-05 0.00647726 0.0105011 0.147924
0.64523 9.9973E-05 9.9973E-05 0.125249 0.0223755 9.9973E-05 0.00605276 0.0789387 0.121855
0.963815 9.9946E-05 9.9946E-05 9.9946E-05 0.00675876 0.0288262 9.9946E-05 9.9946E-05 9.9946E-05
0.746034 0.0555561 9.9955E-05 9.9955E-05 9.9955E-05 9.9955E-05 9.9955E-05 0.0815621 0.116348
0.856322 9.9964E-05 9.9964E-05 9.9964E-05 0.0222749 0.0301921 0.0226831 0.0681276 9.9964E-05
0.89467 0.0559584 9.9955E-05 0.0240212 9.9955E-05 9.9955E-05 9.9955E-05 9.9955E-05 0.0248502
0.938482 0.0267078 0.00138569 9.9955E-05 9.9955E-05 0.0329243 9.9955E-05 9.9955E-05 9.9955E-05
0.671398 9.9964E-05 0.0264619 0.0170352 9.9964E-05 0.194448 9.9964E-05 0.0902564 9.9964E-05
0.948359 9.9955E-05 9.9955E-05 9.9955E-05 0.000700434 0.00614544 0.0442957 9.9955E-05 9.9955E-05
9.9973E-05 0.014318 0.00507975 9.9973E-05 0.889937 0.00295122 0.00973343 9.9973E-05 0.0776811
0.015198 0.261853 9.9955E-05 9.9955E-05 0.718828 9.9955E-05 0.00362166 9.9955E-05 9.9955E-05
9.9955E-05 0.0815228 9.9955E-05 9.9955E-05 0.818529 9.9955E-05 9.9955E-05 0.0241609 0.0752875
9.9964E-05 0.13 9.9964E-05 0.0025067 0.759152 9.9964E-05 9.9964E-05 0.00263179 0.10531
9.9964E-05 0.112338 9.9964E-05 0.00911338 0.76105 9.9964E-05 9.9964E-05 0.00845629 0.108642
9.9964E-05 0.00405804 9.9964E-05 0.00969466 0.865387 9.9964E-05 9.9964E-05 0.0268454 0.093615
0.0416154 0.199092 0.000758056 9.9982E-05 0.595756 9.9982E-05 0.0444048 0.0246228 0.0935509
9.9973E-05 0.0858794 0.0127323 0.00960284 0.850651 9.9973E-05 0.0282938 9.9973E-05 0.012541
9.993E-05 9.993E-05 9.993E-05 9.993E-05 0.999201 9.993E-05 9.993E-05 9.993E-05 9.993E-05
0.0386758 0.209195 9.9955E-05 9.9955E-05 0.716792 9.9955E-05 9.9955E-05 9.9955E-05 0.0348375
9.993E-05 9.993E-05 9.993E-05 9.993E-05 0.999201 9.993E-05 9.993E-05 9.993E-05 9.993E-05
9.993E-05 9.993E-05 9.993E-05 9.993E-05 0.999201 9.993E-05 9.993E-05 9.993E-05 9.993E-05
9.9955E-05 0.00604829 9.9955E-05 9.9955E-05 0.0015801 9.9955E-05 0.958653 0.0332184 9.9955E-05
9.9982E-05 9.9982E-05 0.0198702 0.0469033 0.0239051 0.0877091 0.720356 0.032061 0.0689951
0.0978781 9.9982E-05 0.0179514 9.9982E-05 0.0625934 0.102028 0.509476 0.00207719 0.207796
9.9973E-05 0.0118714 0.0361998 0.0543523 0.0189457 9.9973E-05 0.824266 9.9973E-05 0.0540646
9.9982E-05 0.0122634 9.9982E-05 0.0339 0.0716095 0.0939655 0.609575 0.0282887 0.150198
9.999E-05 0.0284654 0.020785 0.0363717 0.0577635 0.106909 0.692104 0.0211497 0.0363527
0.0681253 0.0867925 9.9955E-05 9.9955E-05 9.9955E-05 9.9955E-05 0.809855 0.0347272 9.9955E-05
0.0714773 0.0362352 0.0116268 9.9982E-05 0.0290967 9.9982E-05 0.774139 0.0134328 0.0637918
0.163915 9.9973E-05 0.00788852 0.363496 0.0123671 0.429983 0.0220505 9.9973E-05 9.9973E-05
0.358085 9.9946E-05 9.9946E-05 0.136591 9.9946E-05 0.504724 9.9946E-05 9.9946E-05 9.9946E-05
0.383124 0.0768655 9.9964E-05 0.174538 9.9964E-05 0.280118 9.9964E-05 9.9964E-05 0.0849551
0.342957 0.0237206 0.0111212 0.289831 9.9964E-05 0.33197 9.9964E-05 9.9964E-05 9.9964E-05
0.293625 0.0681574 9.9955E-05 0.0853242 9.9955E-05 0.552394 9.9955E-05 9.9955E-05 9.9955E-05
0.327842 0.0407882 0.0431768 0.199695 9.9991E-05 0.247826 0.0322341 0.0226869 0.0856509
0.307137 9.9964E-05 9.9964E-05 0.276331 0.0157718 0.251798 9.9964E-05 9.9964E-05 0.148563
0.446663 0.012258 0.0248915 0.109827 0.0311238 0.374937 9.9973E-05 9.9973E-05 9.9973E-05
0.458664 0.0912971 9.9964E-05 0.126465 9.9964E-05 0.1953 9.9964E-05 9.9964E-05 0.127875
0.300483 0.0286105 0.00731104 0.333638 0.000909848 0.248589 0.00574871 9.9991E-05 0.0746095
0.245605 9.9946E-05 9.9946E-05 0.108409 9.9946E-05 0.645386 9.9946E-05 9.9946E-05 9.9946E-05
0.145554 0.114743 0.112127 9.9973E-05 9.9973E-05 0.0154182 0.0434548 9.9973E-05 0.568403
0.137316 0.0442951 0.0738858 9.9973E-05 0.00571908 9.9973E-05 0.00282685 9.9973E-05 0.735658
9.9964E-05 0.0651552 0.100144 0.103183 9.9964E-05 9.9964E-05 9.9964E-05 0.0941192 0.636999
0.177342 0.0850743 0.0886937 9.9973E-05 9.9973E-05 9.9973E-05 0.042114 0.000174093 0.606302
9.9964E-05 0.0457214 0.154007 9.9964E-05 9.9964E-05 0.337855 0.0125162 9.9964E-05 0.449501
9.9973E-05 9.9973E-05 0.0962195 0.042894 0.0151907 0.203054 0.0166168 9.9973E-05 0.625725
0.00895071 9.9973E-05 0.131965 9.9973E-05 0.00619892 0.205267 0.122967 9.9973E-05 0.524352
0.00873945 9.9973E-05 0.138471 9.9973E-05 9.9973E-05 0.104928 0.0646882 0.0238979 0.658975
0.00386124 9.9982E-05 0.0850381 0.0539993 0.0182625 0.19038 0.191804 9.9982E-05 0.456455
9.9964E-05 9.9964E-05 0.0718652 9.9964E-05 0.01865 0.299114 9.9964E-05 0.0237449 0.586226
0.136562 0.116267 0.0616301 9.9973E-05 9.9973E-05 0.065294 0.028768 9.9973E-05 0.591179
9.9982E-05 0.0383623 0.104064 9.9982E-05 0.0105425 0.249303 0.0608702 0.00340259 0.533255
9.9955E-05 0.898448 9.9955E-05 9.9955E-05 0.0712127 0.0260548 0.00378453 9.9955E-05 9.9955E-05
9.9964E-05 0.926339 0.0128847 0.00176231 0.0247667 9.9964E-05 9.9964E-05 9.9964E-05 0.033847
9.9946E-05 0.85867 9.9946E-05 9.9946E-05 0.0613407 0.0793896 9.9946E-05 9.9946E-05 9.9946E-05
9.993E-05 0.999201 9.993E-05 9.993E-05 9.993E-05 9.993E-05 9.993E-05 9.993E-05 9.993E-05
9.993E-05 0.999201 9.993E-05 9.993E-05 9.993E-05 9.993E-05 9.993E-05 9.993E-05 9.993E-05
9.9964E-05 0.721964 9.9964E-05 0.031115 0.125706 9.9964E-05 9.9964E-05 0.000651088 0.120164
0.0346124 0.900038 9.9964E-05 9.9964E-05 0.0443378 9.9964E-05 9.9964E-05 0.00403193 0.0165803
0.0579279 0.895415 9.9955E-05 9.9955E-05 9.9955E-05 9.9955E-05 0.022888 9.9955E-05 0.0232691
9.9955E-05 0.96332 0.0211185 9.9955E-05 9.9955E-05 9.9955E-05 9.9955E-05 0.01319 0.00187221
9.99369E-05 9.99369E-05 9.99369E-05 9.99369E-05 9.99369E-05 0.997214 9.99369E-05 0.00208654 9.99369E-05
0.127221 0.046103 9.99481E-05 9.99481E-05 9.99481E-05 0.826076 9.99481E-05 9.99481E-05 9.99481E-05
0.0321155 9.9982E-05 0.0133895 0.310594 0.0378198 0.598815 9.9982E-05 0.00205738 0.00500893
0.104502 9.9964E-05 9.9964E-05 0.171202 9.9964E-05 0.563485 9.9964E-05 0.00270539 0.157706
0.254084 0.0812193 0.0197796 0.0760277 9.9973E-05 0.367439 9.9973E-05 9.9973E-05 0.201151
0.183658 0.083036 9.9973E-05 0.054568 9.9973E-05 0.323148 9.9973E-05 0.0270021 0.328288
9.9973E-05 0.0314501 0.0340161 0.0457674 9.9973E-05 0.722015 9.9973E-05 0.0548144 0.111637
9.99369E-05 0.0148558 9.99369E-05 9.99369E-05 9.99369E-05 0.984445 9.99369E-05 9.99369E-05 9.99369E-05
0.183661 0.0168459 0.0192157 0.067408 9.9973E-05 0.684234 0.0283355 9.9973E-05 9.9973E-05
9.9955E-05 9.9955E-05 0.00354254 9.9955E-05 0.0132031 0.870215 9.9955E-05 9.9955E-05 0.112539
0.167965 0.0297265 9.9964E-05 9.9964E-05 9.9964E-05 0.664452 0.0764366 9.9964E-05 0.0610203
0.115519 0.033678 0.0116387 9.9955E-05 9.9955E-05 0.838664 9.9955E-05 9.9955E-05 9.9955E-05
0.0951137 0.095428 0.0050864 9.9964E-05 9.9964E-05 9.9964E-05 0.777226 9.9964E-05 0.0267464
9.9964E-05 9.9964E-05 9.9964E-05 0.0199243 0.0489647 9.9964E-05 0.825566 0.00463234 0.100513
0.170658 0.136963 9.9955E-05 9.9955E-05 9.9955E-05 9.9955E-05 0.522021 9.9955E-05 0.169858
0.11915 0.128668 9.9955E-05 9.9955E-05 9.9955E-05 9.9955E-05 0.723144 9.9955E-05 0.0285379
9.9955E-05 9.9955E-05 0.0184396 9.9955E-05 0.0202882 0.268024 0.692749 9.9955E-05 9.9955E-05
0.123723 0.140392 0.0140093 9.9973E-05 9.9973E-05 9.9973E-05 0.583778 0.0133736 0.124424
9.9964E-05 0.0518189 9.9964E-05 0.00323433 0.0185154 9.9964E-05 0.695557 9.9964E-05 0.230474
0.105114 0.0966786 9.9955E-05 9.9955E-05 9.9955E-05 9.9955E-05 0.679459 9.9955E-05 0.118249
9.9964E-05 9.9964E-05 9.9964E-05 0.0302638 0.0343616 0.0377387 0.836346 9.9964E-05 0.0608903
0.0393292 9.9955E-05 9.9955E-05 9.9955E-05 0.0170767 9.9955E-05 0.810169 9.9955E-05 0.132925
0.0625305 0.00973971 0.0256378 9.9982E-05 0.0335897 0.0514164 0.794026 9.9982E-05 0.0228594
0.0570334 9.9955E-05 9.9955E-05 0.0260792 9.9955E-05 0.183934 9.9955E-05 0.732454 9.9955E-05
0.158833 9.9973E-05 0.0142471 0.0301373 0.00666786 0.129658 9.9973E-05 0.660156 9.9973E-05
0.276552 0.0278924 0.0160211 9.9982E-05 0.0176243 0.0239555 0.012328 0.625427 9.9982E-05
0.204286 0.0350558 9.9982E-05 0.0779771 0.0185457 0.0150879 9.9982E-05 0.55503 0.0938172
0.184512 0.050354 9.9973E-05 0.069479 0.00461323 9.9973E-05 9.9973E-05 0.577497 0.113245
0.206343 0.0747734 9.99639E-05 0.0398236 9.99639E-05 9.99639E-05 9.99639E-05 0.543431 0.135229
0.220965 0.024249 9.9973E-05 0.00613812 0.00642826 9.9973E-05 9.9973E-05 0.607895 0.134024
0.110539 9.9973E-05 0.00842275 0.113455 0.0209054 9.9973E-05 0.0354545 0.710924 9.9973E-05
0.162032 9.9955E-05 9.9955E-05 0.0720786 9.9955E-05 0.142185 9.9955E-05 0.623205 9.9955E-05
0.21602 0.032687 9.9964E-05 0.0306557 9.9964E-05 9.9964E-05 9.9964E-05 0.616759 0.103479
0.255645 0.075276 9.9973E-05 0.0431995 9.9973E-05 0.00310952 9.9973E-05 0.574357 0.0481134
0.11321 0.0520681 9.9964E-05 0.0147011 9.9964E-05 9.9964E-05 9.9964E-05 0.677463 0.142158
0.650598 9.9973E-05 0.00064109 0.0765256 0.0151691 9.9973E-05 9.9973E-05 0.0635142 0.193252
0.866565 0.0440838 0.0450874 9.9964E-05 9.9964E-05 9.9964E-05 0.0299944 9.9964E-05 0.0138693
0.655585 9.9973E-05 9.9973E-05 0.145596 0.0313421 0.102283 9.9973E-05 0.0455856 0.0193079
0.771064 0.0276767 0.028714 0.0238004 0.0281096 0.0383119 0.043565 0.0386586 9.9991E-05
0.826412 0.0758607 0.0247742 9.9964E-05 9.9964E-05 9.9964E-05 9.9964E-05 0.0154238 0.0571295
0.663118 9.9973E-05 0.0141504 0.0753722 0.0254956 9.9973E-05 9.9973E-05 0.0658814 0.155683
0.709248 9.9982E-05 0.0249901 0.0989556 0.00239351 0.12855 9.9982E-05 0.00230871 0.0333549
0.676945 9.9991E-05 0.0108933 0.0890337 0.0218166 0.0985202 0.0114861 0.0285541 0.0626506
0.878625 0.0431705 9.9973E-05 9.9973E-05 0.00605047 0.0377325 0.0211094 9.9973E-05 0.0130119
0.843614 0.0458173 9.9982E-05 9.9982E-05 0.000215696 0.0325196 0.0255562 0.00568635 0.0463911
0.701013 9.9982E-05 0.0120965 0.0190894 0.0287082 0.171456 0.0144225 0.0530142 9.9982E-05
0.824858 0.0604396 9.9955E-05 9.9955E-05 9.9955E-05 9.9955E-05 9.9955E-05 0.0226289 0.0915739
9.9964E-05 9.9964E-05 0.0110637 0.0275242 9.9964E-05 0.00984092 0.0192265 0.931945 9.9964E-05
9.9946E-05 9.9946E-05 0.0103557 9.9946E-05 9.9946E-05 0.0342623 9.9946E-05 0.954782 9.9946E-05
9.9937E-05 9.9937E-05 9.9937E-05 9.9937E-05 9.9937E-05 0.0466481 9.9937E-05 0.952652 9.9937E-05
0.0748001 0.0246555 9.9955E-05 9.9955E-05 0.0179536 9.9955E-05 9.9955E-05 0.882091 9.9955E-05
9.9946E-05 0.00807937 9.9946E-05 9.9946E-05 9.9946E-05 9.9946E-05 9.9946E-05 0.897593 0.0937279
0.0202254 0.0336485 9.9964E-05 9.9964E-05 0.0173923 9.9964E-05 9.9964E-05 0.828262 0.100072
0.082768 9.9973E-05 0.0102521 0.00164279 9.9973E-05 9.9973E-05 0.00713272 0.843446 0.0544586
0.0527397 0.0315019 9.9964E-05 9.9964E-05 9.9964E-05 9.9964E-05 0.0127105 0.864576 0.0380724
9.9937E-05 9.9937E-05 9.9937E-05 9.9937E-05 9.9937E-05 0.0849463 9.9937E-05 0.914354 9.9937E-05
9.9937E-05 9.9937E-05 9.9937E-05 9.9937E-05 9.9937E-05 0.0938719 9.9937E-05 0.905429 9.9937E-05
9.9955E-05 9.9955E-05 0.0103208 9.9955E-05 0.00463959 9.9955E-05 0.0399709 0.944569 9.9955E-05
9.99474E-05 9.99474E-05 9.99474E-05 9.99474E-05 0.0129561 9.99474E-05 9.99474E-05 0.890155 0.0962891
0.0536544 0.135563 0.000562651 9.9991E-05 0.00899036 0.182573 0.534157 0.0062596 0.0781397
0.0119494 0.0888663 0.0096322 0.0572135 0.0446667 0.156045 0.60663 9.9991E-05 0.0248972
9.9964E-05 9.9964E-05 0.0268959 0.0126634 0.0668647 0.182677 0.710499 9.9964E-05 9.9964E-05
0.00687999 0.10962 0.00483441 0.0353785 0.0427558 0.0910762 0.556306 0.0367154 0.116434
9.9982E-05 0.0485703 0.0317412 0.0829625 0.0425201 0.180848 0.553344 9.9982E-05 0.0598141
0.0508805 0.141441 9.9973E-05 0.0361807 9.9973E-05 9.9973E-05 0.550497 0.0266088 0.194092
9.9964E-05 9.9964E-05 0.00772757 9.9964E-05 0.0382697 9.9964E-05 0.762379 0.0248191 0.166405
0.0150315 0.00775031 0.0340325 0.0262119 0.0281851 0.0148706 0.728652 0.022987 0.122279
9.9955E-05 9.9955E-05 9.9955E-05 0.0294058 0.0474148 0.208666 0.714014 9.9955E-05 9.9955E-05
0.0144327 9.9982E-05 0.00503366 0.0218461 0.0452194 9.9982E-05 0.739402 0.0224395 0.151426
0.0661908 9.9955E-05 9.9955E-05 9.9955E-05 0.0537415 0.0686073 0.810961 9.9955E-05 9.9955E-05
9.9964E-05 9.9964E-05 9.9964E-05 0.018411 0.032989 0.0663642 0.872089 0.00974638 9.9964E-05
9.9964E-05 9.9964E-05 9.9964E-05 0.0362244 0.0569 0.116272 0.733559 9.9964E-05 0.0566444
9.9946E-05 9.9946E-05 9.9946E-05 9.9946E-05 0.0177576 0.298073 0.683569 9.9946E-05 9.9946E-05
0.0234023 0.0473379 0.0199209 0.0693972 0.0229596 9.9982E-05 0.588295 9.9982E-05 0.228487
9.993E-05 9.993E-05 9.993E-05 0.999201 9.993E-05 9.993E-05 9.993E-05 9.993E-05 9.993E-05
0.00829206 0.035806 0.000451096 0.567111 9.9973E-05 9.9973E-05 9.9973E-05 0.280923 0.107118
9.99369E-05 0.0151319 9.99369E-05 0.984169 9.99369E-05 9.99369E-05 9.99369E-05 9.99369E-05 9.99369E-05
0.0292237 0.0322155 9.9982E-05 0.841672 9.9982E-05 0.0116911 0.00655566 0.058391 0.0200506
0.134613 9.99549E-05 9.99549E-05 0.588744 9.99549E-05 9.99549E-05 9.99549E-05 0.089773 0.18637
0.169946 0.0777366 9.9964E-05 0.553481 9.9964E-05 9.9964E-05 0.00257929 0.195857 9.9964E-05
9.9964E-05 9.9964E-05 0.00603135 0.795704 9.9964E-05 0.03499 0.0450139 0.117861 9.9964E-05
9.9955E-05 0.00205149 9.9955E-05 0.915038 0.00684823 9.9955E-05 9.9955E-05 0.0755621 9.9955E-05
0.117015 0.123335 9.9964E-05 9.9964E-05 9.9964E-05 0.103338 9.9964E-05 0.0081246 0.647787
9.9964E-05 0.0177658 0.0140408 9.9964E-05 9.9964E-05 0.277431 0.0660328 9.9964E-05 0.624329
9.9937E-05 9.9937E-05 9.9937E-05 9.9937E-05 9.9937E-05 0.486185 9.9937E-05 9.9937E-05 0.513115
0.103229 0.0165786 9.9991E-05 0.122812 0.0213222 0.130468 0.139766 0.0038056 0.461919
9.9991E-05 0.0134761 0.00824634 0.0734537 0.0137338 0.215774 0.139717 0.0389199 0.496579
0.0136097 9.9982E-05 0.0129323 0.0973228 0.0265706 0.073179 0.131042 9.9982E-05 0.645143
9.9955E-05 9.9955E-05 0.00125669 9.9955E-05 0.00523055 0.507362 9.9955E-05 9.9955E-05 0.485651
9.9964E-05 0.0118786 0.0137612 9.9964E-05 0.0111745 0.420038 9.9964E-05 9.9964E-05 0.542748
0.00547172 0.0434464 0.0432878 0.0985303 0.000830996 0.165915 0.0841755 9.9991E-05 0.558242
0.126038 0.0451245 0.0407787 9.9982E-05 0.0293681 0.162024 0.0636388 9.9982E-05 0.532828
9.9982E-05 0.0669239 0.0309778 0.0383426 9.9982E-05 0.259261 0.0642782 0.0286206 0.511396
9.9973E-05 0.0422397 0.0279856 0.107866 9.9973E-05 0.0346924 0.0623915 9.9973E-05 0.724525
9.9982E-05 9.9982E-05 0.0388515 0.0377973 0.0273871 0.200279 0.0410372 0.0348367 0.619611
0.0394685 9.9955E-05 9.9955E-05 0.0437969 0.0369267 9.9955E-05 9.9955E-05 9.9955E-05 0.879308
0.0409511 0.0229112 0.0229598 0.00594262 9.9991E-05 0.0258256 0.0501788 0.0149368 0.816194
9.9964E-05 9.9964E-05 0.00405485 0.0995441 0.0408832 0.0223855 9.9964E-05 9.9964E-05 0.832733
0.0170967 9.9973E-05 0.0430424 9.9973E-05 0.0152176 0.0888295 0.0817571 9.9973E-05 0.753757
0.00719023 0.0141522 0.0269365 0.0701437 0.0342312 0.0484286 0.11899 9.9991E-05 0.679828
0.0456433 0.0355063 0.0345767 0.000580091 0.0249755 0.18444 0.0138585 9.9991E-05 0.660319
0.0610164 0.102781 0.0407003 9.9973E-05 9.9973E-05 0.126148 0.0291744 9.9973E-05 0.63988
0.0337176 0.0736926 0.0309657 0.0778717 0.00447346 9.9991E-05 0.0187415 0.0336883 0.726749
0.170739 0.0961304 0.0238 9.9973E-05 9.9973E-05 0.0779916 0.0274821 9.9973E-05 0.603557
9.9946E-05 9.9946E-05 9.9946E-05 0.0499678 0.0252234 9.9946E-05 9.9946E-05 9.9946E-05 0.924209
