0.108849 0.140854 9.9982E-05 0.706935 0.0142408 9.9982E-05 0.0289209
9.9973E-05 0.17394 9.9973E-05 0.716596 9.9973E-05 0.0762138 0.0329504
0.0860043 0.0926596 9.9982E-05 0.723615 9.9982E-05 0.0640267 0.0334947
9.9973E-05 9.9973E-05 0.0669667 0.731442 9.9973E-05 0.175715 0.0255761
9.9964E-05 9.9964E-05 9.9964E-05 0.717636 9.9964E-05 0.26582 0.0161445
0.0523213 9.9973E-05 9.9973E-05 0.750629 9.9973E-05 0.185658 0.0110917
0.016164 0.092405 0.0800693 0.683869 0.0150177 0.0727643 0.0397103
0.00793807 0.128118 0.0539869 0.735849 0.0198519 0.034218 0.0200379
0.0200316 0.127939 0.0618374 0.730652 0.0390539 0.0203864 9.9991E-05
9.995E-05 9.995E-05 9.995E-05 9.995E-05 9.995E-05 9.995E-05 0.9994
0.0748802 0.656294 9.9973E-05 9.9973E-05 9.9973E-05 0.153033 0.115493
0.0162976 0.637598 0.041803 0.0428076 0.026968 0.13902 0.0955064
0.0123828 0.222968 0.0634348 0.0502155 0.0460556 9.9991E-05 0.604843
9.9973E-05 0.161255 0.0412517 0.0912078 9.9973E-05 9.9973E-05 0.705985
9.9955E-05 9.9955E-05 9.9955E-05 9.9955E-05 9.9955E-05 0.0300786 0.969422
0.0982274 0.48726 9.9982E-05 0.0256811 0.0197993 9.9982E-05 0.368833
9.995E-05 9.995E-05 9.995E-05 9.995E-05 9.995E-05 9.995E-05 0.9994
0.0369274 0.247461 0.00960663 0.0207299 0.0173432 9.9991E-05 0.667832
9.9982E-05 0.127428 0.0343854 0.0483064 0.0192897 9.9982E-05 0.77039
0.0724783 0.561721 0.043053 0.0772984 0.000613384 0.149911 0.0949254
9.995E-05 9.995E-05 9.995E-05 9.995E-05 9.995E-05 9.995E-05 0.9994
0.179631 0.618697 0.0636808 0.0331629 0.0418452 0.0570315 0.00595199
0.055926 0.679118 0.0322921 0.0362937 0.0321918 0.161866 0.00231278
0.0629243 0.492531 0.0425438 9.9991E-05 0.0227421 0.362923 0.0162349
9.9955E-05 0.787497 9.9955E-05 9.9955E-05 9.9955E-05 0.212003 9.9955E-05
0.1108 0.420785 0.0531121 0.0450501 0.00185864 0.348049 0.0203445
0.125519 0.507432 0.0442048 9.9991E-05 0.0291836 0.278044 0.0155177
0.0704903 0.782176 0.0338269 0.028832 0.0421539 0.0424212 9.9991E-05
0.100225 0.570278 0.0270549 9.9991E-05 0.034925 0.230362 0.0370543
0.0373894 0.775157 0.0283225 0.020945 0.0494146 0.076644 0.012127
0.0743424 0.725154 0.0427965 0.0168559 0.0176061 0.0916946 0.0315509
0.0375931 0.0646172 0.0108528 0.586447 0.285562 9.9991E-05 0.0148274
9.9964E-05 0.184607 9.9964E-05 0.676001 0.138992 9.9964E-05 9.9964E-05
0.00529472 0.124711 0.0141937 0.625973 0.186411 0.0433155 9.9991E-05
9.9973E-05 9.9973E-05 0.00255592 0.685655 0.216181 0.0953078 9.9973E-05
9.9982E-05 0.144985 0.0181574 0.621068 0.21456 9.9982E-05 0.00102971
0.032021 9.9982E-05 0.0254483 0.640013 0.248869 0.0534488 9.9982E-05
9.9973E-05 0.0469349 0.0242378 0.789384 0.139143 9.9973E-05 9.9973E-05
9.9982E-05 9.9982E-05 0.0193182 0.74184 0.169462 0.0596969 0.00948301
9.9973E-05 9.9973E-05 9.9973E-05 0.543928 0.216146 0.21059 0.0290361
0.0398495 9.9973E-05 9.9973E-05 0.75343 0.176869 0.029551 9.9973E-05
9.9973E-05 0.028232 0.91198 9.9973E-05 9.9973E-05 0.0425681 0.0169195
0.0196646 0.0149838 0.951229 9.9982E-05 0.0127598 0.0011629 9.9982E-05
9.9982E-05 0.0536512 0.904728 9.9982E-05 0.0248172 0.00977752 0.00682596
9.9955E-05 0.117252 0.882248 9.9955E-05 9.9955E-05 9.9955E-05 9.9955E-05
9.9964E-05 0.108053 0.872985 9.9964E-05 0.0185619 9.9964E-05 9.9964E-05
9.9973E-05 0.0883572 0.890728 0.00283794 0.0177772 9.9973E-05 9.9973E-05
0.0211876 0.131208 0.779404 0.01727 0.0398729 0.0109575 9.9991E-05
0.0219399 9.9964E-05 0.94559 9.9964E-05 9.9964E-05 9.9964E-05 0.0320703
9.9955E-05 9.9955E-05 0.975522 9.9955E-05 9.9955E-05 0.0239783 9.9955E-05
9.9973E-05 0.0498992 0.919369 0.0232533 0.00717864 9.9973E-05 9.9973E-05
9.995E-05 9.995E-05 0.9994 9.995E-05 9.995E-05 9.995E-05 9.995E-05
9.9955E-05 9.9955E-05 0.988435 9.9955E-05 9.9955E-05 0.0110651 9.9955E-05
0.973659 9.9955E-05 9.9955E-05 9.9955E-05 0.0258417 9.9955E-05 9.9955E-05
0.734684 0.0981934 9.9982E-05 9.9982E-05 0.0339233 0.119234 0.0137655
0.513108 0.235121 0.0331662 0.0495027 0.0358548 0.121632 0.0116154
0.849927 0.0841837 0.00458538 9.9991E-05 0.01542 0.00455553 0.0412285
0.636278 0.140754 0.0554166 0.0127209 0.0300961 0.124634 9.9991E-05
0.701804 0.05444 0.051111 9.9991E-05 0.0411354 0.125389 0.0260211
0.875153 0.0262365 0.00598208 0.0448378 0.0475905 9.9982E-05 9.9982E-05
0.813512 0.0777411 0.023075 0.0452928 0.0243606 9.9991E-05 0.0159184
0.0327646 9.9982E-05 9.9982E-05 0.450301 0.0155729 0.491747 0.00941448
9.9955E-05 9.9955E-05 9.9955E-05 0.469879 9.9955E-05 0.529622 9.9955E-05
9.9991E-05 0.116858 0.0277704 0.513656 0.0449912 0.285715 0.0109095
9.9982E-05 9.9982E-05 0.0227957 0.551344 0.0425424 0.36354 0.0195772
0.00956147 9.9973E-05 0.0375752 0.36964 9.9973E-05 0.582923 9.9973E-05
0.0731503 0.0801279 0.0179786 0.477728 0.0510093 0.24623 0.0537757
9.9973E-05 0.162764 9.9973E-05 0.50176 0.035337 0.299839 9.9973E-05
9.9982E-05 9.9982E-05 0.0415373 0.479318 0.0377522 0.424521 0.016672
0.0333024 0.138498 0.0554394 0.54754 0.00754739 0.217573 9.9991E-05
0.0395183 0.0675733 0.0167519 0.598985 0.00431547 0.258538 0.0143182
9.9955E-05 9.9955E-05 9.9955E-05 0.331947 9.9955E-05 0.667553 9.9955E-05
0.0424261 0.604161 0.0579115 0.0826426 0.0477759 0.0472466 0.117836
0.0243114 0.753496 0.014354 0.110898 0.0276135 9.9991E-05 0.0692274
0.00376675 0.652697 0.0304877 0.082501 0.0918921 9.9991E-05 0.138555
0.0230816 0.65799 0.0452696 0.135736 0.0388255 9.9991E-05 0.0989974
0.0147071 0.466936 0.0172009 9.9982E-05 9.9982E-05 0.37146 0.129496
0.0100689 0.652876 9.9973E-05 9.9973E-05 9.9973E-05 0.245763 0.0909917
0.0951841 0.539191 9.9973E-05 9.9973E-05 9.9973E-05 0.236426 0.128898
0.0537674 0.657612 9.9982E-05 9.9982E-05 0.0323129 0.112199 0.143909
0.180954 0.471766 9.9982E-05 0.0307297 9.9982E-05 0.22868 0.0876697
0.0310684 0.575435 9.9982E-05 9.9982E-05 0.0111223 0.30607 0.0761037
0.0442877 0.64031 0.0546186 0.0952115 0.0219277 0.0840607 0.0595843
0.0579503 0.576365 0.0174143 9.9982E-05 9.9982E-05 0.251214 0.0968569
0.0807181 0.0879953 0.789361 0.0357956 9.9982E-05 0.00592999 9.9982E-05
0.0760763 0.130175 0.751084 0.0239652 9.9982E-05 9.9982E-05 0.0184995
0.0462734 9.9964E-05 0.785457 9.9964E-05 9.9964E-05 0.16787 9.9964E-05
0.0207384 0.06786 0.844854 0.062867 0.000674533 9.9991E-05 0.00290594
0.0207909 0.102549 0.841452 0.0349079 9.9973E-05 9.9973E-05 9.9973E-05
9.9973E-05 0.248162 0.71906 0.0222328 0.0102451 9.9973E-05 9.9973E-05
0.0350932 0.144092 0.741894 0.0515674 0.0271525 9.9982E-05 9.9982E-05
0.0813226 0.147166 0.683971 0.0855181 0.00182268 9.9982E-05 9.9982E-05
9.9982E-05 0.181727 0.729949 0.0437249 0.0339294 9.9982E-05 0.0104695
9.995E-05 9.995E-05 9.995E-05 9.995E-05 9.995E-05 0.9994 9.995E-05
0.0176683 9.9982E-05 0.0345523 0.104566 0.000268499 0.842745 9.9982E-05
9.9982E-05 0.0161908 0.0233432 0.287535 9.9982E-05 0.653794 0.018937
9.9982E-05 0.171782 9.9982E-05 0.217967 0.0114987 0.597856 0.000696336
9.9991E-05 0.265045 0.0263865 0.300946 0.0213514 0.378073 0.00809785
0.0273612 0.375536 0.0198471 0.221575 0.025972 0.329609 9.9991E-05
9.9991E-05 0.145263 0.0229068 0.0125407 0.0545853 0.718422 0.0461824
9.99729E-05 0.00813003 0.00128346 9.99729E-05 9.99729E-05 0.981143 0.00914357
0.0616731 9.9973E-05 9.9973E-05 0.223671 9.9973E-05 0.693162 0.021194
9.9964E-05 0.113244 0.000280822 9.9964E-05 9.9964E-05 0.886075 9.9964E-05
0.0509497 0.127162 9.9973E-05 0.147369 9.9973E-05 0.67422 9.9973E-05
9.9982E-05 9.9982E-05 0.0234633 0.0777674 0.00986292 0.882113 0.00659319
0.847155 0.0678629 0.004671 0.0644565 0.0156545 9.9982E-05 9.9982E-05
0.878774 0.111318 0.000629855 0.00236724 9.9982E-05 9.9982E-05 0.00671122
0.564104 0.207441 0.0448849 0.18327 9.9973E-05 9.9973E-05 9.9973E-05
0.766887 0.0745665 0.048384 0.109863 9.9973E-05 9.9973E-05 9.9973E-05
0.688525 9.9964E-05 9.9964E-05 9.9964E-05 9.9964E-05 0.292187 0.0188876
0.630337 0.156865 0.0528655 0.0966318 0.0398951 9.9991E-05 0.0233052
0.719025 0.251082 0.0294932 9.9964E-05 9.9964E-05 9.9964E-05 9.9964E-05
0.717204 0.151884 0.0391932 0.0914186 9.9973E-05 9.9973E-05 9.9973E-05
0.848024 0.0818177 9.9973E-05 0.00131384 9.9973E-05 0.0685448 9.9973E-05
0.851029 0.123333 9.9964E-05 0.0252385 9.9964E-05 9.9964E-05 9.9964E-05
0.807463 0.0459561 0.012036 0.0240762 0.00496598 0.0545375 0.0509653
9.9964E-05 9.9964E-05 9.9964E-05 0.0601092 0.743313 0.196178 9.9964E-05
0.0125519 9.9982E-05 9.9982E-05 0.119789 0.699884 0.157176 0.0103991
0.0321954 9.9991E-05 0.035044 0.220152 0.67986 0.0235581 0.0090904
9.9973E-05 0.13206 0.0295751 0.24405 0.594015 9.9973E-05 9.9973E-05
9.9973E-05 0.137435 0.043586 0.22297 0.595709 9.9973E-05 9.9973E-05
9.9973E-05 0.169183 0.0414845 0.205371 0.583662 9.9973E-05 9.9973E-05
9.9973E-05 0.169466 0.0136501 0.178719 0.637866 9.9973E-05 9.9973E-05
0.0499047 9.9982E-05 9.9982E-05 0.17108 0.756151 0.00221901 0.0204452
9.9964E-05 9.9964E-05 9.9964E-05 0.177116 0.658795 0.163689 9.9964E-05
9.9973E-05 0.118357 0.0214321 0.206623 0.653288 9.9973E-05 9.9973E-05
9.9982E-05 0.0619077 0.0501735 0.26111 0.612582 0.0140275 9.9982E-05
9.9982E-05 0.164523 0.0266766 0.118565 0.68634 9.9982E-05 0.003696
9.9982E-05 0.181085 0.00574371 0.637967 0.161465 9.9982E-05 0.0135398
0.0425135 0.0422507 0.0241067 0.752055 0.1015 0.000818305 0.0367558
9.9991E-05 0.022952 0.00948636 0.684281 0.143047 0.123283 0.0168508
0.0196999 9.9991E-05 0.0680634 0.650276 0.174831 0.065006 0.0220234
9.9982E-05 0.0815134 0.0470818 0.680636 0.154156 9.9982E-05 0.0364126
9.9982E-05 0.169444 0.0191056 0.626774 0.162744 9.9982E-05 0.0217325
0.0101428 0.0380954 9.9991E-05 0.690652 0.11069 0.118562 0.0317582
9.9991E-05 0.0669158 0.0100223 0.673692 0.121925 0.104261 0.0230841
0.059839 0.000102659 0.0216043 0.727752 0.138476 0.0353922 0.016834
0.0333244 0.0782549 0.0226066 0.674553 0.144234 0.0469268 9.9991E-05
0.0117679 9.9982E-05 9.9982E-05 0.596546 0.16937 0.198627 0.0234901
9.9973E-05 0.110222 0.0386472 0.67842 0.17241 9.9973E-05 9.9973E-05
0.0267955 9.99732E-05 9.99732E-05 9.99732E-05 0.934591 0.0298894 0.00842469
0.00351345 9.9973E-05 9.9973E-05 9.9973E-05 0.951697 0.0324373 0.0120526
9.9955E-05 9.9955E-05 9.9955E-05 9.9955E-05 0.948892 0.0506083 9.9955E-05
9.9973E-05 0.036638 0.0322584 0.00478331 0.92602 9.9973E-05 9.9973E-05
9.9955E-05 0.110208 9.9955E-05 9.9955E-05 0.889292 9.9955E-05 9.9955E-05
9.9973E-05 0.141625 0.0284002 0.00528192 0.824393 9.9973E-05 9.9973E-05
9.9973E-05 0.0776384 9.9973E-05 0.071034 0.84712 9.9973E-05 0.00390758
9.9973E-05 0.0877704 0.0141879 0.01684 0.880902 9.9973E-05 9.9973E-05
9.9955E-05 9.9955E-05 9.9955E-05 9.9955E-05 0.908512 0.0909882 9.9955E-05
9.9955E-05 9.9955E-05 9.9955E-05 9.9955E-05 0.921853 0.0776476 9.9955E-05
0.0309609 9.9964E-05 9.9964E-05 9.9964E-05 0.952209 9.9964E-05 0.0164301
9.9964E-05 0.096467 0.0195196 9.9964E-05 0.883614 9.9964E-05 9.9964E-05
0.574852 0.0871423 0.0886092 0.0504944 0.00592744 0.178467 0.0145072
0.684226 0.0327938 0.0797165 0.0389385 0.00879632 0.146198 0.00933024
0.788469 9.9973E-05 0.0041611 9.9973E-05 9.9973E-05 0.184304 0.0227662
0.61991 0.129469 0.0833068 0.0589885 0.0371858 0.0708849 0.000254946
0.578247 0.0916047 0.0508794 0.0381815 9.9991E-05 0.20661 0.0343779
0.573337 0.229091 0.0699964 0.0798302 0.047545 9.9982E-05 9.9982E-05
0.826203 0.146321 9.9973E-05 9.9973E-05 0.00736652 9.9973E-05 0.0198091
0.765214 0.132329 0.00204253 0.0272155 0.0129122 0.0206225 0.039664
0.731306 9.9964E-05 0.00775145 9.9964E-05 9.9964E-05 0.260543 9.9964E-05
0.798449 0.145238 0.00109419 0.0164378 0.0344326 9.9991E-05 0.00424843
0.83809 9.9982E-05 0.0223108 9.9982E-05 0.0261338 0.104566 0.00869992
0.896518 9.9964E-05 9.9964E-05 9.9964E-05 9.9964E-05 0.101903 0.00117943
0.78605 0.0428948 0.0201496 0.00145499 9.9982E-05 0.149251 9.9982E-05
0.681514 9.9955E-05 9.9955E-05 9.9955E-05 9.9955E-05 0.317986 9.9955E-05
0.63743 0.207997 0.0248078 0.0862886 9.9982E-05 9.9982E-05 0.0432762
0.132392 9.9973E-05 9.9973E-05 0.848054 9.9973E-05 0.00415492 0.0150992
0.0422924 0.132736 0.0149098 0.533776 0.253526 9.9991E-05 0.022659
0.112285 9.9982E-05 0.00902556 0.84679 0.0146012 9.9982E-05 0.0170977
0.0609277 0.066205 9.9991E-05 0.731168 0.0576564 0.0761107 0.00783227
9.9964E-05 0.258861 9.9964E-05 0.646683 0.0940558 9.9964E-05 9.9964E-05
0.0532408 0.0169497 0.0352418 0.625412 0.212991 0.0414847 0.0146792
0.0946445 9.9982E-05 9.9982E-05 0.63319 0.121937 0.123027 0.0270007
9.9991E-05 0.0143112 0.0138545 0.749207 0.085812 0.111318 0.0253967
9.9982E-05 0.705116 0.0633087 0.0675321 0.0398907 0.123953 9.9982E-05
0.0242162 0.671332 9.9973E-05 9.9973E-05 9.9973E-05 0.285959 0.0181922
9.9955E-05 0.596328 9.9955E-05 9.9955E-05 9.9955E-05 0.403173 9.9955E-05
0.153691 0.457597 0.0246042 0.209034 0.0126061 0.142368 9.9991E-05
0.173677 0.526161 9.9991E-05 0.0589026 0.0305833 0.195681 0.0148947
0.121169 0.677558 0.00780741 0.0949588 9.9991E-05 0.0782159 0.0201908
9.9955E-05 0.559924 9.9955E-05 9.9955E-05 9.9955E-05 0.439576 9.9955E-05
9.9964E-05 0.651441 9.9964E-05 9.9964E-05 9.9964E-05 0.34712 0.00103885
0.0815909 0.609181 0.0201853 0.0814121 9.9991E-05 0.164188 0.0433422
0.0423029 0.614001 0.0525978 0.066643 0.0138462 0.165265 0.0453443
0.0574665 0.577821 0.0434583 0.00795033 0.0278859 0.242765 0.0426531
0.0857239 0.748001 9.9991E-05 0.0653729 0.00256762 0.0560966 0.0421385
0.0470366 0.617026 0.0013558 9.9991E-05 0.0280912 0.247385 0.0590057
9.9973E-05 0.907336 0.0114996 0.0768206 0.0040438 9.9973E-05 9.9973E-05
0.0598474 0.832656 9.9991E-05 0.0530602 0.000915529 0.0323213 0.0210999
9.9982E-05 0.875179 0.0259364 0.0394202 9.9982E-05 0.0546988 0.00456594
0.0928166 0.745027 9.9982E-05 9.9982E-05 0.0077598 0.100318 0.0538783
0.136279 0.691436 0.0267368 0.0507665 9.9991E-05 0.0612734 0.0334085
0.013588 0.697431 0.0308338 0.0405794 9.9991E-05 0.194835 0.0226326
0.0419988 0.700818 0.0556749 0.0234139 9.9991E-05 0.143588 0.0344056
0.033958 0.736694 0.0369747 0.0949767 0.0504 9.9991E-05 0.0468968
0.0202122 0.664378 0.0461802 0.105941 0.0236333 0.10689 0.0327655
9.9973E-05 0.947482 9.99831E-05 0.0392874 9.9973E-05 0.0128303 9.9973E-05
