0.156211 0.0967615 0.0277249 0.09385 0.625453
0.119054 0.0146913 0.0220207 0.148944 0.695289
0.104485 0.0634455 0.0340765 0.0874744 0.710519
0.0720147 9.9991E-05 0.0821372 0.0395492 0.806199
9.9982E-05 0.0112406 9.9982E-05 0.0464148 0.942145
9.999E-05 0.0371275 0.0177644 0.000349199 0.944659
0.142247 9.9991E-05 0.110915 0.103077 0.643661
0.142256 9.9991E-05 0.0783824 0.092216 0.687046
0.185119 0.0140056 0.0824458 0.0169371 0.701492
9.997E-05 9.997E-05 9.997E-05 0.9996 9.997E-05
0.00810966 0.319954 0.00330152 0.528638 0.139997
0.0523793 0.288642 0.0471432 0.476887 0.134948
0.0901849 9.9982E-05 0.0862726 0.823343 9.9982E-05
0.0335765 9.9991E-05 0.047624 0.895817 0.0228822
9.997E-05 9.997E-05 9.997E-05 0.9996 9.997E-05
0.0698746 0.199134 0.0293447 0.701547 9.9991E-05
9.997E-05 9.997E-05 9.997E-05 0.9996 9.997E-05
0.0480878 0.0495289 0.0134711 0.888812 9.9991E-05
0.0339747 9.9982E-05 0.0383189 0.927506 9.9982E-05
0.0270283 0.283703 0.0544898 0.437707 0.197072
9.997E-05 9.997E-05 9.997E-05 0.9996 9.997E-05
0.104408 0.459146 0.0744619 0.333625 0.0283588
0.0672431 0.374358 0.039811 0.369456 0.149131
0.0373208 0.410211 0.0401805 0.333487 0.178801
0.0699897 0.481448 9.9991E-05 0.432932 0.01553
0.00644864 0.416185 0.0540221 0.277581 0.245763
0.0621727 0.463157 0.0455575 0.33581 0.0933024
0.122031 0.406922 0.0547784 0.391375 0.024894
0.0752566 0.414949 0.0229005 0.378019 0.108875
0.115267 0.413118 0.0429807 0.412258 0.0163762
0.0790582 0.403186 0.0509962 0.419307 0.0474531
0.46038 0.0152897 0.0441487 0.0345214 0.44566
0.316159 0.0309853 0.00365265 0.0901335 0.55907
0.353198 0.0152458 0.0307485 0.0417423 0.559065
0.33697 9.9982E-05 0.0184682 9.9982E-05 0.644362
0.369523 9.9991E-05 0.0551612 0.0425665 0.532649
0.394795 9.9982E-05 0.0374049 9.9982E-05 0.5676
0.305541 9.9982E-05 0.0470056 9.9982E-05 0.647253
0.299081 9.9982E-05 0.0318926 9.9982E-05 0.668827
0.302618 9.9973E-05 9.9973E-05 9.9973E-05 0.697082
0.339808 9.9982E-05 0.0145989 9.9982E-05 0.645393
9.9982E-05 0.00757287 0.938625 0.0536025 9.9982E-05
0.004159 0.0320598 0.963581 9.9982E-05 9.9982E-05
0.0314213 9.9982E-05 0.929296 0.0390826 9.9982E-05
0.0326425 9.9982E-05 0.918532 0.0486254 9.9982E-05
0.0413516 9.9982E-05 0.901909 0.0565389 9.9982E-05
0.0364319 9.9982E-05 0.913695 0.0496731 9.9982E-05
0.0486904 0.0700913 0.793956 0.0852814 0.00198114
9.9973E-05 9.9973E-05 0.966252 0.0334484 9.9973E-05
9.997E-05 9.997E-05 0.9996 9.997E-05 9.997E-05
0.042394 0.0035211 0.953885 9.9982E-05 9.9982E-05
9.997E-05 9.997E-05 0.9996 9.997E-05 9.997E-05
9.997E-05 9.997E-05 0.9996 9.997E-05 9.997E-05
0.0735791 0.895016 0.0312046 9.9982E-05 9.9982E-05
0.0564136 0.837085 0.0240635 0.0649669 0.0174713
0.0626839 0.630411 0.0606149 0.139093 0.107197
0.0351443 0.83238 0.0572171 0.0751586 9.9991E-05
0.0445795 0.722001 0.0912046 0.0684426 0.0737728
0.0590582 0.756386 0.0947401 0.0741382 0.0156778
0.100107 0.829622 0.070071 9.9982E-05 9.9982E-05
0.0811373 0.801254 0.0774646 0.040044 9.9991E-05
0.030148 0.143408 9.9991E-05 0.0257093 0.800635
9.9973E-05 0.0773935 9.9973E-05 9.9973E-05 0.922307
0.0927029 0.0149671 0.0599035 0.113621 0.718805
0.0747961 0.0173772 0.0292673 0.0744399 0.804119
9.9991E-05 0.163306 0.0493961 0.0260594 0.761139
0.123413 0.123582 0.0277272 0.123229 0.602049
0.0990228 0.11678 0.000795145 0.115476 0.667927
0.0769403 0.0769407 0.0429387 0.0517592 0.751421
0.0862848 0.0983543 0.063902 0.0593447 0.692114
0.0870369 0.0851801 0.0349045 0.0972261 0.695652
9.9973E-05 0.0251959 9.9973E-05 9.9973E-05 0.974504
0.115611 0.248591 0.0855572 0.473022 0.0772191
0.142238 0.264941 0.048125 0.506305 0.0383907
0.153368 0.208909 0.069264 0.50247 0.0659888
0.130138 0.249297 0.0773176 0.477575 0.065672
9.9991E-05 0.320054 0.0200779 0.491022 0.168746
9.9982E-05 0.338482 9.9982E-05 0.499028 0.16229
9.9982E-05 0.387432 9.9982E-05 0.486895 0.125473
0.0767994 0.33281 9.9991E-05 0.545888 0.0444017
9.9991E-05 0.436269 0.0147311 0.379352 0.169548
0.0390941 0.342726 9.9991E-05 0.483524 0.134556
0.0670499 0.269646 0.080176 0.428168 0.15496
0.00514613 0.351207 0.0247783 0.508675 0.110194
0.026294 0.126113 0.809712 0.019361 0.0185194
0.0428097 0.0655724 0.789725 0.101793 9.9991E-05
9.9982E-05 0.142542 0.827389 9.9982E-05 0.0298696
0.0410324 0.0422821 0.867759 0.0240628 0.0248636
0.0335277 0.0673036 0.892135 9.9991E-05 0.00693396
0.0700189 0.0580237 0.74536 0.126498 9.9991E-05
0.0780283 0.061237 0.789361 0.0712736 9.9991E-05
0.0689677 0.157233 0.714154 0.0358179 0.0238279
0.0816276 0.039358 0.768917 0.109998 9.9991E-05
9.9982E-05 0.346962 9.9982E-05 0.172317 0.480521
9.99907E-05 0.325773 9.99907E-05 0.0514511 0.622575
9.9991E-05 0.130475 0.016853 0.143086 0.709487
9.9982E-05 0.206784 9.9982E-05 0.168623 0.624393
0.0576592 0.143997 0.0451087 0.226821 0.526414
0.0885615 0.248104 0.0408831 0.238343 0.384109
0.0117851 0.246693 0.00107295 0.274687 0.465763
9.9982E-05 0.335624 9.9982E-05 0.193293 0.470884
9.9982E-05 0.276761 9.9982E-05 0.0642708 0.658769
9.9982E-05 0.341932 9.9982E-05 0.217647 0.440221
9.9982E-05 0.374793 9.9982E-05 0.0961482 0.528859
9.9991E-05 0.278893 0.00132309 0.12574 0.593944
0.0779462 0.849801 0.0523444 0.00952469 0.0103839
0.0283907 0.920158 0.0401385 0.0112133 9.9991E-05
0.0822713 0.666364 0.0779915 0.0534475 0.119926
0.0646652 0.767609 0.093866 9.9991E-05 0.0737597
9.9982E-05 0.886468 0.0306224 9.9982E-05 0.0827098
0.101337 0.679214 0.103294 0.0775037 0.0386518
0.0493734 0.785432 0.0679361 0.0971584 9.9991E-05
0.0644676 0.765112 0.0946934 0.0349609 0.0407659
9.9991E-05 0.897769 0.0491421 0.0217379 0.0312509
0.0651703 0.879469 0.0338289 0.0214321 9.9991E-05
0.0559212 0.828132 0.0423949 0.0621993 0.0113525
0.756354 9.9973E-05 9.9973E-05 9.9973E-05 0.243346
0.748757 0.0373156 9.9982E-05 9.9982E-05 0.213727
0.775516 9.9991E-05 0.0419074 0.00330322 0.179174
0.714615 9.9991E-05 0.0465138 0.0535933 0.185178
0.72942 0.00261504 0.0609026 0.0642906 0.142772
0.733804 9.9991E-05 0.0772292 0.0908261 0.098041
0.767628 0.0178039 0.0452952 0.0580563 0.111217
0.861805 0.0390138 9.9982E-05 9.9982E-05 0.0989817
0.711464 9.9973E-05 9.9973E-05 9.9973E-05 0.288237
0.739008 9.9991E-05 0.0251963 0.0397575 0.195939
0.712407 9.9991E-05 0.0481677 0.0336605 0.205665
0.810167 0.00271297 0.0583707 0.103564 0.0251852
0.342258 0.0199936 0.0278451 0.119023 0.49088
0.27896 9.9991E-05 0.0404552 0.0671935 0.613291
0.251649 9.9991E-05 0.0228341 0.0446133 0.680804
0.302659 9.9991E-05 0.0726874 0.0243275 0.600226
0.321087 9.9991E-05 0.0612497 0.0718753 0.545688
0.334263 9.9991E-05 0.0420228 0.100014 0.5236
0.249867 0.00939877 0.000346222 0.0586699 0.681718
0.254241 9.9991E-05 0.0251495 0.0567511 0.663759
0.295895 9.9991E-05 0.0519437 0.00865944 0.643402
0.291284 0.00548177 0.0657931 0.011158 0.626283
0.292073 0.0292917 0.0128848 0.0239832 0.641767
0.345224 9.9991E-05 0.058054 0.0444098 0.552212
0.986601 0.0130987 9.9973E-05 9.9973E-05 9.9973E-05
0.995151 0.00454941 9.9973E-05 9.9973E-05 9.9973E-05
0.9996 9.997E-05 9.997E-05 9.997E-05 9.997E-05
0.973713 9.9973E-05 0.0259866 9.9973E-05 9.9973E-05
0.9452 9.9982E-05 0.0160257 0.0385741 9.9982E-05
0.904952 9.9982E-05 0.0367577 0.0580903 9.9982E-05
0.945039 9.9982E-05 0.00283318 0.0519277 9.9982E-05
0.963485 0.0185171 0.0177981 9.9982E-05 9.9982E-05
0.9996 9.997E-05 9.997E-05 9.997E-05 9.997E-05
0.980852 0.0188482 9.9973E-05 9.9973E-05 9.9973E-05
0.99458 0.0051205 9.9973E-05 9.9973E-05 9.9973E-05
0.937756 9.9982E-05 0.0224861 0.0395575 9.9982E-05
0.0389449 0.652415 0.11199 0.0693199 0.12733
0.0235167 0.711464 0.115493 0.0481342 0.101392
9.9991E-05 0.827974 0.0534438 0.0286164 0.0898655
0.0742971 0.654498 0.138461 0.0769667 0.0557773
9.9991E-05 0.654851 0.0903351 0.118022 0.136693
0.107079 0.636682 0.1126 0.106354 0.0372853
0.0646464 0.832061 0.0267654 0.0764268 9.9991E-05
0.069156 0.794586 0.0358554 0.100303 9.9991E-05
9.9991E-05 0.871244 0.0244397 0.00725598 0.09696
0.0756321 0.805076 0.0456345 0.0735572 9.9991E-05
0.051517 0.868851 0.067319 9.9991E-05 0.012213
0.0228983 0.909357 0.0450484 9.9991E-05 0.0225963
0.0103103 0.848132 0.0499553 0.00924629 0.0823564
9.9982E-05 0.890048 0.00319157 9.9982E-05 0.10656
0.0937056 0.675749 0.0848891 0.145556 9.9991E-05
0.172136 0.0541316 0.0146179 0.0201065 0.739007
0.41857 0.0242182 0.0510099 0.106522 0.39968
0.182877 0.00414702 0.039723 0.0310073 0.742246
0.179782 0.00736917 0.0394808 0.0557443 0.717624
0.279874 0.0482044 0.023504 0.109745 0.538673
0.349391 0.0041415 0.0616976 0.00628035 0.578489
0.229988 0.086828 9.9991E-05 0.0190251 0.664059
0.207573 9.9991E-05 0.0396786 0.031899 0.720749
0.0840513 0.285701 0.0925955 0.363537 0.174115
9.9982E-05 0.425502 9.9982E-05 0.41222 0.162078
9.9982E-05 0.374893 9.9982E-05 0.457033 0.167874
0.0777469 0.348225 0.0416715 0.264042 0.268315
0.077264 0.433432 0.00555923 0.320064 0.163681
0.0198557 0.404926 0.0273508 0.398842 0.149026
9.9982E-05 0.367171 9.9982E-05 0.421781 0.210848
0.00329929 0.311181 0.00919027 0.472449 0.203881
0.00815519 0.319299 0.0392171 0.407012 0.226316
0.0426484 0.336174 0.0665881 0.381579 0.17301
0.0527542 0.352325 0.0497725 0.377909 0.167239
0.0620056 0.364786 0.028334 0.439699 0.105176
0.0374484 0.37419 0.00728839 0.413126 0.167948
0.0971872 0.267868 0.0516442 0.480414 0.102887
0.093117 0.347528 0.0217888 0.487631 0.0499352
0.0128116 0.280495 0.0602177 0.491859 0.154617
0.0640563 0.411457 0.0013171 0.482116 0.0410535
0.0447625 0.382918 0.053437 0.419927 0.0989553
0.0262886 0.323476 0.0467365 0.439981 0.163518
0.0389741 0.343541 0.0655578 0.445468 0.106459
0.133405 0.272083 0.069166 0.46653 0.0588157
0.0833883 0.302666 0.0657352 0.405327 0.142884
0.0415951 0.237769 0.0538586 0.531113 0.135663
