0.448961 0.036564 0.514475
0.462085 0.00289016 0.535025
0.460835 0.0238613 0.515303
0.376145 0.0624538 0.561401
0.468969 9.9991E-05 0.530931
0.458636 0.0150579 0.526306
0.3739 0.10207 0.524029
0.371483 0.0763298 0.552187
0.335953 0.0662786 0.597768
0.9998 9.999E-05 9.999E-05
0.878199 0.0502649 0.0715357
0.787513 0.0811777 0.131309
0.808368 0.0848468 0.106786
0.839404 0.066635 0.0939609
0.997298 0.00260163 9.9991E-05
0.867426 0.0578891 0.0746848
0.948486 0.0232287 0.0282852
0.921897 0.024786 0.0533171
0.87797 0.0496126 0.072417
0.783767 0.092258 0.123975
0.9998 9.999E-05 9.999E-05
0.744693 0.141213 0.114093
0.766944 0.0975376 0.135519
0.794168 0.0959407 0.109892
0.880693 0.0648458 0.0544612
0.769766 0.103439 0.126795
0.792961 0.111162 0.0958768
0.765146 0.11708 0.117774
0.790557 0.0823915 0.127052
0.779247 0.103461 0.117292
0.809111 0.096336 0.0945532
0.204834 0.0412676 0.753898
0.326339 0.00115856 0.672502
0.285178 0.0279601 0.686862
0.194726 0.00777796 0.797496
0.24609 0.0530634 0.700847
0.206268 0.0367325 0.757
0.233519 0.0464054 0.720076
0.219249 0.0301557 0.750595
0.267121 9.9991E-05 0.732779
0.209828 0.0164059 0.773766
0.0412071 0.958693 9.9991E-05
9.9991E-05 0.995557 0.00434317
0.011684 0.946034 0.0422818
0.0135091 0.95544 0.0310511
0.0334208 0.928236 0.038343
9.9991E-05 0.947189 0.0527115
0.109481 0.828163 0.0623561
0.00649901 0.993401 9.9991E-05
9.999E-05 0.9998 9.999E-05
9.9991E-05 0.960006 0.0398943
9.999E-05 0.9998 9.999E-05
9.999E-05 0.9998 9.999E-05
0.70935 0.22026 0.0703908
0.772101 0.16734 0.0605582
0.734881 0.171252 0.0938675
0.781997 0.197553 0.0204491
0.713632 0.218653 0.0677142
0.719688 0.222071 0.0582414
0.671036 0.232894 0.09607
0.726321 0.218059 0.0556193
0.535052 9.9991E-05 0.464848
0.487211 0.000254519 0.512534
0.454648 0.0486734 0.496679
0.440735 0.0258113 0.533453
0.540523 0.0504437 0.409033
0.500957 0.0305982 0.468445
0.510491 0.00844478 0.481064
0.454197 0.044938 0.500865
0.452189 0.0722693 0.475542
0.465015 0.0406811 0.494304
0.486779 9.9991E-05 0.513121
0.730549 0.115083 0.154368
0.750631 0.0915691 0.157799
0.705646 0.0899399 0.204414
0.698309 0.111983 0.189708
0.891658 0.0444205 0.0639214
0.895721 0.0348142 0.0694644
0.932391 0.0221604 0.0454491
0.89802 0.00584231 0.0961377
0.856218 0.074298 0.0694844
0.861363 0.0285455 0.110092
0.754266 0.0984038 0.14733
0.871462 0.0713221 0.057216
0.109093 0.845375 0.0455328
0.135061 0.814991 0.0499481
0.132921 0.866979 9.9991E-05
0.0537023 0.890889 0.0554086
0.0443307 0.920414 0.0352555
0.162924 0.773112 0.0639642
0.0968568 0.821029 0.0821142
0.142496 0.764163 0.0933401
0.118716 0.795282 0.0860016
0.774848 9.9991E-05 0.225052
0.681548 0.0296924 0.28876
0.622208 0.0223111 0.355481
0.681338 9.9991E-05 0.318562
0.610836 0.0464684 0.342695
0.654616 0.0546566 0.290727
0.734779 0.0228231 0.242398
0.789104 0.0121528 0.198744
0.661769 9.9991E-05 0.338131
0.850047 0.0138909 0.136062
0.722348 0.0111376 0.266515
0.700087 0.0265025 0.273411
0.727494 0.210391 0.0621151
0.791456 0.203882 0.00466145
0.658816 0.202557 0.138627
0.680675 0.232431 0.0868945
0.813247 0.186653 9.9991E-05
0.662333 0.214731 0.122936
0.75215 0.224541 0.0233096
0.698847 0.222652 0.0785009
0.801182 0.198718 9.9991E-05
0.771787 0.185019 0.0431943
0.766962 0.199381 0.0336572
9.999E-05 9.999E-05 0.9998
0.0779516 9.9991E-05 0.921948
0.0260928 0.0530872 0.92082
0.102799 0.049327 0.847874
0.0777191 0.0770388 0.845242
0.060506 0.089371 0.850123
0.0708971 0.055236 0.873867
0.0220482 0.0109055 0.967046
0.065262 9.9991E-05 0.934638
0.0482733 0.0352999 0.916427
0.046933 0.0550056 0.898061
0.0684038 0.070838 0.860758
0.321441 0.020182 0.658377
0.295624 0.0342784 0.670097
0.300646 0.0150198 0.684334
0.247855 0.0711166 0.681029
0.262988 0.0522295 0.684782
0.288846 0.0497341 0.66142
0.331814 0.00255722 0.665629
0.328657 0.0199434 0.651399
0.254365 0.0451923 0.700443
0.262712 0.0501951 0.687093
0.312868 0.00345632 0.683675
0.225402 0.0700506 0.704547
9.999E-05 9.999E-05 0.9998
9.999E-05 9.999E-05 0.9998
9.999E-05 9.999E-05 0.9998
9.9991E-05 0.0132903 0.98661
9.9991E-05 0.0299957 0.969904
0.0194045 0.0519839 0.928612
9.9991E-05 0.0116086 0.988291
9.9991E-05 0.0267323 0.973168
9.999E-05 9.999E-05 0.9998
9.999E-05 9.999E-05 0.9998
9.9991E-05 0.00260827 0.997292
9.9991E-05 0.0330625 0.966837
0.682997 0.234914 0.082089
0.685142 0.24127 0.0735881
0.775157 0.200115 0.0247283
0.65452 0.246046 0.099434
0.742325 0.19569 0.061985
0.647239 0.233109 0.119652
0.787326 0.188814 0.0238601
0.762147 0.183833 0.0540202
0.790431 0.179127 0.030442
0.738456 0.201218 0.0603254
0.716209 0.225442 0.058349
0.7818 0.198425 0.0197748
0.77536 0.203966 0.0206735
0.820628 0.168765 0.0106067
0.725518 0.20243 0.0720523
0.377974 0.0080617 0.613965
0.257134 0.0537103 0.689156
0.355696 0.0328776 0.611426
0.365333 0.0239253 0.610742
0.379768 0.0209943 0.599238
0.238301 0.0505725 0.711127
0.375471 9.9991E-05 0.624429
0.323254 0.030823 0.645923
0.708952 0.122832 0.168216
0.892378 0.0497393 0.0578824
0.952282 0.021076 0.0266416
0.686375 0.0929256 0.2207
0.788157 0.0621119 0.149731
0.833243 0.0756996 0.0910574
0.945059 0.0279768 0.0269642
0.870905 0.0434113 0.0856837
0.809118 0.0708871 0.119995
0.771135 0.0918256 0.13704
0.777032 0.0945984 0.12837
0.831606 0.0739307 0.094463
0.822691 0.054277 0.123032
0.759062 0.0970747 0.143864
0.837458 0.0635 0.0990419
0.821888 0.085526 0.092586
0.878523 0.05225 0.0692269
0.813458 0.0973877 0.0891539
0.833136 0.0744249 0.0924389
0.813062 0.107407 0.0795305
0.725399 0.118341 0.15626
0.734792 0.11171 0.153498
0.815387 0.0816465 0.102967
