0.160362 9.9955E-05 0.0646036 0.0405954 0.00264209 9.9955E-05 9.9955E-05 0.731297 9.9955E-05 9.9955E-05
0.156598 9.9955E-05 0.0476842 9.9955E-05 9.9955E-05 0.0148067 0.00448244 0.775929 9.9955E-05 9.9955E-05
0.0919121 9.9964E-05 0.0469932 0.0424489 9.9964E-05 9.9964E-05 0.0173068 0.792866 9.9964E-05 0.00807276
9.9973E-05 0.124995 0.175712 9.9973E-05 0.0426343 0.0170546 0.00735574 0.615152 9.9973E-05 0.0167966
9.9928E-05 0.130494 9.9928E-05 9.9928E-05 9.9928E-05 9.9928E-05 9.9928E-05 0.868707 9.9928E-05 9.9928E-05
9.9928E-05 0.0505536 9.9928E-05 9.9928E-05 9.9928E-05 9.9928E-05 9.9928E-05 0.948647 9.9928E-05 9.9928E-05
0.0472882 0.0515529 0.350663 9.9982E-05 0.0478922 0.0322236 0.0333652 0.384099 9.9982E-05 0.0527157
0.070277 0.00300083 0.16385 9.9973E-05 0.0886988 0.0119832 0.00501454 0.656876 9.9973E-05 9.9973E-05
0.0530146 9.9955E-05 0.188383 9.9955E-05 0.0854566 9.9955E-05 9.9955E-05 0.653022 0.0196234 9.9955E-05
9.99201E-05 9.99201E-05 9.99201E-05 9.99201E-05 9.99201E-05 9.99201E-05 0.999101 9.99201E-05 9.99201E-05 9.99201E-05
0.661341 0.145934 9.9973E-05 0.0330654 9.9973E-05 0.0194622 0.101845 0.0202903 9.9973E-05 0.0177616
0.577393 0.124449 0.100837 9.9964E-05 0.0836752 0.00922669 0.104019 9.9964E-05 9.9964E-05 9.9964E-05
0.193482 9.9955E-05 0.0721218 9.9955E-05 0.123011 9.9955E-05 0.589452 9.9955E-05 0.021433 9.9955E-05
0.122504 9.9955E-05 0.0908875 9.9955E-05 0.0718355 9.9955E-05 0.704839 0.00943437 9.9955E-05 9.9955E-05
9.9937E-05 9.9937E-05 9.9937E-05 9.9937E-05 9.9937E-05 0.0206832 0.974627 9.9937E-05 9.9937E-05 0.00399074
0.480097 9.9982E-05 0.00773473 0.0806029 0.0350524 0.012441 0.344356 0.0188444 0.0206722 9.9982E-05
9.99201E-05 9.99201E-05 9.99201E-05 9.99201E-05 9.99201E-05 9.99201E-05 0.999101 9.99201E-05 9.99201E-05 9.99201E-05
0.224245 9.9973E-05 0.0301315 0.0482144 0.00169752 9.9973E-05 0.668749 9.9973E-05 0.0165092 0.0101534
0.099679 9.9964E-05 0.0448772 9.9964E-05 0.0658362 0.00525259 0.773219 9.9964E-05 0.0107366 9.9964E-05
0.548382 0.139039 0.0684491 0.0229525 0.101289 0.0216695 0.0844709 0.0135486 9.9982E-05 9.9982E-05
9.99201E-05 9.99201E-05 9.99201E-05 9.99201E-05 9.99201E-05 9.99201E-05 0.999101 9.99201E-05 9.99201E-05 9.99201E-05
0.666596 0.0604845 9.9973E-05 0.140025 0.0448942 0.00384908 9.9973E-05 9.9973E-05 0.0368233 0.0470278
0.643749 0.0893749 9.9973E-05 0.0696189 9.9973E-05 0.0163946 9.9973E-05 0.120183 0.00682942 0.0535499
0.501716 0.320198 9.9982E-05 0.066099 9.9982E-05 0.0182699 0.00383652 0.0110825 0.0151324 0.0634663
0.79776 0.169964 9.9937E-05 9.9937E-05 9.9937E-05 9.9937E-05 9.9937E-05 9.9937E-05 9.9937E-05 0.0315764
0.37555 0.333099 0.0674032 0.108521 0.0768352 0.0202644 0.0125262 9.9982E-05 9.9982E-05 0.00560126
0.528335 0.23918 9.9982E-05 0.103 0.0523133 0.0139312 0.0181312 9.9982E-05 0.0267425 0.018167
0.799499 0.0341251 9.9973E-05 0.051272 0.0551758 9.9973E-05 9.9973E-05 0.00886316 0.0396267 0.0111379
0.601085 0.215246 9.9973E-05 0.0603587 9.9973E-05 9.9973E-05 0.0274602 0.0357111 0.0094342 0.0504047
0.79019 0.0710803 0.0404943 0.0203803 9.9973E-05 9.9973E-05 0.00631175 9.9973E-05 0.0209721 0.0502709
0.763973 0.0718807 9.9991E-05 0.0427521 0.0250307 0.00122661 0.00829905 0.025845 0.0134131 0.0474794
0.0876815 9.9964E-05 0.605949 0.0218574 9.9964E-05 9.9964E-05 9.9964E-05 0.0756589 0.180193 0.0282603
0.201161 9.9946E-05 0.661357 9.9946E-05 9.9946E-05 9.9946E-05 9.9946E-05 0.112769 0.0241134 9.9946E-05
0.148351 9.9955E-05 0.665458 9.9955E-05 9.9955E-05 9.9955E-05 9.9955E-05 0.0866654 0.0681554 0.0308711
9.9946E-05 0.0213603 0.95875 9.9946E-05 9.9946E-05 9.9946E-05 0.00152812 9.9946E-05 9.9946E-05 0.0177616
0.12267 9.9946E-05 0.748614 9.9946E-05 0.0564822 9.9946E-05 9.9946E-05 9.9946E-05 0.071634 9.9946E-05
9.9964E-05 0.0154539 0.826643 0.0297234 9.9964E-05 0.0196218 9.9964E-05 9.9964E-05 0.0872961 0.0208622
0.0297572 9.9937E-05 0.905635 9.9937E-05 0.0639087 9.9937E-05 9.9937E-05 9.9937E-05 9.9937E-05 9.9937E-05
9.9955E-05 0.0165431 0.947103 9.9955E-05 0.020878 9.9955E-05 0.00525746 9.9955E-05 9.9955E-05 0.00971833
9.9964E-05 0.176728 0.659641 9.9964E-05 9.9964E-05 0.00522972 0.021341 0.0392191 0.0974419 9.9964E-05
9.9946E-05 9.9946E-05 0.941657 0.038549 9.9946E-05 0.00354922 9.9946E-05 9.9946E-05 0.0156448 9.9946E-05
0.0639372 9.9955E-05 9.9955E-05 9.9955E-05 0.0182025 0.0193448 0.00839163 9.9955E-05 9.9955E-05 0.889624
0.0136699 9.9955E-05 0.0129928 0.00312761 0.248382 9.9955E-05 9.9955E-05 9.9955E-05 9.9955E-05 0.721328
0.054729 9.9955E-05 9.9955E-05 9.9955E-05 0.0899578 0.00840675 9.9955E-05 9.9955E-05 0.0319328 0.814474
0.101726 9.99459E-05 9.99459E-05 9.99459E-05 0.161511 9.99459E-05 9.99459E-05 9.99459E-05 0.00334689 0.732816
0.0846856 9.9964E-05 9.9964E-05 9.9964E-05 0.131215 0.0100878 9.9964E-05 0.0108442 0.0144078 0.74836
0.087857 9.99549E-05 9.99549E-05 9.99549E-05 0.0255979 9.99549E-05 9.99549E-05 0.0072492 0.0310941 0.847702
0.113079 9.9973E-05 0.0422097 0.0179345 0.227064 0.00534276 9.9973E-05 9.9973E-05 0.0148323 0.579238
0.0221088 9.9964E-05 9.9964E-05 0.0196566 0.0706935 9.9964E-05 0.0161109 0.00506624 9.9964E-05 0.865964
9.99201E-05 9.99201E-05 9.99201E-05 9.99201E-05 9.99201E-05 9.99201E-05 9.99201E-05 9.99201E-05 9.99201E-05 0.999101
0.0325366 9.9946E-05 0.0411778 9.9946E-05 0.206585 9.9946E-05 9.9946E-05 9.9946E-05 9.9946E-05 0.719101
9.99201E-05 9.99201E-05 9.99201E-05 9.99201E-05 9.99201E-05 9.99201E-05 9.99201E-05 9.99201E-05 9.99201E-05 0.999101
9.99201E-05 9.99201E-05 9.99201E-05 9.99201E-05 9.99201E-05 9.99201E-05 9.99201E-05 9.99201E-05 9.99201E-05 0.999101
9.9937E-05 9.9937E-05 9.9937E-05 0.954403 0.000125543 9.9937E-05 9.9937E-05 9.9937E-05 0.0447715 9.9937E-05
0.11629 0.0857374 9.9982E-05 0.694748 9.9982E-05 0.0138189 0.0147461 0.0293267 0.032007 0.0131258
0.203762 0.0812444 0.112881 0.500703 9.9973E-05 0.03791 0.00494744 9.9973E-05 9.9973E-05 0.0582513
0.0590852 9.9982E-05 9.9982E-05 0.813564 0.0190201 0.0293108 0.0308991 0.0336909 0.000512661 0.013717
0.138124 0.0763319 9.9982E-05 0.601796 0.0271517 0.0236042 9.9982E-05 0.0415243 0.0345882 0.0566801
0.000125139 0.0609742 9.9991E-05 0.703736 0.0622208 0.0444958 0.0237111 0.0538407 0.0294673 0.0213293
0.000669755 9.9955E-05 0.0893182 0.803354 0.0802573 9.9955E-05 9.9955E-05 9.9955E-05 0.0259004 9.9955E-05
0.0876025 9.9973E-05 0.0714789 0.751642 0.0562103 9.9973E-05 0.00621155 9.9973E-05 0.0107257 0.0158292
9.9964E-05 0.435987 0.157594 0.0255071 9.9964E-05 9.9964E-05 0.00418699 0.360407 9.9964E-05 0.0159189
9.9937E-05 0.546858 0.336672 9.9937E-05 9.9937E-05 9.9937E-05 9.9937E-05 0.115771 9.9937E-05 9.9937E-05
0.0987527 0.266012 0.379264 9.9964E-05 0.0695276 0.0126124 9.9964E-05 0.173431 9.9964E-05 9.9964E-05
9.9982E-05 0.326525 0.331516 9.9982E-05 0.0292939 0.0207575 0.00809535 0.277678 0.0030094 0.00292527
9.9946E-05 0.588121 0.308794 9.9946E-05 0.0727334 9.9946E-05 9.9946E-05 0.0297523 9.9946E-05 9.9946E-05
0.0714541 0.211513 0.322251 0.0305053 0.0496888 0.0335727 0.0424321 0.225412 0.0130716 9.9991E-05
0.148253 0.253229 0.299724 9.9964E-05 9.9964E-05 0.0139959 9.9964E-05 0.2643 9.9964E-05 0.0200979
9.9973E-05 0.390436 0.452531 9.9973E-05 0.0218933 0.0029889 0.0193069 0.0912461 9.9973E-05 0.0212979
0.0982032 0.232936 0.463841 0.000478936 0.0985579 9.9964E-05 9.9964E-05 0.105584 9.9964E-05 9.9964E-05
0.070074 0.21875 0.291003 0.034741 0.0128723 0.0240985 0.00189195 0.327422 9.9991E-05 0.0190471
9.9937E-05 0.655346 0.242487 9.9937E-05 9.9937E-05 9.9937E-05 9.9937E-05 0.101467 9.9937E-05 9.9937E-05
0.561273 0.0418224 0.124584 0.00173721 0.121375 0.0131109 0.123956 9.9982E-05 0.0119417 9.9982E-05
0.695277 9.9955E-05 0.13562 9.9955E-05 0.0709898 0.0271549 0.0704581 9.9955E-05 9.9955E-05 9.9955E-05
0.65994 9.9964E-05 9.9964E-05 9.9964E-05 0.0512618 9.9964E-05 0.105145 0.0865099 0.0820283 0.0147153
0.604567 9.9973E-05 0.155156 0.0224268 0.114208 0.00147461 0.0958689 9.9973E-05 0.00599857 9.9973E-05
0.45109 0.334539 9.9955E-05 9.9955E-05 0.0506996 0.0158275 0.147345 9.9955E-05 9.9955E-05 9.9955E-05
0.628898 0.194197 9.9973E-05 0.0230585 9.9973E-05 0.0197458 0.0893776 0.0249527 9.9973E-05 0.0194713
0.52815 0.165246 9.9964E-05 0.113042 9.9964E-05 0.0352313 0.138701 9.9964E-05 9.9964E-05 0.0192311
0.684497 0.11029 0.00701335 0.0491577 9.9964E-05 9.9964E-05 0.131899 9.9964E-05 0.0167434 9.9964E-05
0.485146 0.226074 9.9964E-05 0.158792 9.9964E-05 9.9964E-05 0.0866874 0.01474 9.9964E-05 0.0281607
0.593023 0.243552 9.9973E-05 0.0118002 9.9973E-05 0.0466597 0.0671226 9.9973E-05 0.0206201 0.0169226
0.580655 0.0758405 0.121593 0.0215957 0.110871 0.0283757 0.0607688 9.9973E-05 9.9973E-05 9.9973E-05
0.526911 0.219709 9.9973E-05 0.066866 0.0360203 0.0387615 0.101646 9.9973E-05 9.9973E-05 0.00978647
9.9955E-05 0.0215351 9.9955E-05 0.0118145 0.879168 0.000163649 9.9955E-05 9.9955E-05 9.9955E-05 0.086819
0.0129213 9.9955E-05 9.9955E-05 9.9955E-05 0.960692 9.9955E-05 0.0162068 0.00086661 9.9955E-05 0.00881357
9.99371E-05 0.0733718 9.99371E-05 9.99371E-05 0.868238 9.99371E-05 9.99371E-05 9.99371E-05 9.99371E-05 0.0576908
9.9928E-05 9.9928E-05 9.9928E-05 9.9928E-05 0.997086 9.9928E-05 9.9928E-05 9.9928E-05 9.9928E-05 0.00211474
9.99201E-05 9.99201E-05 9.99201E-05 9.99201E-05 0.999101 9.99201E-05 9.99201E-05 9.99201E-05 9.99201E-05 9.99201E-05
0.114824 9.9955E-05 9.9955E-05 9.9955E-05 0.728079 9.9955E-05 9.9955E-05 0.0364194 0.000951048 0.119227
0.0195299 9.9946E-05 0.0315605 9.9946E-05 0.899587 9.9946E-05 9.9946E-05 9.9946E-05 9.9946E-05 0.0487232
0.0205494 9.9946E-05 0.0534051 0.00550183 0.919944 9.9946E-05 9.9946E-05 9.9946E-05 9.9946E-05 9.9946E-05
0.014666 9.9955E-05 9.9955E-05 9.9955E-05 0.94727 9.9955E-05 0.0161584 0.00236355 0.0190426 9.9955E-05
9.99201E-05 0.999101 9.99201E-05 9.99201E-05 9.99201E-05 9.99201E-05 9.99201E-05 9.99201E-05 9.99201E-05 9.99201E-05
9.9964E-05 0.863353 0.0629911 0.0176534 0.0335559 9.9964E-05 9.9964E-05 9.9964E-05 0.0191429 0.00290351
0.00970731 0.632457 9.9955E-05 9.9955E-05 9.9955E-05 9.9955E-05 0.00711974 0.309581 9.9955E-05 0.0406352
0.175153 0.579833 0.074065 9.9955E-05 9.9955E-05 9.9955E-05 9.9955E-05 0.165673 0.00477663 9.9955E-05
0.213031 0.404889 0.209257 9.9973E-05 0.0922632 9.9973E-05 0.010304 0.0684276 0.0015279 9.9973E-05
0.363618 0.334219 0.138328 9.9973E-05 0.0844699 9.9973E-05 0.00037892 0.0535305 0.0251546 9.9973E-05
0.13751 0.737935 9.9982E-05 9.9982E-05 0.0220959 0.00197606 0.0327269 0.0220256 0.0453298 0.000200154
0.0250504 0.969294 9.99369E-05 9.99369E-05 9.99369E-05 9.99369E-05 9.99369E-05 9.99369E-05 9.99369E-05 0.00495594
0.00971709 0.697255 0.143163 0.05977 0.00675146 9.9973E-05 0.0126642 0.0703792 9.9973E-05 9.9973E-05
0.114291 0.866248 9.9946E-05 9.9946E-05 9.9946E-05 0.00574796 9.9946E-05 9.9946E-05 9.9946E-05 0.0131134
0.113457 0.698271 0.102147 0.0685267 0.016948 0.000250327 9.9964E-05 9.9964E-05 9.9964E-05 9.9964E-05
9.9946E-05 0.864518 0.0904414 9.9946E-05 0.0361172 9.9946E-05 0.00832423 9.9946E-05 9.9946E-05 9.9946E-05
0.0261472 9.9955E-05 0.101462 0.77174 0.0884581 0.0116926 9.9955E-05 9.9955E-05 9.9955E-05 9.9955E-05
0.0850269 9.9964E-05 9.9964E-05 0.862983 9.9964E-05 0.0143477 9.9964E-05 0.00426125 0.006142 0.0268393
0.174765 0.00818622 0.184671 0.517146 0.114732 9.9955E-05 9.9955E-05 9.9955E-05 9.9955E-05 9.9955E-05
0.0699476 0.000523286 0.124564 0.686044 0.118421 9.9955E-05 9.9955E-05 9.9955E-05 9.9955E-05 9.9955E-05
9.9946E-05 0.254889 9.9946E-05 0.710909 9.9946E-05 9.9946E-05 0.0264956 9.9946E-05 9.9946E-05 0.00710716
0.123773 9.9964E-05 0.129942 0.588234 0.131186 9.9964E-05 0.0158737 9.9964E-05 0.0105917 9.9964E-05
0.239604 9.9955E-05 9.9955E-05 0.684686 0.0584188 9.9955E-05 9.9955E-05 0.010975 9.9955E-05 0.00581594
0.138015 9.9946E-05 0.121567 0.626835 0.112982 9.9946E-05 9.9946E-05 9.9946E-05 9.9946E-05 9.9946E-05
0.0462813 0.0248142 9.9964E-05 0.852546 9.9964E-05 0.000705361 9.9964E-05 0.0530732 9.9964E-05 0.0221801
0.125402 9.9964E-05 0.00331732 0.83753 0.00292515 9.9964E-05 9.9964E-05 0.0120106 0.0184159 9.9964E-05
0.0139072 0.0224258 0.0535316 0.805059 0.0190114 0.0372936 0.0348129 9.9982E-05 9.9982E-05 0.0137583
9.9946E-05 0.184165 0.0351879 9.9946E-05 9.9946E-05 9.9946E-05 9.9946E-05 0.0488331 0.731214 9.9946E-05
9.9964E-05 0.11177 0.174027 9.9964E-05 9.9964E-05 0.0184391 0.0176664 0.0310657 0.646631 9.9964E-05
9.9973E-05 0.0455375 0.262723 0.00760258 0.0396786 9.9973E-05 0.00447339 9.9973E-05 0.625684 0.0140018
0.0627296 9.9973E-05 0.223081 9.9973E-05 0.0242013 0.0359687 9.9973E-05 0.069472 0.558018 0.0262302
0.12314 9.9964E-05 0.144081 9.9964E-05 0.057613 9.9964E-05 9.9964E-05 0.0793031 0.593137 0.00232558
0.137054 9.99549E-05 0.217219 9.99549E-05 0.0732572 9.99549E-05 9.99549E-05 0.0415979 0.530372 9.99549E-05
0.151615 9.9964E-05 0.1885 9.9964E-05 0.0199775 9.9964E-05 9.9964E-05 0.0188177 0.605509 0.0151812
9.9955E-05 9.9955E-05 0.0901439 0.0562589 9.9955E-05 9.9955E-05 9.9955E-05 0.101885 0.731256 0.0199573
9.9955E-05 0.115068 0.17073 9.9955E-05 9.9955E-05 0.0236095 9.9955E-05 0.0722087 0.617884 9.9955E-05
0.0605596 9.9964E-05 0.22362 9.9964E-05 0.0343555 0.0296724 9.9964E-05 0.0475548 0.603838 9.9964E-05
0.0493588 0.00298711 0.234188 9.9964E-05 0.0685821 9.9964E-05 9.9964E-05 0.05688 0.587604 9.9964E-05
0.140587 9.99549E-05 0.134226 9.99549E-05 0.0551478 9.99549E-05 9.99549E-05 0.0204686 0.649071 9.99549E-05
0.162257 9.9973E-05 0.616129 9.9973E-05 9.9973E-05 0.0183798 0.0012638 0.110999 0.0657206 0.0249509
0.0240379 9.9964E-05 0.867319 0.0176326 0.0459043 0.00261347 0.0420926 9.9964E-05 9.9964E-05 9.9964E-05
9.9973E-05 0.0532558 0.66745 9.9973E-05 9.9973E-05 0.0347226 0.0161856 0.174613 0.0212234 0.0322497
9.9991E-05 0.033014 0.779715 0.0308424 0.0601977 0.0167275 0.024514 0.0069127 0.0359545 0.0120221
0.0317775 9.9955E-05 0.840648 9.9955E-05 0.0842595 9.9955E-05 0.0352927 9.9955E-05 0.007522 9.9955E-05
0.157301 9.9964E-05 0.65742 9.9964E-05 9.9964E-05 9.9964E-05 0.0232365 0.0931674 0.0523045 0.0161708
0.000697742 0.0612451 0.712385 0.0179998 9.9973E-05 0.0438671 0.0387428 0.124762 9.9973E-05 9.9973E-05
0.0747416 0.0663246 0.69607 0.0170911 9.9991E-05 0.0092909 0.0145014 0.0833739 0.0185036 0.0200033
9.9973E-05 0.0205693 0.901238 0.0128182 0.0363552 0.00825275 0.00564353 9.9973E-05 9.9973E-05 0.014823
0.0561793 0.00250193 0.843731 0.0235601 0.0502144 0.0234133 9.9964E-05 9.9964E-05 9.9964E-05 9.9964E-05
9.9982E-05 0.117926 0.699086 0.0215531 9.9982E-05 0.0390595 0.0127354 0.0310107 0.0494384 0.0289903
0.0843989 9.9955E-05 0.831602 9.9955E-05 0.065787 9.9955E-05 9.9955E-05 9.9955E-05 0.0174201 0.000292595
0.00823098 9.9946E-05 9.9946E-05 0.0259831 9.9946E-05 9.9946E-05 9.9946E-05 0.0463326 0.918854 9.9946E-05
9.9946E-05 0.0377554 9.9946E-05 0.00499833 9.9946E-05 9.9946E-05 0.00164256 9.9946E-05 0.955004 9.9946E-05
9.9937E-05 0.0244531 9.9937E-05 9.9937E-05 9.9937E-05 0.0134768 9.9937E-05 9.9937E-05 0.961371 9.9937E-05
0.00571207 9.9955E-05 0.0809904 9.9955E-05 0.0137023 9.9955E-05 9.9955E-05 9.9955E-05 0.883495 0.0156008
0.0875319 9.9946E-05 9.9946E-05 9.9946E-05 0.0192027 9.9946E-05 9.9946E-05 0.00941915 0.883247 9.9946E-05
0.105957 9.9955E-05 0.0222538 9.9955E-05 0.0570887 0.00273149 9.9955E-05 9.9955E-05 0.811469 9.9955E-05
0.0787404 9.9964E-05 0.0381817 9.9964E-05 0.00632734 9.9964E-05 0.00244684 0.0228192 0.851085 9.9964E-05
0.0379363 9.9946E-05 0.0474703 9.9946E-05 0.0548052 9.9946E-05 9.9946E-05 9.9946E-05 0.859188 9.9946E-05
9.9937E-05 0.0658249 9.9937E-05 9.9937E-05 9.9937E-05 0.0133001 9.9937E-05 9.9937E-05 0.920175 9.9937E-05
9.9928E-05 0.0903122 9.9928E-05 9.9928E-05 9.9928E-05 9.9928E-05 9.9928E-05 9.9928E-05 0.908888 9.9928E-05
9.9955E-05 0.000758307 9.9955E-05 0.0358914 9.9955E-05 9.9955E-05 0.010486 9.9955E-05 0.945538 0.00682654
0.0594484 9.9946E-05 9.9946E-05 9.9946E-05 9.9946E-05 0.00946709 9.9946E-05 9.9946E-05 0.901643 0.028842
0.121426 0.170004 0.0436455 0.524104 0.137862 9.9964E-05 9.9964E-05 9.9964E-05 0.00255913 9.9964E-05
0.00626574 0.148497 0.0210635 0.626981 0.0893185 0.029699 0.0184695 0.0271022 0.00587045 0.026733
9.9964E-05 0.127454 9.9964E-05 0.752385 9.9964E-05 0.0171095 0.0214303 0.026459 9.9964E-05 0.0547632
0.0934428 0.0386222 0.0425146 0.567764 0.123278 0.0288819 0.000512832 0.0617094 0.0224589 0.0208152
0.0565647 0.138685 0.00974531 0.572981 0.0473295 0.0405026 0.0324339 0.0696653 9.9991E-05 0.0319927
0.2226 9.9964E-05 0.0305413 0.528181 0.125045 9.9964E-05 9.9964E-05 0.0629119 0.0303208 9.9964E-05
0.168481 9.9964E-05 9.9964E-05 0.768266 9.9964E-05 0.0234371 0.000179753 9.9964E-05 0.0212028 0.0180338
0.0980275 9.9973E-05 9.9973E-05 0.750561 9.9973E-05 0.0311207 0.0244938 0.0483535 0.0294224 0.0177206
9.9955E-05 0.160225 9.9955E-05 0.724949 9.9955E-05 0.0527924 9.9955E-05 0.0329568 9.9955E-05 0.0285765
0.14643 9.9982E-05 9.9982E-05 0.749217 0.00481695 0.00672852 0.00450001 0.0210869 0.0341892 0.0328322
9.9955E-05 0.0831115 0.070341 0.804527 0.0126177 9.9955E-05 9.9955E-05 9.9955E-05 9.9955E-05 0.0289033
9.9964E-05 0.0402834 9.9964E-05 0.851099 9.9964E-05 0.0508328 9.9964E-05 0.0248917 0.00973275 0.0227604
0.0368691 0.082957 9.9964E-05 0.786707 9.9964E-05 0.0185297 9.9964E-05 0.0276762 9.9964E-05 0.046861
9.9946E-05 0.225432 9.9946E-05 0.702833 9.9946E-05 0.068173 9.9946E-05 9.9946E-05 9.9946E-05 0.00296223
0.23452 9.9973E-05 0.011786 0.588405 0.0477352 9.9973E-05 0.0202552 0.0836368 9.9973E-05 0.013362
9.99201E-05 9.99201E-05 9.99201E-05 9.99201E-05 9.99201E-05 9.99201E-05 9.99201E-05 0.999101 9.99201E-05 9.99201E-05
0.123027 9.9964E-05 0.020123 9.9964E-05 0.0323187 9.9964E-05 9.9964E-05 0.556115 0.266323 0.00169297
9.99369E-05 9.99369E-05 9.99369E-05 9.99369E-05 0.0242699 9.99369E-05 9.99369E-05 0.965075 0.00995568 9.99369E-05
0.0503416 9.9964E-05 0.0365613 9.9964E-05 0.0309369 0.00629893 9.9964E-05 0.83246 0.0430017 9.9964E-05
0.199053 9.99459E-05 0.110396 9.99459E-05 9.99459E-05 9.99459E-05 9.99459E-05 0.598413 0.0915384 9.99459E-05
9.9955E-05 0.0138204 0.169427 9.9955E-05 0.0848128 9.9955E-05 9.9955E-05 0.531353 0.200087 9.9955E-05
9.9964E-05 0.0464912 9.9964E-05 0.0356918 9.9964E-05 0.0115485 0.0066337 0.790274 0.10896 9.9964E-05
9.9946E-05 9.9946E-05 9.9946E-05 9.9946E-05 0.00388679 0.0187379 9.9946E-05 0.904147 0.0726282 9.9946E-05
0.5903 0.114267 0.0916009 9.9964E-05 0.142256 0.0365331 9.9964E-05 9.9964E-05 0.0246441 9.9964E-05
0.584448 0.240215 9.9964E-05 0.0706941 0.0243109 0.0578143 0.0221183 9.9964E-05 9.9964E-05 9.9964E-05
9.99201E-05 9.99201E-05 9.99201E-05 9.99201E-05 9.99201E-05 0.999101 9.99201E-05 9.99201E-05 9.99201E-05 9.99201E-05
0.473793 0.108718 0.0645593 0.130433 0.0333993 0.0156071 9.9991E-05 0.138185 0.0180655 0.0171388
0.524195 0.193764 9.9973E-05 0.126337 9.9973E-05 0.0214066 9.9973E-05 0.0578732 0.052901 0.023223
0.642909 0.0412503 0.011663 0.131326 9.9982E-05 0.0416989 0.0185885 0.0868218 9.9982E-05 0.025543
9.99201E-05 9.99201E-05 9.99201E-05 9.99201E-05 9.99201E-05 0.999101 9.99201E-05 9.99201E-05 9.99201E-05 9.99201E-05
0.0336715 9.9964E-05 0.0157033 9.9964E-05 0.0286882 0.901253 0.00150362 9.9964E-05 0.0187807 9.9964E-05
0.53298 0.130525 0.0240873 0.0678648 0.0581635 0.0745799 0.0305338 0.0810657 9.9982E-05 9.9982E-05
0.539671 0.129243 0.13385 0.0621653 0.00720064 0.0189187 0.0540765 9.9982E-05 9.9982E-05 0.0546747
0.483092 0.141186 0.0310051 0.0428649 0.0695481 0.122434 0.0401733 0.0451181 0.00920266 0.015376
0.677603 0.0401052 9.9973E-05 0.0801932 0.0426762 0.04858 0.026593 0.0839496 9.9973E-05 9.9973E-05
0.61873 0.172845 9.9982E-05 0.0412995 9.9982E-05 0.0402767 0.0366089 0.0477355 0.0136902 0.0286142
0.865652 9.9964E-05 0.0282403 9.9964E-05 9.9964E-05 0.0167258 9.9964E-05 0.0372538 0.00713287 0.0445958
0.801647 0.0160102 0.0281774 0.0281859 0.0370404 0.0269045 0.0349158 0.0173118 0.00970703 9.9991E-05
0.817444 0.0357861 9.9964E-05 9.9964E-05 9.9964E-05 0.0285615 0.0102575 0.0596016 9.9964E-05 0.047949
0.77432 0.10753 0.00784401 0.0465678 9.9973E-05 0.0135172 0.0307101 9.9973E-05 9.9973E-05 0.01921
0.656036 0.0284074 9.9982E-05 0.0787463 0.0147042 0.0381124 0.0450693 0.0839234 9.9982E-05 0.054801
0.638103 0.187193 0.0292457 9.9973E-05 0.0470895 0.0526368 0.0316075 9.9973E-05 9.9973E-05 0.0138248
0.631648 0.118749 0.052335 0.0427429 0.110337 0.0113875 0.0325 9.9973E-05 9.9973E-05 9.9973E-05
0.733269 9.9964E-05 0.00772236 9.9964E-05 0.102206 9.9964E-05 0.0353922 0.0871126 0.0338981 9.9964E-05
0.578248 0.0992062 0.131282 0.00605605 0.108829 0.0466685 0.0294102 9.9973E-05 9.9973E-05 9.9973E-05
0.901571 9.9946E-05 9.9946E-05 9.9946E-05 9.9946E-05 0.0246406 9.9946E-05 0.0386868 9.9946E-05 0.0345016
