0.136602 0.0243434 0.627586 0.0254981 0.132454 0.0535161
0.107041 0.0230823 0.673323 0.0110005 0.185453 9.9991E-05
0.0917913 0.0288116 0.702847 0.0206046 0.0996635 0.0562819
0.0631449 0.0149718 0.802393 0.0740421 0.0453481 9.9991E-05
9.9982E-05 0.0298112 0.904529 9.9982E-05 0.059203 0.00625729
9.9982E-05 0.0163707 0.918888 0.0152934 9.9982E-05 0.0492481
0.142217 0.0247558 0.58514 0.106885 0.140902 9.9991E-05
0.136121 0.00618114 0.646867 0.0817526 0.128979 9.9991E-05
0.162518 9.9982E-05 0.649474 0.0568057 0.131002 9.9982E-05
9.996E-05 0.9995 9.996E-05 9.996E-05 9.996E-05 9.996E-05
9.9982E-05 0.128296 0.0436559 9.9982E-05 0.708446 0.119402
0.0450262 0.127771 0.0658066 0.0399033 0.643927 0.0775658
0.0812332 0.624058 9.9991E-05 0.0813609 0.208557 0.00469115
0.0471287 0.714461 0.0325298 0.0571475 0.148633 9.9991E-05
9.9964E-05 0.997719 9.9964E-05 0.00188088 9.9964E-05 9.9964E-05
0.047933 0.382609 9.9991E-05 0.0273436 0.475209 0.0668056
9.996E-05 0.9995 9.996E-05 9.996E-05 9.996E-05 9.996E-05
0.056781 0.689072 9.9991E-05 0.00608665 0.212624 0.0353362
0.05586 0.782227 9.9982E-05 0.0429071 0.118806 9.9982E-05
0.000711337 0.109616 0.155876 0.0489907 0.588895 0.09591
9.996E-05 0.9995 9.996E-05 9.996E-05 9.996E-05 9.996E-05
0.0860794 0.0209698 9.9991E-05 0.0677289 0.609593 0.215529
0.0461325 0.0192296 0.0794243 0.0360179 0.692689 0.126507
0.0155543 0.0550465 0.141263 0.0399536 0.575304 0.172878
0.0151823 0.0213719 9.9991E-05 0.00212597 0.858377 0.102842
9.999E-05 0.052453 0.176305 0.0519397 0.477806 0.241397
0.0299542 0.0378939 0.067382 0.0442934 0.584967 0.235509
0.0790912 9.9982E-05 9.9982E-05 0.0588582 0.766552 0.0952988
0.0476442 0.0505958 0.0596699 0.0243109 0.64031 0.177469
0.0706866 0.0282619 9.9991E-05 0.0490159 0.786862 0.0650734
0.0539284 0.0523257 9.9991E-05 0.0468346 0.725798 0.121014
0.442969 0.0126306 0.450085 0.0473991 0.0466348 0.000281098
0.30347 9.9991E-05 0.528044 0.00757823 0.150026 0.0107818
0.326717 9.9982E-05 0.524911 0.0367551 0.111417 9.9982E-05
0.317831 9.9973E-05 0.667992 0.0138775 9.9973E-05 9.9973E-05
0.360026 9.9982E-05 0.497787 0.0282459 0.113742 9.9982E-05
0.37112 9.9982E-05 0.572705 0.0352255 9.9982E-05 0.0207496
0.291227 9.9982E-05 0.618415 0.0490642 0.0410938 9.9982E-05
0.299975 9.9973E-05 0.671769 0.0279552 9.9973E-05 9.9973E-05
0.281961 0.0389104 0.678829 9.9973E-05 9.9973E-05 9.9973E-05
0.334378 9.9982E-05 0.636689 0.0164859 9.9982E-05 0.0122465
9.9982E-05 0.021387 9.9982E-05 0.930825 0.0429769 0.00461148
0.00995511 9.9973E-05 9.9973E-05 0.962268 9.9973E-05 0.0274769
0.0278022 9.9973E-05 9.9973E-05 0.919274 0.0526234 9.9973E-05
0.0241905 9.9973E-05 9.9973E-05 0.895037 0.0804731 9.9973E-05
0.0255547 9.9973E-05 9.9973E-05 0.882244 0.0919009 9.9973E-05
0.0516048 9.9973E-05 9.9973E-05 0.898489 0.0496062 9.9973E-05
0.0449318 0.0092499 0.00707308 0.787887 0.133135 0.0177229
9.9973E-05 0.0328775 9.9973E-05 0.961095 9.9973E-05 0.00572781
9.996E-05 9.996E-05 9.996E-05 0.9995 9.996E-05 9.996E-05
0.0369715 9.9973E-05 9.9973E-05 0.95697 0.0057582 9.9973E-05
9.996E-05 9.996E-05 9.996E-05 0.9995 9.996E-05 9.996E-05
9.996E-05 9.996E-05 9.996E-05 0.9995 9.996E-05 9.996E-05
0.0577377 9.9964E-05 9.9964E-05 9.9964E-05 9.9964E-05 0.941862
0.0613031 0.014449 0.00367958 9.9991E-05 0.149828 0.77064
0.0453687 0.00701309 0.0968962 0.0343524 0.264703 0.551667
0.0251984 0.0411427 9.9991E-05 0.0222992 0.0671147 0.844145
0.0486398 9.9991E-05 0.0382169 0.0632474 0.18798 0.661816
0.0579814 0.0322384 0.0174822 0.061432 0.0668734 0.763993
0.097645 9.9982E-05 9.9982E-05 0.0367322 0.00760867 0.857814
0.0656755 0.015064 9.9991E-05 0.0594805 0.06788 0.7918
0.0131674 0.045755 0.78704 9.9982E-05 9.9982E-05 0.153837
9.9973E-05 0.00621966 0.914738 9.9973E-05 9.9973E-05 0.0787426
0.0951457 0.0144485 0.66673 0.0391202 0.184456 9.9991E-05
0.0840182 0.0361497 0.786608 0.0287827 0.0426711 0.0217699
9.9991E-05 0.0052499 0.758012 0.033065 0.0362975 0.167275
0.129315 0.0572662 0.555929 0.0233697 0.129995 0.104125
0.084938 0.017821 0.64002 0.00848299 0.229006 0.0197318
0.0678485 0.0521856 0.74356 0.0363054 9.9991E-05 0.1
0.0818755 9.9991E-05 0.63517 0.0592321 0.16759 0.0560318
0.075461 0.0100568 0.689182 0.0201787 0.134234 0.0708877
9.9973E-05 0.000430672 0.944354 9.9973E-05 9.9973E-05 0.0549157
0.0833457 0.136292 0.0238458 0.0725743 0.641217 0.0427251
0.100729 0.0813432 9.9991E-05 0.055867 0.731834 0.0301269
0.153671 0.131965 9.9982E-05 0.0514011 0.662763 9.9982E-05
0.124026 0.116677 0.00983772 0.0615118 0.658386 0.0295619
9.9991E-05 0.179559 0.109946 0.0126717 0.564378 0.133346
9.9982E-05 0.133286 0.0839491 9.9982E-05 0.674964 0.107602
9.9982E-05 0.164359 0.0504591 9.9982E-05 0.598236 0.186746
0.0500757 0.169807 9.9982E-05 9.9982E-05 0.655566 0.124351
9.9982E-05 0.119094 0.116083 9.9982E-05 0.479746 0.284876
0.0145873 0.105701 0.102109 9.9991E-05 0.672934 0.104569
0.0650454 0.0628035 0.0488166 0.0786355 0.687757 0.0569417
9.9991E-05 0.133107 0.0704003 0.0125377 0.61732 0.166535
0.0182681 0.00980866 0.0261012 0.795032 0.0598802 0.0909098
0.0355559 0.0126951 9.9991E-05 0.778012 0.123601 0.0500356
9.9982E-05 0.0118464 0.033579 0.814117 9.9982E-05 0.140258
0.0222695 0.00236317 0.0347172 0.867071 0.0526705 0.0209089
0.0192267 9.9982E-05 9.9982E-05 0.873059 0.076693 0.0308211
0.0380971 0.00482365 9.9982E-05 0.730819 0.22606 9.9982E-05
0.0539406 0.0101837 9.9991E-05 0.779012 0.127183 0.0295807
0.0553037 9.9991E-05 0.0179608 0.70789 0.157292 0.0614528
0.0632727 0.0244334 9.9991E-05 0.747871 0.151116 0.0132062
9.9982E-05 0.0621004 0.449414 9.9982E-05 0.24025 0.248036
9.9982E-05 0.064029 0.619727 9.9982E-05 0.0170492 0.298994
9.9991E-05 0.0697181 0.697806 0.0111963 0.115681 0.105499
9.9982E-05 0.0452805 0.591077 9.9982E-05 0.212144 0.151299
0.0464925 0.0425006 0.498337 0.0366662 0.331644 0.0443599
0.0703543 0.0133407 0.33928 0.0280746 0.435824 0.113126
0.0182504 0.111762 0.428953 0.0079286 0.28628 0.146826
9.9982E-05 0.0889794 0.453649 9.9982E-05 0.213704 0.243468
9.9982E-05 0.0662285 0.637734 9.9982E-05 0.0441721 0.251666
9.9982E-05 0.0751029 0.410912 9.9982E-05 0.287842 0.225944
9.9973E-05 9.9973E-05 0.509462 9.9973E-05 0.214958 0.27528
9.9991E-05 0.0860609 0.581978 0.000939402 0.0925744 0.238348
0.0593871 0.00350292 0.0128281 0.0243534 0.0611934 0.838735
0.0176434 9.9982E-05 9.9982E-05 0.00173804 0.105626 0.874793
0.0813716 9.9991E-05 0.0968897 0.0613141 0.204042 0.556283
0.0556139 9.9991E-05 0.0625219 0.0654202 0.0686701 0.747674
9.9973E-05 0.0502933 0.0732898 9.9973E-05 9.9973E-05 0.876117
0.0915849 0.0261629 0.0506485 0.0865394 0.140378 0.604687
0.030848 0.00629701 9.9991E-05 0.0496798 0.173756 0.739319
0.0506213 9.9991E-05 0.0429166 0.063976 0.124336 0.71805
9.9982E-05 9.9982E-05 0.0417074 0.0121568 0.0542466 0.891689
0.0516887 9.9973E-05 9.9973E-05 9.9973E-05 0.100335 0.847677
0.0453056 0.0387438 0.00565678 0.0246278 0.0594163 0.82625
0.750294 9.9964E-05 0.249307 9.9964E-05 9.9964E-05 9.9964E-05
0.731164 0.0212074 0.208684 9.9982E-05 9.9982E-05 0.0387442
0.771875 0.0124996 0.143558 0.0434677 9.9991E-05 0.0284999
0.687597 9.9982E-05 0.159747 0.0321569 0.120299 9.9982E-05
0.715891 9.9982E-05 0.116456 0.058251 0.109202 9.9982E-05
0.717154 9.9982E-05 0.0506491 0.0650548 0.166942 9.9982E-05
0.742047 9.9982E-05 0.0787674 0.0291561 0.14983 9.9982E-05
0.842377 0.00238067 0.0983313 9.9982E-05 9.9982E-05 0.0567113
0.702746 9.9973E-05 0.274201 9.9973E-05 9.9973E-05 0.0227525
0.733904 9.9982E-05 0.142753 0.0106511 0.112493 9.9982E-05
0.692837 9.9982E-05 0.183929 0.0557083 0.0673257 9.9982E-05
0.80908 0.00218043 0.00649582 0.0454006 0.136743 9.9991E-05
0.338277 9.9982E-05 0.452022 0.0141733 0.195328 9.9982E-05
0.261412 0.0261052 0.619185 0.0437354 0.049463 9.9991E-05
0.253777 0.000903253 0.678237 0.0120105 0.0549722 9.9991E-05
0.290312 0.0228095 0.591473 0.070524 0.00220833 0.0226736
0.321308 0.0161188 0.510028 0.0584202 0.0940252 9.9991E-05
0.309629 0.0179158 0.486677 0.0410442 0.144634 9.9991E-05
0.243895 0.0312774 0.651489 0.00523843 0.0680007 9.9991E-05
0.242689 0.00145061 0.632151 0.0321631 0.0914455 9.9991E-05
0.303211 0.00203364 0.620237 0.0484875 0.0179137 0.00811694
0.28054 9.9982E-05 0.593662 0.0536529 0.0719445 9.9982E-05
0.279849 0.00899485 0.629189 0.0115486 0.0315544 0.0388642
0.344211 9.9982E-05 0.506559 0.0614638 0.0875661 9.9982E-05
0.961506 0.01373 9.9973E-05 9.9973E-05 9.9973E-05 0.0244645
0.977846 0.00965727 9.9973E-05 9.9973E-05 9.9973E-05 0.0121963
0.9995 9.996E-05 9.996E-05 9.996E-05 9.996E-05 9.996E-05
0.973813 9.9964E-05 9.9964E-05 0.0257872 9.9964E-05 9.9964E-05
0.950093 9.99741E-05 9.99741E-05 0.00498716 0.0446195 9.99741E-05
0.869686 9.9973E-05 9.9973E-05 0.0319645 0.0980497 9.9973E-05
0.925061 0.00910861 0.00810777 0.00768184 0.0499403 9.9991E-05
0.937139 9.9982E-05 9.9982E-05 0.0236008 0.0248629 0.0141971
0.977798 9.9964E-05 9.9964E-05 9.9964E-05 9.9964E-05 0.0218022
0.971241 9.9964E-05 9.9964E-05 9.9964E-05 9.9964E-05 0.0283587
0.974846 0.00357367 9.9973E-05 9.9973E-05 9.9973E-05 0.0212804
0.941563 0.0055799 9.9982E-05 0.0129749 0.039682 9.9982E-05
0.0307796 0.00736934 0.136881 0.0900127 0.119465 0.615493
0.00389946 0.011203 0.109122 0.0989624 0.0986613 0.678152
9.9982E-05 0.0412105 0.0718599 0.0231326 9.9982E-05 0.863597
0.0544415 9.9991E-05 0.0720578 0.112119 0.165599 0.595683
9.9991E-05 0.0476724 0.109721 0.0634808 0.149565 0.62946
0.0938744 9.9991E-05 0.000804428 0.0897045 0.266569 0.548948
0.0462133 0.00746599 9.9982E-05 9.9982E-05 0.135476 0.810645
0.05013 0.0336348 9.9991E-05 0.0124526 0.132951 0.770732
9.9982E-05 0.00247352 0.117732 9.9982E-05 0.0240666 0.855528
0.0687322 0.0105008 9.9991E-05 0.0308744 0.10288 0.786912
0.0385314 0.00726347 0.0233567 0.0276117 9.9991E-05 0.903137
0.0159926 0.0045326 0.0357283 0.0164381 9.9991E-05 0.927208
9.9991E-05 0.010297 0.0835016 0.0219972 0.0592685 0.824836
9.9973E-05 0.0313842 0.086891 9.9973E-05 9.9973E-05 0.881425
0.0745716 0.0390678 9.9991E-05 0.0659582 0.201863 0.618439
0.168847 9.9991E-05 0.728134 0.00708399 0.0307268 0.0651082
0.400529 0.00444487 0.388171 0.057945 0.14881 9.9991E-05
0.170681 9.9991E-05 0.710978 0.0393988 0.0484093 0.030433
0.17273 9.9991E-05 0.689687 0.0252873 0.0902797 0.0219159
0.266293 9.9982E-05 0.48762 0.00733633 0.238551 9.9982E-05
0.34468 9.9991E-05 0.539873 0.0502983 0.0341494 0.0308991
0.231482 0.0291832 0.626376 9.9982E-05 9.9982E-05 0.11276
0.209795 0.014867 0.695935 0.0343689 0.044934 9.9991E-05
0.0750335 0.0083875 0.0549282 0.0837287 0.777822 9.9991E-05
9.9982E-05 0.0532634 0.0583214 9.9982E-05 0.744784 0.143431
9.996E-05 9.996E-05 9.996E-05 9.996E-05 0.9995 9.996E-05
0.0601513 9.9991E-05 0.20158 0.0400582 0.53271 0.165401
0.0633042 0.0362738 0.0837889 9.9991E-05 0.57839 0.238143
9.9991E-05 0.0388246 0.075444 0.0242047 0.704978 0.156449
9.9982E-05 0.00755302 0.0598135 9.9982E-05 0.878334 0.0540992
9.9982E-05 0.0108121 0.0624326 0.00670848 0.919847 9.9982E-05
0.0155732 0.0651935 0.137805 0.0248023 0.637762 0.118864
0.0372231 0.059162 0.101678 0.0512685 0.638414 0.112254
0.0329991 0.051332 0.0886886 0.0457655 0.683624 0.0975912
0.0459683 0.0557715 0.0151739 0.0227319 0.765052 0.0953025
0.0311909 0.0762029 0.0900355 0.0068979 0.678605 0.117067
0.0717047 9.9973E-05 9.9973E-05 0.0439914 0.884004 9.9973E-05
0.0443314 0.0543351 9.9991E-05 0.00541609 0.85493 0.0408876
0.00483338 0.0261713 0.0313202 0.0420007 0.895574 9.9991E-05
0.01478 0.0733511 9.9982E-05 9.9982E-05 0.800068 0.1116
0.0200729 0.0466648 0.0384581 0.0471319 0.697391 0.150282
0.01504 0.0599229 0.0675826 0.0308577 0.752573 0.074024
0.0236536 0.0655065 0.017259 0.0584603 0.745626 0.0894948
0.11709 0.0594174 9.9991E-05 0.0709803 0.720334 0.0320789
0.0641132 0.0578155 0.0708242 0.0670431 0.676284 0.06392
0.00901373 0.00913865 0.00409776 0.0300346 0.947615 9.9991E-05
