0.0223357 0.142895 0.146318 0.599633 0.0687668 0.0200517
0.0173139 0.192407 0.0982314 0.679844 9.9991E-05 0.012104
0.02823 0.0864338 0.0947532 0.71665 0.0543951 0.0195375
0.019601 0.0373033 0.0770916 0.795957 9.9991E-05 0.0699476
0.0259852 0.0350451 0.0145192 0.913781 0.0105693 9.9991E-05
0.0243825 9.9982E-05 9.9982E-05 0.911893 0.0535406 0.0099836
0.0236309 0.131686 0.127567 0.631088 9.9991E-05 0.0859283
9.9982E-05 0.147134 0.134829 0.644493 9.9982E-05 0.0733438
9.9982E-05 0.0936832 0.183748 0.650298 9.9982E-05 0.0720708
0.9995 9.996E-05 9.996E-05 9.996E-05 9.996E-05 9.996E-05
0.134467 0.698682 0.000804416 0.0634558 0.102491 9.9991E-05
0.12573 0.62573 0.0464826 0.0775921 0.0738818 0.0505837
0.616213 0.212058 0.0883059 9.9982E-05 9.9982E-05 0.0832232
0.701665 0.152345 0.0448054 0.0386231 9.9991E-05 0.0624619
0.9995 9.996E-05 9.996E-05 9.996E-05 9.996E-05 9.996E-05
0.371479 0.463056 0.0567141 9.9991E-05 0.0933226 0.015328
0.9995 9.996E-05 9.996E-05 9.996E-05 9.996E-05 9.996E-05
0.675389 0.204899 0.0547644 9.9991E-05 0.0520678 0.0127791
0.786912 0.120472 0.0567149 9.9982E-05 9.9982E-05 0.035701
0.0975933 0.624331 0.0189694 0.135881 0.0692697 0.0539562
0.9995 9.996E-05 9.996E-05 9.996E-05 9.996E-05 9.996E-05
0.0182982 0.627484 0.0779064 9.9991E-05 0.204034 0.0721778
0.0198946 0.689847 0.064884 0.0534102 0.130214 0.0417497
0.0480173 0.575859 0.0108394 0.148688 0.180811 0.0357842
0.0142716 0.863364 0.00694097 9.9991E-05 0.11422 0.00110307
0.0263114 0.506239 9.9991E-05 0.196167 0.224688 0.0464943
0.0376705 0.616733 0.0413051 0.0399746 0.21046 0.0538568
0.00317545 0.765553 0.0630397 9.9991E-05 0.117969 0.0501629
0.0645549 0.603881 0.0562099 0.0544923 0.198783 0.0220788
0.0174137 0.782049 0.0803909 9.9991E-05 0.0777667 0.0422796
0.0399791 0.749255 0.0456065 9.9991E-05 0.110558 0.0545009
0.00495113 0.0713287 0.444881 0.439744 9.99989E-05 0.0389953
9.9973E-05 0.157593 0.311511 0.530595 9.9973E-05 9.9973E-05
0.00302701 0.111047 0.327904 0.526521 9.9991E-05 0.0314008
9.9973E-05 9.9973E-05 0.329585 0.659738 9.9973E-05 0.0103771
0.00556714 0.0836705 0.349341 0.504643 9.9991E-05 0.0566788
9.9973E-05 9.9973E-05 0.370481 0.592367 9.9973E-05 0.0368518
9.9982E-05 0.0243173 0.299994 0.636572 9.9982E-05 0.0389166
9.9973E-05 9.9973E-05 0.292185 0.678378 9.9973E-05 0.0291374
0.0344988 9.9973E-05 0.284069 0.681132 9.9973E-05 9.9973E-05
9.9982E-05 9.9982E-05 0.346375 0.635541 0.00771539 0.0101692
0.0349476 0.0268008 9.9982E-05 9.9982E-05 0.00756629 0.930485
9.9973E-05 9.9973E-05 0.00591082 9.9973E-05 0.0245328 0.969256
0.0033974 0.0427903 0.0336439 9.9982E-05 9.9982E-05 0.919968
9.9973E-05 0.0752189 0.0177006 9.9973E-05 9.9973E-05 0.906781
9.9973E-05 0.0938936 0.020297 9.9973E-05 9.9973E-05 0.885509
9.9973E-05 0.0538028 0.0422592 9.9973E-05 9.9973E-05 0.903638
9.9982E-05 0.134209 0.0569536 9.9982E-05 0.0147444 0.793893
0.0313319 9.9973E-05 9.9973E-05 9.9973E-05 0.0141301 0.954238
9.996E-05 9.996E-05 9.996E-05 9.996E-05 9.996E-05 0.9995
9.9973E-05 0.0196788 0.0399073 9.9973E-05 9.9973E-05 0.940114
9.996E-05 9.996E-05 9.996E-05 9.996E-05 9.996E-05 0.9995
9.996E-05 9.996E-05 9.996E-05 9.996E-05 9.996E-05 0.9995
9.9964E-05 9.9964E-05 0.0626368 9.9964E-05 0.936963 9.9964E-05
0.0415692 0.110047 0.0545316 9.9982E-05 0.793653 9.9982E-05
0.0151923 0.27181 0.0500137 0.0733382 0.548104 0.0415416
0.0506612 0.0648917 0.0237112 9.9991E-05 0.833732 0.026904
0.0101018 0.17486 0.0565977 0.0399432 0.648891 0.0696068
0.0366743 0.0795375 0.0670698 0.00663504 0.752103 0.0579801
9.9982E-05 0.029762 0.084066 9.9982E-05 0.838414 0.0475581
0.00512753 0.0746415 0.0687172 9.9991E-05 0.809174 0.0422403
0.0424642 9.9973E-05 9.9973E-05 0.810121 0.147115 9.9973E-05
0.00142918 9.9973E-05 9.9973E-05 0.905731 0.0925395 9.9973E-05
0.0145833 0.170728 0.0910843 0.671673 9.9991E-05 0.0518309
0.0342502 0.0410035 0.0710948 0.79334 0.0315943 0.0287174
9.9982E-05 0.0631226 9.9982E-05 0.75647 0.154864 0.0253435
0.0577207 0.128754 0.130676 0.563522 0.100698 0.018629
0.00989528 0.222306 0.0755957 0.659552 0.0273907 0.00526051
0.0418461 9.9991E-05 0.0822894 0.747279 0.0813764 0.0471092
9.9991E-05 0.170064 0.0937774 0.628419 0.0450954 0.0625449
0.00962165 0.145289 0.0827869 0.670279 0.0657208 0.0263033
9.9964E-05 9.9964E-05 9.9964E-05 0.955071 0.0445293 9.9964E-05
0.131493 0.624446 0.101512 0.0147698 0.0419436 0.0858354
0.0865483 0.743565 0.107033 9.9991E-05 0.00730957 0.0554443
0.13132 0.662343 0.151229 0.0018921 9.9991E-05 0.0531156
0.118419 0.623563 0.12065 0.0270561 0.041594 0.0687172
0.165371 0.567432 9.9991E-05 0.125461 0.139696 0.00194042
0.117018 0.688803 9.9982E-05 0.0908217 0.103157 9.9982E-05
0.155413 0.575888 9.9982E-05 0.0796119 0.188887 9.9982E-05
0.167512 0.675671 0.0555794 9.9982E-05 0.101038 9.9982E-05
0.117433 0.500937 9.9991E-05 0.108315 0.272067 0.00114696
0.114621 0.66579 0.0256107 0.0822677 0.11161 9.9991E-05
0.0642223 0.65062 0.0587429 0.0828363 0.0724315 0.0711471
0.129371 0.639826 9.9991E-05 0.0534966 0.156343 0.0208632
9.9991E-05 0.0512118 0.0209617 0.0185236 0.10489 0.804313
0.0146389 0.129962 0.0338137 9.9991E-05 0.052324 0.769161
0.0147614 9.9982E-05 9.9982E-05 0.0403125 0.14001 0.804716
9.9991E-05 0.0613669 0.0368468 0.0160946 0.0221945 0.863397
9.9982E-05 0.0838924 0.0181958 9.9982E-05 0.0258506 0.871861
0.0100252 0.205071 0.0498983 9.9982E-05 9.9982E-05 0.734806
9.9982E-05 0.144561 0.0642182 9.9982E-05 0.00558588 0.785435
9.9991E-05 0.136543 0.0574496 0.00961472 0.0937538 0.702539
0.0178046 0.160601 0.0679034 9.9982E-05 9.9982E-05 0.753491
0.049632 0.264091 9.9982E-05 0.453286 0.232791 9.9982E-05
0.0691063 0.0106345 9.9982E-05 0.623311 0.296748 9.9982E-05
0.073273 0.117039 9.9991E-05 0.699842 0.0890438 0.0207026
0.0416396 0.239286 9.9982E-05 0.599867 0.119008 9.9982E-05
0.0526435 0.333388 0.0478383 0.488231 0.0343641 0.0435344
0.0295255 0.445702 0.0610182 0.338312 0.0977201 0.0277221
0.0907502 0.352718 0.00772783 0.410957 0.13003 0.00781715
0.0643333 0.227376 9.9982E-05 0.450526 0.257564 9.9982E-05
0.073799 0.0390804 9.9982E-05 0.652532 0.234388 9.9982E-05
0.0759535 0.322892 9.9982E-05 0.391688 0.209267 9.9982E-05
0.00651768 0.267842 9.9982E-05 0.510794 0.214647 9.9982E-05
0.0870639 0.0907047 9.9982E-05 0.583206 0.238826 9.9982E-05
0.00315405 0.0762887 0.0590439 9.9991E-05 0.838766 0.0226476
9.9982E-05 0.120737 0.0156335 9.9982E-05 0.863161 0.000268583
9.9991E-05 0.175558 0.0663491 0.120626 0.573908 0.0634588
9.9991E-05 0.0951653 0.0507168 0.0541535 0.734762 0.0651024
0.0624212 9.9973E-05 9.9973E-05 0.0600371 0.877242 9.9973E-05
0.0184892 0.142983 0.103467 0.033202 0.617673 0.0841856
9.9982E-05 0.182323 0.023175 9.9982E-05 0.743896 0.0504066
9.9991E-05 0.154883 0.0502475 0.027827 0.703148 0.0637948
9.9991E-05 0.0819702 0.00139042 0.0222787 0.882115 0.0121459
9.9973E-05 0.14053 0.0414098 9.9973E-05 0.817761 9.9973E-05
0.0371762 0.0648374 0.0350583 0.0164498 0.830241 0.0162368
9.9964E-05 9.9964E-05 0.758829 0.240771 9.9964E-05 9.9964E-05
0.0130604 9.9982E-05 0.74238 0.19541 0.0489493 9.9982E-05
0.0147304 9.9991E-05 0.76043 0.161168 0.024177 0.0393948
9.9982E-05 0.102874 0.693814 0.167976 9.9982E-05 0.0351356
9.9982E-05 0.110368 0.709036 0.124416 9.9982E-05 0.0559806
9.9982E-05 0.152331 0.728631 0.0542716 9.9982E-05 0.0645667
9.9982E-05 0.145972 0.763072 0.056321 9.9982E-05 0.0344348
0.0124166 9.9982E-05 0.835413 0.113194 0.038777 9.9982E-05
9.9973E-05 9.9973E-05 0.700427 0.275115 0.0241575 9.9973E-05
9.9982E-05 0.0945566 0.748292 0.13053 9.9982E-05 0.0264207
9.9982E-05 0.0566427 0.699284 0.197984 9.9982E-05 0.0458898
0.00459349 0.159168 0.790327 9.9982E-05 9.9982E-05 0.0457116
9.9982E-05 0.187131 0.324146 0.468029 9.9982E-05 0.0204942
0.0260279 0.053761 0.268953 0.616051 9.9991E-05 0.0351068
0.0156752 0.0534068 0.274451 0.637478 9.9991E-05 0.0188892
0.0239567 0.00084245 0.292399 0.592154 0.0139243 0.0767235
0.00163922 0.0904752 0.321546 0.530145 9.9991E-05 0.0560941
0.0159591 0.138791 0.318795 0.491454 9.9991E-05 0.034901
0.0345912 0.0515395 0.24166 0.669974 0.00213535 9.9991E-05
0.01097 0.080483 0.253925 0.631789 9.9991E-05 0.0227336
9.9991E-05 0.0268229 0.298671 0.62683 0.00493627 0.0426393
9.9982E-05 0.0668465 0.292964 0.584265 9.9982E-05 0.0557249
0.0315366 0.00136117 0.272753 0.647638 0.0353129 0.0113986
9.9982E-05 0.0996903 0.336439 0.508438 9.9982E-05 0.0552323
0.00819264 9.9973E-05 0.967862 9.9973E-05 0.0236451 9.9973E-05
0.0176244 9.9973E-05 0.970611 9.9973E-05 0.0114646 9.9973E-05
9.996E-05 9.996E-05 0.9995 9.996E-05 9.996E-05 9.996E-05
9.9964E-05 9.9964E-05 0.97418 9.9964E-05 9.9964E-05 0.0254203
9.9973E-05 0.0502572 0.940224 9.9973E-05 9.9973E-05 0.00921843
9.9973E-05 0.0851449 0.877395 9.9973E-05 9.9973E-05 0.0371599
0.00463589 0.0520558 0.940726 0.00207009 0.000412385 9.9991E-05
9.9982E-05 0.0359954 0.936088 9.9982E-05 0.00686615 0.02085
9.9964E-05 9.9964E-05 0.986605 9.9964E-05 0.0129951 9.9964E-05
9.9964E-05 9.9964E-05 0.97097 9.9964E-05 0.0286299 9.9964E-05
0.00930427 9.9973E-05 0.975311 9.9973E-05 0.0150844 9.9973E-05
9.9973E-05 0.0474606 0.930626 9.9973E-05 9.9973E-05 0.0216139
0.0060169 0.133358 0.0155115 0.12378 0.632289 0.0890445
0.0232695 0.0979953 0.0148207 0.0883994 0.684078 0.0914374
0.024272 9.9982E-05 9.9982E-05 0.0667393 0.898382 0.0104062
9.9991E-05 0.178873 0.0740678 0.0353993 0.607977 0.103584
0.041403 0.15155 9.9991E-05 0.111536 0.638891 0.0565212
9.9991E-05 0.239278 0.0939864 0.00326426 0.565329 0.0980414
0.0112825 0.118655 0.0491961 9.9982E-05 0.820666 9.9982E-05
0.0273455 0.141466 0.0584378 0.000278137 0.768152 0.00431983
0.0194114 0.018372 9.9991E-05 0.10285 0.856258 0.00300884
0.00685969 0.128129 0.0582328 9.9991E-05 0.779898 0.0267809
0.00546718 9.9991E-05 0.0362519 0.0193423 0.916442 0.0223961
0.0132462 9.9991E-05 0.0195837 0.0195474 0.941001 0.00652183
0.0158194 0.0499738 9.9991E-05 0.0607372 0.852753 0.0206167
0.026008 9.9973E-05 9.9973E-05 0.0870958 0.886596 9.9973E-05
0.0459117 0.197706 0.0708506 9.9991E-05 0.638151 0.0472803
0.0020273 0.0232192 0.164233 0.723483 0.0770043 0.0100337
0.0196009 0.138063 0.415695 0.383388 0.00307264 0.0401804
9.9991E-05 0.0512878 0.181251 0.707746 0.0219233 0.0376917
0.00124103 0.0727395 0.194275 0.671506 0.0409115 0.0193275
9.9982E-05 0.24615 0.270504 0.470208 9.9982E-05 0.012939
9.9991E-05 0.0354304 0.342119 0.564515 0.00825531 0.0495804
0.0319596 9.9982E-05 0.230899 0.644116 0.0928258 9.9982E-05
0.00868782 0.0373466 0.213535 0.713638 9.9991E-05 0.0266925
9.9982E-05 0.788004 0.0666851 0.0631761 9.9982E-05 0.081935
0.0274865 0.757995 9.9982E-05 0.0793651 0.134953 9.9982E-05
9.996E-05 0.9995 9.996E-05 9.996E-05 9.996E-05 9.996E-05
9.9991E-05 0.553613 0.0519504 0.210203 0.143593 0.0405403
0.0354314 0.577934 0.0637508 0.101954 0.220831 9.9991E-05
0.0460322 0.666995 0.0171259 0.094487 0.163796 0.0115638
0.0108059 0.879094 9.9982E-05 0.0715678 0.038332 9.9982E-05
0.0231627 0.917665 9.9982E-05 0.0454769 9.9982E-05 0.0134953
0.0515564 0.687487 0.0138444 0.127697 0.0948439 0.0245714
0.0640086 0.632404 0.0240493 0.130539 0.086158 0.0628409
0.0547761 0.665394 0.0279623 0.105575 0.0988339 0.0474586
0.0328053 0.787444 0.0461674 0.0125699 0.101217 0.019797
0.073574 0.669892 0.030505 0.0875339 0.137852 0.000642798
9.9973E-05 0.881531 0.0719708 9.9973E-05 9.9973E-05 0.0461978
0.0551832 0.835931 0.0507336 9.9991E-05 0.0533705 0.00468217
0.0246851 0.875707 0.00313376 0.0491682 9.9991E-05 0.0472061
0.0760023 0.790737 0.0256585 9.9991E-05 0.102941 0.00456192
0.0528581 0.721928 0.027626 0.0195442 0.121628 0.0564161
0.049732 0.752448 0.0124903 0.0734242 0.0750316 0.0368735
0.0444079 0.761735 0.0303216 0.023764 0.0725829 0.067189
0.0629572 0.727889 0.102274 9.9991E-05 0.0362857 0.0704944
0.0474527 0.722661 0.0613897 0.0800533 0.020997 0.0674465
0.00318101 0.955743 0.0183822 9.9982E-05 9.9982E-05 0.0224938
