0.0390406 0.44282 0.51814
9.999E-05 0.476248 0.523652
0.0257876 0.476591 0.497621
0.0628779 0.384326 0.552796
9.9991E-05 0.480527 0.519373
0.019202 0.448408 0.53239
0.100893 0.380293 0.518814
0.0762196 0.375048 0.548732
0.0785961 0.332499 0.588905
9.999E-05 0.9998 9.999E-05
0.0440498 0.894948 0.0610025
0.0880775 0.791648 0.120275
0.0890875 0.811248 0.0996643
0.0701251 0.843203 0.0866718
0.00445707 0.995443 9.9991E-05
0.053459 0.88288 0.0636613
0.0337173 0.94665 0.0196326
0.0237654 0.917428 0.0588064
0.0510609 0.882676 0.0662627
0.0863815 0.78495 0.128669
9.999E-05 0.9998 9.999E-05
0.145709 0.734819 0.119472
0.105321 0.759064 0.135615
0.0951434 0.784849 0.120007
0.064695 0.883453 0.0518516
0.104799 0.768362 0.12684
0.115617 0.785899 0.0984835
0.118134 0.765724 0.116143
0.100244 0.79052 0.109236
0.10642 0.770093 0.123487
0.116683 0.789297 0.0940205
0.0396928 0.210333 0.749974
9.9991E-05 0.335423 0.664477
0.0333499 0.289703 0.676947
0.0119185 0.203562 0.784519
0.0488721 0.246788 0.70434
0.0363563 0.207786 0.755858
0.0399921 0.237077 0.722931
0.0290899 0.221876 0.749034
9.9991E-05 0.262809 0.737091
0.0244358 0.199904 0.77566
0.966421 0.0334794 9.9991E-05
0.9998 9.999E-05 9.999E-05
0.954848 0.00586656 0.0392852
0.939782 0.0158323 0.0443861
0.930246 0.041702 0.0280525
0.941482 0.000747709 0.0577703
0.828038 0.109686 0.0622764
0.996165 0.00373494 9.9991E-05
0.9998 9.999E-05 9.999E-05
0.966703 9.9991E-05 0.0331966
0.9998 9.999E-05 9.999E-05
0.9998 9.999E-05 9.999E-05
0.226344 0.713322 0.0603347
0.173443 0.770693 0.0558636
0.171647 0.719592 0.108762
0.205688 0.77673 0.017583
0.221097 0.702792 0.076111
0.223398 0.715356 0.0612458
0.239733 0.657048 0.103219
0.22041 0.719979 0.059611
0.00613533 0.537555 0.456309
9.9991E-05 0.494364 0.505536
0.0463006 0.452485 0.501214
0.0270406 0.435875 0.537084
0.0561162 0.528238 0.415646
0.0438078 0.493887 0.462305
0.00411802 0.519288 0.476594
0.0423527 0.453833 0.503815
0.0761429 0.452056 0.471801
0.0303939 0.484377 0.48523
9.9991E-05 0.482215 0.517685
0.119272 0.723818 0.156909
0.0968239 0.756021 0.147155
0.088707 0.707256 0.204037
0.0994275 0.711144 0.189429
0.0554192 0.876125 0.0684559
0.0280343 0.910131 0.0618351
0.0210122 0.932836 0.0461522
0.0213162 0.894105 0.0845791
0.0723181 0.859488 0.0681937
0.0493599 0.838489 0.112151
0.117041 0.730699 0.152259
0.0761659 0.869897 0.0539368
0.857153 0.107967 0.0348807
0.824627 0.146746 0.0286271
0.8696 0.1303 9.9991E-05
0.894409 0.050409 0.0551824
0.911904 0.0484231 0.0396732
0.792344 0.146317 0.0613386
0.819749 0.101519 0.0787319
0.7595 0.149599 0.0909014
0.7942 0.12296 0.0828399
9.9991E-05 0.78609 0.21381
0.0433316 0.666754 0.289914
0.0292407 0.616076 0.354683
9.9991E-05 0.678897 0.321003
0.0526352 0.601422 0.345943
0.0620422 0.649009 0.288949
0.0292167 0.731457 0.239326
0.0192041 0.78851 0.192286
9.9991E-05 0.671443 0.328457
0.0171332 0.837656 0.145211
0.00266707 0.73836 0.258973
0.025632 0.711648 0.26272
0.207737 0.728169 0.0640941
0.214759 0.785141 9.9991E-05
0.194288 0.666051 0.139661
0.246603 0.666374 0.0870227
0.19197 0.80793 9.9991E-05
0.228759 0.654834 0.116407
0.234276 0.753581 0.0121436
0.22751 0.691349 0.0811407
0.204762 0.795138 9.9991E-05
0.188228 0.769103 0.0426685
0.207982 0.756158 0.03586
9.999E-05 9.999E-05 0.9998
9.9991E-05 0.0809067 0.918993
0.0448858 0.0300093 0.925105
0.0458502 0.098029 0.856121
0.0752107 0.0724282 0.852361
0.0820129 0.0632358 0.854751
0.0477377 0.0823597 0.869903
0.0101872 0.0299987 0.959814
0.000147008 0.0622776 0.937575
0.0348208 0.0604349 0.904744
0.0575462 0.0511658 0.891288
0.0813071 0.0618707 0.856822
0.0291581 0.319868 0.650974
0.0417869 0.292058 0.666155
0.0169639 0.302289 0.680747
0.0760824 0.250943 0.672974
0.0592768 0.246993 0.69373
0.0414427 0.288435 0.670122
9.9991E-05 0.349258 0.650642
0.0188272 0.328573 0.6526
0.0450302 0.257176 0.697794
0.0506669 0.272741 0.676592
0.0057462 0.317174 0.67708
0.0630897 0.234103 0.702807
9.999E-05 9.999E-05 0.9998
9.999E-05 9.999E-05 0.9998
9.999E-05 9.999E-05 0.9998
0.018689 9.9991E-05 0.981211
0.0204956 9.9991E-05 0.979404
0.0566388 0.0168454 0.926516
0.00678171 9.9991E-05 0.993118
0.02318 9.9991E-05 0.97672
9.999E-05 9.999E-05 0.9998
9.999E-05 9.999E-05 0.9998
9.999E-05 9.999E-05 0.9998
0.0410256 9.9991E-05 0.958874
0.229061 0.68184 0.0890994
0.244743 0.694038 0.0612187
0.20359 0.778752 0.0176584
0.250043 0.65039 0.0995677
0.20104 0.735432 0.0635284
0.241742 0.634918 0.123341
0.193498 0.790317 0.0161851
0.18434 0.763748 0.0519125
0.177395 0.78917 0.0334352
0.210507 0.737502 0.0519916
0.217978 0.722966 0.0590555
0.202173 0.785692 0.0121349
0.202622 0.768174 0.0292042
0.165988 0.82999 0.00402287
0.208094 0.718178 0.0737276
0.016751 0.37999 0.603259
0.0561087 0.252821 0.691071
0.0328836 0.351338 0.615779
0.021772 0.369685 0.608543
0.0183796 0.383532 0.598088
0.0551308 0.243885 0.700984
0.00291097 0.372478 0.624611
0.0189249 0.327231 0.653844
0.116855 0.716775 0.16637
0.0449652 0.891616 0.0634188
0.027624 0.940853 0.0315229
0.100848 0.68926 0.209892
0.068099 0.784322 0.147579
0.0886565 0.819717 0.0916269
0.0279135 0.941713 0.0303732
0.0495279 0.848447 0.102025
0.0855208 0.802716 0.111763
0.0995091 0.76453 0.135961
0.0987283 0.779358 0.121914
0.086971 0.816675 0.0963538
0.0531572 0.836589 0.110254
0.0958803 0.754945 0.149174
0.0709488 0.826247 0.102804
0.0936763 0.82109 0.0852338
0.0659635 0.874473 0.0595632
0.106847 0.805432 0.0877211
0.0800268 0.819584 0.10039
0.118123 0.7909 0.0909771
0.126876 0.716911 0.156214
0.102301 0.738773 0.158926
0.0845441 0.8173 0.0981563
