0.0443684 0.738274 9.9964E-05 9.9964E-05 9.9964E-05 0.0108999 0.0831089 9.9964E-05 0.00573651 0.117212
9.9973E-05 0.75188 9.9973E-05 0.0162298 9.9973E-05 0.0221271 0.0776567 0.00582889 0.0146524 0.111325
0.0327985 0.787932 9.9982E-05 9.9982E-05 0.000180104 0.00176943 0.0549167 0.0461734 0.0160337 0.0599959
9.9955E-05 0.567076 9.9955E-05 0.0298096 0.04398 9.9955E-05 0.172611 0.186024 9.9955E-05 9.9955E-05
9.9937E-05 0.831978 9.9937E-05 0.00636138 9.9937E-05 9.9937E-05 9.9937E-05 0.160962 9.9937E-05 9.9937E-05
9.9928E-05 0.885149 9.9928E-05 9.9928E-05 9.9928E-05 9.9928E-05 9.9928E-05 0.114052 9.9928E-05 9.9928E-05
9.9973E-05 0.344079 9.9973E-05 0.0231559 0.0775207 9.9973E-05 0.371146 0.0685903 0.0313184 0.0838903
9.9982E-05 0.615455 0.00757167 0.00465369 0.0533544 9.9982E-05 0.19495 0.0360918 0.00231657 0.0854065
9.9964E-05 0.643966 0.0473034 9.9964E-05 0.037411 9.9964E-05 0.168351 0.00126668 9.9964E-05 0.101302
9.99201E-05 9.99201E-05 9.99201E-05 9.99201E-05 9.99201E-05 9.99201E-05 9.99201E-05 9.99201E-05 0.999101 9.99201E-05
0.0128983 0.00332842 9.9964E-05 0.00749264 9.9964E-05 9.9964E-05 9.9964E-05 0.156161 0.0850776 0.734643
9.9964E-05 9.9964E-05 9.9964E-05 9.9964E-05 0.0230906 0.068594 0.0732955 0.135896 0.0754172 0.623307
9.9964E-05 0.0211816 0.032351 9.9964E-05 0.0648535 9.9964E-05 0.0505601 9.9964E-05 0.601919 0.228735
9.9964E-05 0.0119598 9.9964E-05 9.9964E-05 0.0395816 0.0165836 0.0970488 9.9964E-05 0.709175 0.125251
9.9928E-05 9.9928E-05 9.9928E-05 0.0275546 9.9928E-05 9.9928E-05 9.9928E-05 9.9928E-05 0.971646 9.9928E-05
0.0632958 0.00394162 0.0169181 0.000982564 9.9973E-05 9.9973E-05 0.00871953 9.9973E-05 0.350549 0.555293
9.99201E-05 9.99201E-05 9.99201E-05 9.99201E-05 9.99201E-05 9.99201E-05 9.99201E-05 9.99201E-05 0.999101 9.99201E-05
0.028611 9.9973E-05 0.0241662 9.9973E-05 0.00110936 0.0208057 0.0312851 9.9973E-05 0.666988 0.226735
9.9973E-05 0.00558379 0.0114531 9.9973E-05 0.0233074 0.0170483 0.0568181 9.9973E-05 0.780441 0.105049
0.0248332 9.9982E-05 9.9982E-05 0.0164564 0.0341628 0.00781165 0.0441002 0.193696 0.080722 0.598018
9.99201E-05 9.99201E-05 9.99201E-05 9.99201E-05 9.99201E-05 9.99201E-05 9.99201E-05 9.99201E-05 0.999101 9.99201E-05
0.165468 0.00424369 0.0354507 9.9973E-05 0.0536406 0.268557 0.0208552 9.9973E-05 9.9973E-05 0.451485
0.0363974 0.1528 0.00447741 0.0174573 0.0151721 0.346847 9.9982E-05 0.012615 9.9982E-05 0.414033
0.0194059 0.0295135 9.9973E-05 0.0296919 0.0237502 0.787684 9.9973E-05 0.093756 0.0158983 9.9973E-05
9.99201E-05 9.99201E-05 9.99201E-05 9.99201E-05 9.99201E-05 0.999101 9.99201E-05 9.99201E-05 9.99201E-05 9.99201E-05
0.102671 9.9982E-05 9.9982E-05 0.025838 0.035554 0.42572 0.083747 0.186219 0.0185175 0.121533
0.0658664 9.9982E-05 0.0104926 0.00771869 0.0312266 0.789639 9.9982E-05 0.0499528 0.001997 0.0429067
9.99459E-05 9.99459E-05 9.99459E-05 9.99459E-05 0.0107164 0.721529 0.0196589 9.99459E-05 9.99459E-05 0.247496
0.052854 0.0724147 9.9955E-05 9.9955E-05 9.9955E-05 0.694073 9.9955E-05 9.9955E-05 0.0210258 0.159133
9.99201E-05 9.99201E-05 9.99201E-05 9.99201E-05 9.99201E-05 0.999101 9.99201E-05 9.99201E-05 9.99201E-05 9.99201E-05
9.99549E-05 0.0126349 9.99549E-05 9.99549E-05 0.0282553 0.706888 9.99549E-05 9.99549E-05 0.00171789 0.250004
0.026487 0.0850457 0.166787 9.9973E-05 0.00638574 9.9973E-05 0.646264 9.9973E-05 0.0105337 0.0581972
9.9955E-05 0.132084 0.0321607 9.9955E-05 9.9955E-05 0.0414573 0.67417 9.9955E-05 9.9955E-05 0.119628
0.0122618 0.114914 0.0732521 9.9964E-05 9.9964E-05 9.9964E-05 0.662181 0.00605701 9.9964E-05 0.130933
9.9946E-05 9.9946E-05 0.0106392 0.00194396 9.9946E-05 9.9946E-05 0.913389 0.073428 9.9946E-05 9.9946E-05
0.0035131 9.9973E-05 0.0704666 9.9973E-05 0.00615805 0.033497 0.773448 0.0123935 9.9973E-05 0.100224
0.0220353 9.9955E-05 0.0753722 0.00809382 9.9955E-05 9.9955E-05 0.826462 0.0675366 9.9955E-05 9.9955E-05
9.9964E-05 0.0197034 9.9964E-05 0.000530873 0.010526 9.9964E-05 0.890502 0.0155069 9.9964E-05 0.0628306
9.9928E-05 9.9928E-05 9.9928E-05 9.9928E-05 9.9928E-05 9.9928E-05 0.938624 0.0605769 9.9928E-05 9.9928E-05
9.9964E-05 0.0218417 0.0972359 0.00517264 9.9964E-05 9.9964E-05 0.630692 0.218366 0.0262916 9.9964E-05
0.0233822 9.9955E-05 0.019446 0.00989161 9.9955E-05 9.9955E-05 0.919651 0.0271297 9.9955E-05 9.9955E-05
9.9946E-05 9.9946E-05 9.9946E-05 0.0275955 0.902412 0.052902 9.9946E-05 9.9946E-05 0.0164904 9.9946E-05
0.0218943 9.9946E-05 9.9946E-05 9.9946E-05 0.93401 0.0312973 0.0121985 9.9946E-05 9.9946E-05 9.9946E-05
9.9973E-05 0.00080078 0.0307812 0.017296 0.896578 0.0133006 9.9973E-05 9.9973E-05 0.0030431 0.0379004
9.9946E-05 0.00415163 0.0144241 9.9946E-05 0.865039 9.9946E-05 9.9946E-05 9.9946E-05 9.9946E-05 0.115786
9.9964E-05 0.0126786 0.0197679 0.0227591 0.868484 0.0678082 9.9964E-05 9.9964E-05 9.9964E-05 0.00810249
9.9955E-05 0.0212144 0.0366815 9.9955E-05 0.876427 0.00871893 9.9955E-05 9.9955E-05 9.9955E-05 0.0564581
0.0119404 9.9982E-05 0.0235124 0.0171774 0.762848 9.9982E-05 0.0434955 0.00643054 0.00817748 0.126218
0.00235974 0.0149408 9.9955E-05 9.9955E-05 0.929975 0.0234543 9.9955E-05 9.9955E-05 0.0287701 9.9955E-05
9.99281E-05 9.99281E-05 9.99281E-05 9.99281E-05 0.975632 9.99281E-05 9.99281E-05 0.0235683 9.99281E-05 9.99281E-05
9.9946E-05 9.9946E-05 0.00102171 9.9946E-05 0.909763 9.9946E-05 0.0329815 9.9946E-05 9.9946E-05 0.0556336
9.99201E-05 9.99201E-05 9.99201E-05 9.99201E-05 0.999101 9.99201E-05 9.99201E-05 9.99201E-05 9.99201E-05 9.99201E-05
9.9928E-05 9.9928E-05 9.9928E-05 0.0113462 0.987854 9.9928E-05 9.9928E-05 9.9928E-05 9.9928E-05 9.9928E-05
0.941441 9.9937E-05 0.0524191 9.9937E-05 9.9937E-05 9.9937E-05 0.00544078 9.9937E-05 9.9937E-05 9.9937E-05
0.687763 0.0101183 0.0460652 0.016925 9.9982E-05 0.0477253 9.9982E-05 0.0891269 0.016327 0.0857497
0.52481 9.9982E-05 9.9982E-05 0.0518305 0.0185863 0.108993 0.124408 0.0430239 0.0121131 0.116036
0.809789 0.0462892 9.9955E-05 0.0325037 9.9955E-05 9.9955E-05 9.9955E-05 9.9955E-05 0.0386339 0.0722842
0.59605 0.0470279 0.0340983 0.0300727 0.0462793 0.0215808 9.9982E-05 0.0755781 9.9982E-05 0.149113
0.684741 0.0504994 0.0311042 0.0401825 0.0443088 0.136417 9.9973E-05 9.9973E-05 0.0124465 9.9973E-05
0.806368 9.9955E-05 0.0324886 9.9955E-05 0.0145037 9.9955E-05 0.093503 9.9955E-05 9.9955E-05 0.0526365
0.752907 9.9964E-05 0.0178919 9.9964E-05 0.02447 9.9964E-05 0.0707575 9.9964E-05 0.00137347 0.1322
0.0266594 0.30101 0.0020385 9.9964E-05 9.9964E-05 0.0492844 0.125293 0.495315 9.9964E-05 9.9964E-05
9.9937E-05 0.0596295 9.9937E-05 9.9937E-05 9.9937E-05 9.9937E-05 0.303023 0.636648 9.9937E-05 9.9937E-05
9.9973E-05 0.164567 0.00451886 0.00732049 0.020555 9.9973E-05 0.336481 0.335713 9.9973E-05 0.130546
9.9973E-05 0.206311 0.0265427 0.0128681 0.0182309 9.9973E-05 0.282132 0.435603 0.0180118 9.9973E-05
9.99549E-05 0.00267824 9.99549E-05 9.99549E-05 0.0481371 9.99549E-05 0.242736 0.700395 9.99549E-05 0.00555438
0.0651371 0.165629 0.0137063 0.0263283 0.00572081 0.0790656 0.333459 0.23016 0.0480078 0.0327852
9.9964E-05 0.237495 9.9964E-05 0.00879238 9.9964E-05 0.0489936 0.280859 0.293614 9.9964E-05 0.129846
0.00751592 0.058992 9.9964E-05 9.9964E-05 0.029209 9.9964E-05 0.402106 0.477608 0.0241696 9.9964E-05
9.9955E-05 0.0613598 9.9955E-05 9.9955E-05 0.0436364 9.9955E-05 0.415404 0.312746 9.9955E-05 0.166354
0.0194837 0.30506 9.9991E-05 0.0186978 0.0163733 0.0134344 0.271706 0.300123 0.0103986 0.0446235
9.9937E-05 0.0116402 9.9937E-05 9.9937E-05 9.9937E-05 9.9937E-05 0.18599 0.80167 9.9937E-05 9.9937E-05
0.012658 9.9964E-05 9.9964E-05 9.9964E-05 0.0492093 0.113834 0.139246 9.9964E-05 0.0961943 0.588458
9.9982E-05 0.0131849 0.00102283 0.0151789 0.0155604 0.0394686 0.125198 9.9982E-05 0.0536052 0.736581
9.9973E-05 0.0980061 0.0669317 9.9973E-05 0.0255706 0.0520973 0.0243288 9.9973E-05 0.0987381 0.634027
0.0229529 9.9973E-05 9.9973E-05 0.00454824 0.0381158 0.033822 0.171408 9.9973E-05 0.0900959 0.638757
0.0118903 9.9973E-05 9.9973E-05 0.0191092 0.0124166 0.0416842 9.9973E-05 0.305349 0.107527 0.501724
9.9946E-05 9.9946E-05 9.9946E-05 0.0176421 9.9946E-05 9.9946E-05 9.9946E-05 0.210969 0.0790753 0.691714
0.0668492 9.9964E-05 9.9964E-05 0.03158 9.9964E-05 0.0121926 9.9964E-05 0.178956 0.108216 0.601806
0.00900645 9.9955E-05 0.0177812 9.9955E-05 9.9955E-05 9.9955E-05 9.9955E-05 0.115548 0.107683 0.749482
0.145198 0.0257797 9.9973E-05 9.9973E-05 0.00172966 0.0545868 9.9973E-05 0.209488 0.079949 0.482969
9.9964E-05 9.9964E-05 0.00898161 0.0445436 9.9964E-05 0.162897 9.9964E-05 0.22064 0.0625311 0.500007
0.00419619 9.99766E-05 9.99766E-05 0.0277325 0.0539562 9.99766E-05 0.0859123 0.112028 0.0158487 0.700026
0.0422997 9.9973E-05 9.9973E-05 0.0471397 0.0144854 0.121099 9.9973E-05 0.20192 0.0735119 0.499245
0.0952826 9.9973E-05 0.00429537 0.0100095 0.775747 9.9973E-05 0.041624 0.00667867 9.9973E-05 0.0660633
0.0362337 0.0302452 0.00762005 9.9973E-05 0.73783 0.0307873 9.9973E-05 9.9973E-05 0.00387155 0.153112
0.0373435 9.9937E-05 9.9937E-05 9.9937E-05 0.78944 9.9937E-05 9.9937E-05 0.172517 9.9937E-05 9.9937E-05
0.000426298 0.0222076 0.00264823 9.9973E-05 0.832833 0.0219906 0.0283559 9.9973E-05 9.9973E-05 0.0912381
0.0115346 9.9955E-05 9.9955E-05 9.9955E-05 0.839275 0.000685034 0.0292495 9.9955E-05 9.9955E-05 0.118756
9.9946E-05 0.0639411 0.000669024 9.9946E-05 0.69596 9.9946E-05 9.9946E-05 9.9946E-05 9.9946E-05 0.23883
0.00300726 9.9946E-05 9.9946E-05 9.9946E-05 0.738766 9.9946E-05 0.0887137 9.9946E-05 9.9946E-05 0.168913
0.0493019 9.9946E-05 9.9946E-05 9.9946E-05 0.669414 9.9946E-05 0.0950966 9.9946E-05 9.9946E-05 0.185588
9.9964E-05 0.0138673 0.0371222 9.9964E-05 0.724928 9.9964E-05 0.0178789 9.9964E-05 0.00547161 0.200332
9.99279E-05 9.99279E-05 9.99279E-05 9.99279E-05 9.99279E-05 0.482429 9.99279E-05 0.516772 9.99279E-05 9.99279E-05
0.0275192 9.9964E-05 0.00247889 9.9964E-05 0.0313538 9.9964E-05 9.9964E-05 0.912399 0.00391955 0.0219299
9.9964E-05 0.207615 0.00941941 9.9964E-05 0.0211146 9.9964E-05 9.9964E-05 0.684999 0.00999815 0.0664533
9.9964E-05 0.10123 0.036151 9.9964E-05 9.9964E-05 9.9964E-05 0.0112458 0.643192 0.00619654 0.201584
9.9982E-05 0.0292033 0.0104515 9.9982E-05 0.0329867 0.0253378 0.218181 0.4184 0.00812006 0.257119
9.9973E-05 0.0266021 0.0113595 9.9973E-05 0.0228847 0.0918207 0.161814 0.329525 9.9973E-05 0.355695
9.9973E-05 0.010745 0.0336531 9.9973E-05 0.0119494 0.0807949 9.9973E-05 0.676948 0.0432725 0.142338
9.99279E-05 9.99279E-05 9.99279E-05 9.99279E-05 9.99279E-05 0.540778 9.99279E-05 0.458423 9.99279E-05 9.99279E-05
0.0442962 0.0149906 9.9964E-05 9.9964E-05 9.9964E-05 9.9964E-05 0.0949929 0.778554 0.00499393 0.0617729
9.9946E-05 9.9946E-05 9.9946E-05 9.9946E-05 9.9946E-05 0.00739865 9.9946E-05 0.837902 0.000839138 0.15326
0.0626184 9.9946E-05 9.9946E-05 9.9946E-05 9.9946E-05 9.9946E-05 0.0552524 0.703007 9.9946E-05 0.178523
9.9955E-05 9.9955E-05 9.9955E-05 9.9955E-05 0.0296176 9.9955E-05 0.00468338 0.894564 0.015129 0.0555066
0.805475 9.9955E-05 9.9955E-05 0.00838085 9.9955E-05 0.00687073 0.125012 9.9955E-05 9.9955E-05 0.0537615
0.832901 0.0373289 9.9955E-05 0.0179652 9.9955E-05 0.0406707 9.9955E-05 9.9955E-05 9.9955E-05 0.0706339
0.528608 9.9955E-05 9.9955E-05 9.9955E-05 0.0346719 9.9955E-05 0.172121 0.0192422 9.9955E-05 0.244857
0.719196 9.9964E-05 9.9964E-05 9.9964E-05 0.0442727 0.000906836 0.135328 0.00623901 9.9964E-05 0.093658
0.701799 9.9937E-05 9.9937E-05 9.9937E-05 9.9937E-05 9.9937E-05 9.9937E-05 0.266319 0.0311815 9.9937E-05
0.59468 0.00575364 0.00919199 9.9982E-05 0.0562949 0.000718993 0.126195 9.9982E-05 0.0171757 0.18979
0.700704 0.0170302 0.0053206 9.9955E-05 0.0256959 9.9955E-05 9.9955E-05 9.9955E-05 9.9955E-05 0.250749
0.688083 9.9946E-05 9.9946E-05 9.9946E-05 0.0420691 9.9946E-05 0.124042 9.9946E-05 9.9946E-05 0.145206
0.834561 0.0405542 9.9964E-05 0.00478171 9.9964E-05 0.00440438 9.9964E-05 0.0413636 9.9964E-05 0.073935
0.81201 0.00182237 0.00454514 9.9955E-05 9.9955E-05 9.9955E-05 0.0359825 9.9955E-05 9.9955E-05 0.14514
0.804323 9.9973E-05 9.9973E-05 0.0519134 0.00526801 9.9973E-05 0.0694684 0.0133498 0.0360276 0.0193502
9.9937E-05 9.9937E-05 0.745312 9.9937E-05 9.9937E-05 9.9937E-05 0.001376 0.252612 9.9937E-05 9.9937E-05
0.00603835 0.0485621 0.64482 0.0136271 9.9973E-05 9.9973E-05 0.154653 0.129511 0.00248707 9.9973E-05
0.0379942 9.9964E-05 0.616576 9.9964E-05 0.0344287 9.9964E-05 0.281898 0.0138888 0.0148152 9.9964E-05
9.9973E-05 0.0894611 0.544057 0.0342812 0.0234106 0.00140146 0.225714 9.9973E-05 9.9973E-05 0.0813751
9.9955E-05 0.0669087 0.574897 9.9955E-05 0.033444 9.9955E-05 0.181735 9.9955E-05 9.9955E-05 0.142515
9.99653E-05 0.0687731 0.533691 9.99653E-05 0.0365512 0.012667 0.227748 9.99653E-05 9.99653E-05 0.12017
9.9955E-05 0.0336429 0.576583 9.9955E-05 0.0110996 9.9955E-05 0.223354 9.9955E-05 9.9955E-05 0.154821
0.0483242 0.118426 0.750602 9.9964E-05 9.9964E-05 9.9964E-05 0.0732847 9.9964E-05 0.00268641 0.00627666
9.9955E-05 0.0808069 0.632394 0.0223983 9.9955E-05 9.9955E-05 0.135637 0.128264 9.9955E-05 9.9955E-05
9.9964E-05 0.0482434 0.602343 0.0236036 0.00512371 9.9964E-05 0.227348 9.9964E-05 9.9964E-05 0.092938
9.9973E-05 0.043531 0.570312 9.9973E-05 0.0412049 0.00584989 0.241652 0.0323204 9.9973E-05 0.0648307
9.99549E-05 0.0308471 0.642233 9.99549E-05 0.0158622 9.99549E-05 0.161726 9.99549E-05 9.99549E-05 0.148832
9.9973E-05 0.0820449 0.0627785 0.0262243 9.9973E-05 0.0566002 0.668438 9.9973E-05 0.00965651 0.0939581
0.0373599 9.9973E-05 9.9973E-05 0.00628186 0.00131669 0.0353438 0.873879 0.0100591 0.0354594 9.9973E-05
9.9973E-05 0.164546 0.0159983 0.0354708 9.9973E-05 0.0887487 0.676431 0.0156126 0.00289297 9.9973E-05
0.0421179 9.9973E-05 0.0189037 0.0141304 0.0288782 9.9973E-05 0.81552 0.04985 0.0303 9.9973E-05
9.9955E-05 9.9955E-05 9.9955E-05 9.9955E-05 0.0130381 0.0517685 0.885866 9.9955E-05 0.0126423 0.0361855
9.9982E-05 0.076219 0.0510043 0.00554092 0.00887278 0.0957681 0.66949 9.9982E-05 0.0469124 0.0459924
9.9973E-05 0.0821982 0.00404127 0.0408719 9.9973E-05 0.0740759 0.712223 0.0606748 0.025615 9.9973E-05
9.9982E-05 0.0978797 0.00484254 0.000129089 9.9982E-05 0.0911219 0.704098 0.0738383 0.00749214 0.0203987
0.0402662 9.9964E-05 9.9964E-05 0.00326667 0.00412563 9.9964E-05 0.886418 0.0503949 0.015129 9.9964E-05
0.0161735 9.9973E-05 9.9973E-05 0.0145889 0.0141911 0.0324551 0.845755 0.0442909 9.9973E-05 0.0322452
9.9964E-05 0.0304375 0.0319809 0.0282155 9.9964E-05 0.0980706 0.700769 0.110127 9.9964E-05 9.9964E-05
9.9946E-05 9.9946E-05 0.0230262 9.9946E-05 0.0197501 9.9946E-05 0.847719 9.9946E-05 9.9946E-05 0.108905
0.00912028 0.0418102 0.925464 9.9964E-05 9.9964E-05 0.00605235 9.9964E-05 0.00643511 0.0107181 9.9964E-05
0.00199093 9.9946E-05 0.954603 9.9946E-05 9.9946E-05 9.9946E-05 9.9946E-05 0.0354138 0.0073928 9.9946E-05
9.99371E-05 9.99371E-05 0.958064 0.0202858 9.99371E-05 9.99371E-05 9.99371E-05 0.0209509 9.99371E-05 9.99371E-05
9.9946E-05 9.9946E-05 0.885906 9.9946E-05 0.0115722 9.9946E-05 0.0828704 9.9946E-05 9.9946E-05 0.0190518
9.9946E-05 0.0209361 0.890012 9.9946E-05 9.9946E-05 0.0160569 9.9946E-05 9.9946E-05 9.9946E-05 0.0723954
9.9964E-05 9.9964E-05 0.81185 0.00639717 0.0293257 0.0390452 0.0535715 9.9964E-05 9.9964E-05 0.059411
9.9955E-05 0.0428272 0.829836 9.9955E-05 9.9955E-05 0.00244664 0.0683669 9.9955E-05 9.9955E-05 0.0560238
9.9946E-05 9.9946E-05 0.852859 9.9946E-05 0.0221328 9.9946E-05 0.0566807 9.9946E-05 9.9946E-05 0.067728
9.9937E-05 9.9937E-05 0.910067 0.00681047 9.9937E-05 9.9937E-05 9.9937E-05 0.0824225 9.9937E-05 9.9937E-05
9.9928E-05 9.9928E-05 0.91535 9.9928E-05 9.9928E-05 9.9928E-05 9.9928E-05 0.0838501 9.9928E-05 9.9928E-05
0.0389142 9.9946E-05 0.953452 9.9946E-05 9.9946E-05 9.9946E-05 9.9946E-05 0.00254196 0.00449171 9.9946E-05
9.9946E-05 9.9946E-05 0.898021 0.0174183 0.0142589 9.9946E-05 9.9946E-05 9.9946E-05 9.9946E-05 0.0697026
0.537885 9.9982E-05 0.0117101 0.000979365 0.0841263 0.0162008 0.0462128 0.177304 9.9982E-05 0.125382
0.630204 0.0225724 9.9973E-05 0.035123 0.0732026 0.132947 0.0337561 0.0718946 9.9973E-05 9.9973E-05
0.782158 0.034736 9.9964E-05 0.0335663 0.0120615 9.9964E-05 9.9964E-05 0.109791 0.0272874 9.9964E-05
0.598949 0.046907 0.0221431 0.029888 0.0708155 0.122462 0.0573582 9.9982E-05 9.9982E-05 0.0512769
0.582016 0.0359167 9.9982E-05 0.0538742 0.0471878 0.131375 0.0312939 0.0784683 0.0396677 9.9982E-05
0.53122 0.0661975 0.0136123 0.00753089 0.0618167 0.0239672 0.0732774 9.9982E-05 9.9982E-05 0.222178
0.761024 9.9964E-05 0.028364 0.0282167 9.9964E-05 0.0799459 9.9964E-05 9.9964E-05 0.00881487 0.0932351
0.727844 0.0550271 0.0256438 0.031577 0.000358793 9.9982E-05 0.00733993 9.9982E-05 0.0200887 0.131921
0.72581 0.0538959 9.9955E-05 0.0535644 9.9955E-05 0.0457132 9.9955E-05 0.120517 9.9955E-05 9.9955E-05
0.743959 0.0360837 0.0404505 0.00447536 0.00667773 9.9973E-05 9.9973E-05 9.9973E-05 0.0128195 0.155235
0.806847 9.9955E-05 9.9955E-05 9.9955E-05 0.0198649 0.00682882 0.0481184 0.117842 9.9955E-05 9.9955E-05
0.865265 0.0196329 9.9955E-05 0.0616403 9.9955E-05 9.9955E-05 9.9955E-05 0.0520999 0.000861886 9.9955E-05
0.762917 0.0346765 9.9973E-05 0.010152 0.0131764 0.0384373 9.9973E-05 0.0989345 9.9973E-05 0.0414059
0.69349 9.9937E-05 9.9937E-05 0.0618323 9.9937E-05 9.9937E-05 9.9937E-05 0.243978 9.9937E-05 9.9937E-05
0.583488 0.0766346 9.9973E-05 9.9973E-05 0.0336593 0.0432268 0.0380974 9.9973E-05 0.0290559 0.195538
9.99201E-05 0.999101 9.99201E-05 9.99201E-05 9.99201E-05 9.99201E-05 9.99201E-05 9.99201E-05 9.99201E-05 9.99201E-05
9.9955E-05 0.603618 0.266927 9.9955E-05 0.0317965 9.9955E-05 0.00909881 9.9955E-05 9.9955E-05 0.0880604
9.99201E-05 0.999101 9.99201E-05 9.99201E-05 9.99201E-05 9.99201E-05 9.99201E-05 9.99201E-05 9.99201E-05 9.99201E-05
0.00157528 0.88514 0.0570631 0.0138277 0.00196439 0.00335197 0.011281 9.9982E-05 9.9982E-05 0.0255966
9.9955E-05 0.619102 0.0841368 9.9955E-05 9.9955E-05 0.00014924 0.125686 9.9955E-05 9.9955E-05 0.170426
0.0271378 0.575794 0.194054 9.9964E-05 0.0303537 9.9964E-05 0.166263 0.00599784 9.9964E-05 9.9964E-05
0.0246269 0.800946 0.112044 0.00470375 9.9964E-05 9.9964E-05 9.9964E-05 0.0543763 0.002903 9.9964E-05
9.9946E-05 0.905171 0.0715968 0.0223228 0.000309245 9.9946E-05 9.9946E-05 9.9946E-05 9.9946E-05 9.9946E-05
9.9973E-05 9.9973E-05 0.00589703 0.0338533 0.0561555 0.0126616 0.113098 0.091726 9.9973E-05 0.686309
0.062553 9.9955E-05 9.9955E-05 0.056611 9.9955E-05 9.9955E-05 9.9955E-05 0.222491 0.00960685 0.648239
9.99201E-05 9.99201E-05 9.99201E-05 0.999101 9.99201E-05 9.99201E-05 9.99201E-05 9.99201E-05 9.99201E-05 9.99201E-05
0.119148 0.113883 0.0174096 0.0108315 0.0102077 0.0854242 0.078273 0.11732 9.9991E-05 0.447403
0.132097 0.0576984 0.0357175 0.0262304 9.9982E-05 0.0357529 9.9982E-05 0.179022 0.00136491 0.531916
0.111923 0.0770461 9.9982E-05 0.0353308 0.00398347 0.00773993 9.9982E-05 0.0619637 0.0113292 0.690484
9.99201E-05 9.99201E-05 9.99201E-05 0.999101 9.99201E-05 9.99201E-05 9.99201E-05 9.99201E-05 9.99201E-05 9.99201E-05
9.9955E-05 9.9955E-05 0.0201623 0.911532 9.9955E-05 0.000600727 0.0141682 9.9955E-05 9.9955E-05 0.0530366
0.0525809 0.0904258 9.9991E-05 0.0681993 0.0133229 0.127328 0.00562603 0.116691 0.038887 0.486839
0.0127451 9.9973E-05 9.9973E-05 0.0130181 0.0375895 9.9973E-05 0.0514082 0.208917 0.0201025 0.65592
0.0520315 0.0393063 0.0203109 0.129756 0.0278523 0.172149 0.0315857 0.0888813 0.0260187 0.412109
0.025105 0.0794345 9.9973E-05 0.0249802 0.00750211 9.9973E-05 9.9973E-05 0.0836196 0.0144514 0.764607
0.0254782 0.0526847 0.00209796 0.0407577 9.9982E-05 0.125708 9.9982E-05 0.186532 0.0491769 0.517365
9.9964E-05 0.0385075 0.022152 0.0133873 0.00566719 9.9964E-05 0.0152525 9.9964E-05 9.9964E-05 0.904634
9.9973E-05 0.0211551 9.9973E-05 0.0209375 9.9973E-05 0.0518243 0.0247978 0.0140798 0.0133925 0.853513
9.9946E-05 0.0527441 9.9946E-05 0.0152868 9.9946E-05 9.9946E-05 9.9946E-05 0.0416003 9.9946E-05 0.889769
0.0300823 9.9964E-05 9.9964E-05 0.0118058 9.9964E-05 0.027865 9.9964E-05 0.118698 0.0212982 0.789851
0.0981214 0.0713685 9.9982E-05 0.0404708 0.0148888 0.0286305 9.9982E-05 0.037577 0.0394801 0.669263
9.9955E-05 9.9955E-05 9.9955E-05 0.0360427 0.0172853 9.9955E-05 9.9955E-05 0.200827 0.0360113 0.709334
0.00854033 9.9973E-05 9.9973E-05 0.0156442 0.0466042 9.9973E-05 0.0271968 0.132141 0.0165357 0.753038
9.9973E-05 0.064936 0.0309237 9.9973E-05 0.029837 0.0555383 0.0525747 9.9973E-05 0.0287726 0.737118
9.9973E-05 9.9973E-05 9.9973E-05 0.0410703 0.0398462 0.0307104 0.137145 0.09055 0.0295474 0.63083
9.9937E-05 0.0158692 9.9937E-05 0.0177283 9.9937E-05 9.9937E-05 9.9937E-05 9.9937E-05 9.9937E-05 0.965703
