0.153532 9.9964E-05 0.76512 9.9964E-05 0.030539 9.9964E-05 0.0504084 9.9964E-05
0.161006 9.9964E-05 0.798316 9.9964E-05 9.9964E-05 0.0036111 0.0366667 9.9964E-05
0.0794169 9.9982E-05 0.808414 9.9982E-05 0.0357612 0.0185692 0.0506896 0.00694956
9.9973E-05 0.110911 0.665939 9.9973E-05 9.9973E-05 0.0125387 0.159002 0.0513086
9.9946E-05 0.123474 0.875926 9.9946E-05 9.9946E-05 9.9946E-05 9.9946E-05 9.9946E-05
9.9946E-05 0.0163846 0.983016 9.9946E-05 9.9946E-05 9.9946E-05 9.9946E-05 9.9946E-05
0.0875285 0.046508 0.388178 9.9982E-05 9.9982E-05 0.0301684 0.357932 0.0894846
0.11319 9.9982E-05 0.664181 0.0220863 9.9982E-05 0.000271277 0.139547 0.0605236
0.0861106 9.9973E-05 0.655033 0.0463409 9.9973E-05 9.9973E-05 0.172529 0.0396862
9.994E-05 9.994E-05 9.994E-05 9.994E-05 9.994E-05 0.9993 9.994E-05 9.994E-05
0.654045 0.159806 0.0311085 9.9973E-05 0.042219 0.112522 9.9973E-05 9.9973E-05
0.558114 0.130013 9.9982E-05 9.9982E-05 0.0442078 0.107835 0.12411 0.03552
0.231711 9.9973E-05 9.9973E-05 0.0225245 9.9973E-05 0.60096 0.0866711 0.0578336
0.137209 9.9964E-05 9.9964E-05 9.9964E-05 9.9964E-05 0.708604 0.114614 0.0391728
9.9946E-05 0.0245834 9.9946E-05 9.9946E-05 9.9946E-05 0.974817 9.9946E-05 9.9946E-05
0.477438 9.9973E-05 9.9973E-05 0.0229948 0.12348 0.347116 0.0286707 9.9973E-05
9.994E-05 9.994E-05 9.994E-05 9.994E-05 9.994E-05 0.9993 9.994E-05 9.994E-05
0.23089 9.9982E-05 9.9982E-05 0.0144269 0.0431108 0.678511 0.0314127 0.00144853
0.131002 9.9973E-05 9.9973E-05 0.00738408 9.9973E-05 0.777518 0.0597694 0.0240272
0.554053 0.154309 0.0340296 9.9991E-05 0.0529028 0.0891474 0.0811591 0.0342998
9.994E-05 9.994E-05 9.994E-05 9.994E-05 9.994E-05 0.9993 9.994E-05 9.994E-05
0.611297 0.0584833 0.01208 0.0472163 0.201844 0.000371709 0.0148971 0.0538099
0.613961 0.126809 0.12574 0.0242436 0.0812151 0.00453109 9.9991E-05 0.0234009
0.45795 0.370508 0.00759822 0.0274349 0.0734645 0.0206486 9.9991E-05 0.0422959
0.715329 0.242312 9.9973E-05 0.000799664 0.0403182 9.9973E-05 9.9973E-05 0.000941064
0.38351 0.343761 9.9982E-05 9.9982E-05 0.124442 0.00800375 0.0925782 0.0475058
0.480131 0.27072 9.9982E-05 0.0342173 0.145612 0.0238721 9.9982E-05 0.0452478
0.747851 0.0497441 0.00860434 0.0364756 0.106767 9.9991E-05 0.0147631 0.0356949
0.543514 0.22815 0.0473621 0.0245195 0.104936 0.0330835 9.9991E-05 0.0183354
0.696478 0.0859297 9.9991E-05 0.0415984 0.0819416 0.0272275 0.0438153 0.022909
0.704627 0.0990368 0.0399562 0.0183597 0.0775552 0.0242291 9.9991E-05 0.0361363
0.105289 9.9982E-05 0.0673052 0.203277 0.0131614 9.9982E-05 0.599539 0.0112274
0.172668 9.9964E-05 0.130139 0.0381261 9.9964E-05 9.9964E-05 0.658667 9.9964E-05
0.131478 0.00150322 0.123043 0.0775405 0.0121001 9.9991E-05 0.646455 0.00778018
9.9955E-05 0.039331 9.9955E-05 0.0109843 9.9955E-05 9.9955E-05 0.949185 9.9955E-05
0.123319 9.9982E-05 0.000266179 0.0801505 0.00545469 9.9982E-05 0.786386 0.00422451
9.9973E-05 0.0392409 9.9973E-05 0.0887794 0.0212138 9.9973E-05 0.842616 0.00785034
0.057102 9.9964E-05 0.0238991 9.9964E-05 9.9964E-05 9.9964E-05 0.907047 0.0115519
9.9964E-05 0.0195282 9.9964E-05 9.9964E-05 9.9964E-05 0.00576313 0.967082 0.00722705
9.9973E-05 0.192403 0.0636849 0.117817 9.9973E-05 0.0137198 0.612075 9.9973E-05
9.9955E-05 9.9955E-05 9.9955E-05 0.0189688 0.0283955 9.9955E-05 0.952136 9.9955E-05
0.0333902 0.0327148 9.9964E-05 9.9964E-05 9.9964E-05 0.0192649 9.9964E-05 0.91423
0.0176309 0.00132263 9.9973E-05 9.9973E-05 0.00595497 9.9973E-05 0.0345867 0.940205
0.0452585 0.0105729 9.9964E-05 0.0361382 9.9964E-05 9.9964E-05 9.9964E-05 0.907631
0.118437 9.9964E-05 0.0037569 0.00548493 9.9964E-05 9.9964E-05 9.9964E-05 0.871922
0.0950707 9.9964E-05 0.0163838 0.0216833 9.9964E-05 9.9964E-05 9.9964E-05 0.866462
0.0815745 9.9964E-05 0.0136518 0.0213248 9.9964E-05 9.9964E-05 9.9964E-05 0.883049
0.124131 9.9982E-05 9.9982E-05 0.0235617 0.0137795 0.00713842 0.0535773 0.777612
9.9964E-05 9.9964E-05 0.0291124 9.9964E-05 0.0101731 0.0255385 9.9964E-05 0.934776
9.9946E-05 0.0234408 9.9946E-05 9.9946E-05 9.9946E-05 9.9946E-05 9.9946E-05 0.97596
0.0484956 9.9964E-05 9.9964E-05 0.00477214 9.9964E-05 9.9964E-05 0.0467005 0.899632
9.994E-05 9.994E-05 9.994E-05 9.994E-05 9.994E-05 9.994E-05 9.994E-05 0.9993
9.9946E-05 0.0134299 9.9946E-05 9.9946E-05 9.9946E-05 9.9946E-05 9.9946E-05 0.98597
9.9946E-05 9.9946E-05 9.9946E-05 0.040756 0.958644 9.9946E-05 9.9946E-05 9.9946E-05
0.10699 0.112385 0.0299851 0.0323087 0.710237 0.00789462 9.9982E-05 9.9982E-05
0.210019 0.120981 9.9991E-05 0.00393164 0.514765 0.0130603 0.112541 0.0246021
0.0761922 9.9973E-05 0.0393821 0.00754824 0.840489 0.0360884 9.9973E-05 9.9973E-05
0.14805 0.112272 0.044631 0.030537 0.610656 9.9982E-05 9.9982E-05 0.0536534
0.00996557 0.101983 0.0639075 0.0358277 0.707045 0.0332054 9.9991E-05 0.0479665
0.015266 9.9973E-05 9.9973E-05 0.0184188 0.849675 9.9973E-05 0.111917 0.00442324
0.0819622 9.9973E-05 9.9973E-05 9.9973E-05 0.7876 0.00586595 0.0988379 0.0254337
9.9964E-05 0.396805 0.419518 9.9964E-05 0.0444506 9.9964E-05 0.138827 9.9964E-05
9.9955E-05 0.446033 0.24013 9.9955E-05 9.9955E-05 9.9955E-05 0.313338 9.9955E-05
0.103295 0.232068 0.237161 9.9982E-05 9.9982E-05 0.0074563 0.400537 0.0192828
9.9982E-05 0.310304 0.352513 0.0089153 9.9982E-05 0.0156232 0.298864 0.013581
9.9973E-05 0.502853 0.129404 9.9973E-05 0.0240607 9.9973E-05 0.318056 0.0253258
0.0710874 0.218525 0.25284 0.0304692 0.0679285 0.0384993 0.314341 0.00630903
0.144608 0.250791 0.304087 0.0118289 9.9973E-05 9.9973E-05 0.288385 9.9973E-05
9.9982E-05 0.344061 0.172857 9.9982E-05 0.00180564 0.0228824 0.4366 0.0215939
0.122027 0.174953 0.18479 9.9982E-05 0.031692 9.9982E-05 0.449464 0.0368745
0.0639369 0.213428 0.411491 9.9982E-05 0.025414 9.9982E-05 0.264453 0.0210772
9.9955E-05 0.588664 0.182302 9.9955E-05 9.9955E-05 9.9955E-05 0.228535 9.9955E-05
0.582335 0.0276745 9.9991E-05 0.00436187 0.0482518 0.115672 0.167251 0.0543531
0.716042 9.9991E-05 0.0219191 0.014927 0.0243817 0.0845538 0.11491 0.0231663
0.697745 9.9982E-05 0.0965192 0.0657669 9.9982E-05 0.0982061 0.00991567 0.0316476
0.636402 9.9982E-05 9.9982E-05 0.00559809 0.0501301 0.0889348 0.179249 0.0394857
0.444341 0.372946 9.9973E-05 9.9973E-05 0.0379566 0.129034 9.9973E-05 0.0154237
0.61141 0.236597 0.0253711 9.9973E-05 0.0350546 0.0912676 9.9973E-05 9.9973E-05
0.531697 0.21053 0.00528193 9.9973E-05 0.118414 0.133778 9.9973E-05 9.9973E-05
0.657907 0.110141 9.9973E-05 0.0303709 0.0616178 0.139663 9.9973E-05 9.9973E-05
0.47005 0.219197 0.0369647 9.9982E-05 0.174051 0.092788 9.9982E-05 0.00674887
0.562817 0.304604 0.00845056 0.0236457 0.0230724 0.0772098 9.9982E-05 9.9982E-05
0.637326 0.0713365 9.9982E-05 9.9982E-05 0.0396214 0.0499526 0.15826 0.0433032
0.564392 0.253976 9.9973E-05 9.9973E-05 0.0521012 0.102308 9.9973E-05 0.0269228
0.0633854 0.00393996 0.00258733 9.9982E-05 0.101913 9.9982E-05 0.046886 0.781089
0.172977 9.9982E-05 0.0398425 0.00737629 0.0319245 0.0034701 9.9982E-05 0.74421
9.9955E-05 0.146252 9.9955E-05 9.9955E-05 0.0582329 9.9955E-05 9.9955E-05 0.795015
0.071677 9.9973E-05 9.9973E-05 0.00212365 0.0155338 9.9973E-05 0.0626507 0.847715
0.0810467 9.9964E-05 9.9964E-05 9.9964E-05 0.0357186 9.9964E-05 0.0491763 0.833659
0.23662 9.9964E-05 0.0565343 0.00374435 9.9964E-05 9.9964E-05 9.9964E-05 0.702701
0.175291 9.9964E-05 9.9964E-05 9.9964E-05 0.000491016 9.9964E-05 0.0716199 0.752199
0.165422 9.9964E-05 9.9964E-05 9.9964E-05 0.0651489 9.9964E-05 0.102511 0.666518
0.183875 9.9982E-05 0.0194537 0.0308376 9.9982E-05 0.0180648 0.0223113 0.725258
9.99459E-05 0.990153 9.99459E-05 0.00924754 9.99459E-05 9.99459E-05 9.99459E-05 9.99459E-05
9.9982E-05 0.812575 0.0187343 0.000580306 0.00900681 9.9982E-05 0.132219 0.026684
9.9973E-05 0.575852 0.372434 9.9973E-05 9.9973E-05 0.0034408 0.0124011 0.0355721
0.148523 0.547179 0.206963 0.0102135 9.9973E-05 9.9973E-05 0.0868213 9.9973E-05
0.228457 0.344991 0.0907173 9.9982E-05 9.9982E-05 0.0245182 0.282446 0.0286705
0.366615 0.295819 0.0815263 0.0140033 0.0139583 0.00832353 0.18665 0.0331052
0.115987 0.724545 0.0466452 0.0670757 9.9982E-05 0.031511 9.9982E-05 0.0140363
0.00064135 0.979394 9.99639E-05 0.0111449 9.99639E-05 9.99639E-05 9.99639E-05 0.00841953
9.9973E-05 0.623668 0.108779 9.9973E-05 0.0548913 0.0236891 0.188674 9.9973E-05
0.106002 0.886489 9.9955E-05 9.9955E-05 9.9955E-05 9.9955E-05 9.9955E-05 0.00700946
0.104125 0.641346 0.00868707 9.9973E-05 0.0718791 9.9973E-05 0.173662 9.9973E-05
9.9964E-05 0.827668 9.9964E-05 9.9964E-05 9.9964E-05 0.00710746 0.141511 0.0233139
0.0639953 9.9973E-05 9.9973E-05 9.9973E-05 0.786123 0.00812608 0.133382 0.0080737
0.12839 9.9955E-05 0.00639502 9.9955E-05 0.864715 9.9955E-05 9.9955E-05 9.9955E-05
0.201257 9.9964E-05 9.9964E-05 9.9964E-05 0.547936 9.9964E-05 0.218357 0.0320494
0.0788336 9.9964E-05 9.9964E-05 9.9964E-05 0.748754 9.9964E-05 0.130854 0.0411585
9.9955E-05 0.271916 9.9955E-05 9.9955E-05 0.697149 0.0304352 9.9955E-05 9.9955E-05
0.140119 9.9982E-05 9.9982E-05 0.00446765 0.632672 0.0147524 0.156825 0.0509648
0.228453 9.9982E-05 9.9982E-05 0.00364786 0.732034 0.00302872 0.00132816 0.0313082
0.148841 9.9964E-05 9.9964E-05 9.9964E-05 0.666317 9.9964E-05 0.143629 0.040813
0.0798201 0.0314189 0.0504395 9.9973E-05 0.837711 9.9973E-05 9.9973E-05 0.000310625
0.113702 9.9964E-05 9.9964E-05 0.00454115 0.837345 9.9964E-05 0.0440117 9.9964E-05
0.065719 0.0508798 9.9991E-05 0.00589243 0.791308 0.0263329 0.0442278 0.01554
9.9964E-05 0.166443 0.0667288 0.745885 9.9964E-05 9.9964E-05 0.0205434 9.9964E-05
9.9982E-05 0.15329 0.00448937 0.666784 0.00151788 0.0131322 0.160586 9.9982E-05
9.9982E-05 0.0295648 9.9982E-05 0.624026 0.0260952 0.0131852 0.276975 0.029954
0.0983 0.00290116 0.102349 0.568053 9.9982E-05 9.9982E-05 0.19787 0.0303269
0.142532 9.9973E-05 0.0668877 0.593508 9.9973E-05 9.9973E-05 0.164515 0.0322571
0.160354 9.9973E-05 0.026616 0.542369 9.9973E-05 9.9973E-05 0.234835 0.035526
0.174847 9.9973E-05 0.0204386 0.596617 9.9973E-05 9.9973E-05 0.193133 0.0146636
9.9973E-05 9.9973E-05 0.120824 0.735294 0.0498112 0.00986592 0.0839059 9.9973E-05
9.9964E-05 0.163323 0.0299186 0.630158 9.9964E-05 9.9964E-05 0.176201 9.9964E-05
0.105158 9.9973E-05 0.0506994 0.600536 9.9973E-05 9.9973E-05 0.231594 0.0117127
0.0781126 9.9973E-05 0.0515601 0.569552 9.9973E-05 9.9973E-05 0.263141 0.0373348
0.168766 9.9973E-05 0.00763613 0.645278 9.9973E-05 9.9973E-05 0.151734 0.0262856
0.175704 9.9973E-05 0.117976 0.0942059 9.9973E-05 0.011656 0.600158 9.9973E-05
0.0441872 9.9982E-05 0.00620896 9.9982E-05 0.0146545 0.0444376 0.886332 0.00397957
0.0108879 0.107296 0.190197 0.0500741 9.9991E-05 0.0123421 0.625894 0.00320906
9.99928E-05 0.0316532 0.0415744 0.0393715 0.0351472 0.0223768 0.784139 0.0456376
0.0821142 9.9973E-05 9.9973E-05 0.00204725 9.9973E-05 0.031288 0.86777 0.016481
0.152144 9.9982E-05 0.138863 0.0601504 9.9982E-05 0.0215878 0.625244 0.0018113
0.0224194 0.116192 0.119653 0.0163502 9.9982E-05 0.0328066 0.692379 9.9982E-05
0.081327 0.062542 0.127293 0.0103735 9.9982E-05 0.0209543 0.69731 9.9982E-05
9.9973E-05 0.0367432 9.9973E-05 9.9973E-05 0.029251 0.00480534 0.914799 0.0141012
0.074497 0.0292455 9.9982E-05 0.00335701 0.0149519 9.9982E-05 0.866837 0.0109114
9.9982E-05 0.178556 0.056198 0.0604564 0.00745348 0.0111363 0.686 9.9982E-05
0.102934 9.9973E-05 9.9973E-05 0.0279515 0.00601679 9.9973E-05 0.842539 0.0202589
9.9964E-05 9.9964E-05 0.0408592 0.925672 0.0198725 0.0131959 9.9964E-05 9.9964E-05
9.9955E-05 0.0523994 9.9955E-05 0.944347 9.9955E-05 0.00275377 9.9955E-05 9.9955E-05
9.9946E-05 0.057178 9.9946E-05 0.942222 9.9946E-05 9.9946E-05 9.9946E-05 9.9946E-05
0.0192306 9.9964E-05 9.9964E-05 0.885214 9.9964E-05 9.9964E-05 0.0776485 0.0175075
0.0971476 9.9964E-05 0.0127683 0.884121 9.9964E-05 9.9964E-05 9.9964E-05 0.00556295
0.141357 9.9964E-05 9.9964E-05 0.810956 9.9964E-05 9.9964E-05 0.0247814 0.0225058
0.0881114 9.9973E-05 0.0171527 0.84586 9.9973E-05 0.00215944 0.0464161 9.9973E-05
0.0625126 9.9973E-05 9.9973E-05 0.843972 0.0113901 9.9973E-05 0.0745732 0.00725192
9.9946E-05 0.0887912 9.9946E-05 0.910609 9.9946E-05 9.9946E-05 9.9946E-05 9.9946E-05
9.9955E-05 0.0921076 9.9955E-05 0.905224 9.9955E-05 9.9955E-05 0.00216833 9.9955E-05
9.9955E-05 9.9955E-05 9.9955E-05 0.944871 0.0513001 0.00332894 9.9955E-05 9.9955E-05
0.0884017 9.9964E-05 9.9964E-05 0.89442 9.9964E-05 0.00223784 9.9964E-05 0.014541
0.118808 0.165197 0.0284881 0.0056866 0.552734 0.00081905 0.0466236 0.081643
0.0281628 0.15434 0.00771908 9.9991E-05 0.65409 0.0123986 0.061286 0.0819036
9.9973E-05 0.171201 0.0467317 9.9973E-05 0.764921 0.00762531 9.9973E-05 0.00922158
0.122666 0.0651672 0.0668122 0.0230619 0.58638 9.9991E-05 0.0365216 0.0992906
0.0799686 0.173281 0.051896 9.9991E-05 0.57858 0.0433772 0.0180615 0.0547354
0.241618 9.9982E-05 0.0738455 0.0307812 0.545878 9.9982E-05 0.03486 0.0728168
0.156585 0.00563532 9.9973E-05 0.0245227 0.800008 0.0129493 9.9973E-05 9.9973E-05
0.119981 0.0274025 0.0226564 0.0328072 0.754411 0.0372995 0.00534234 9.9991E-05
9.9964E-05 0.23841 0.0212479 9.9964E-05 0.73127 9.9964E-05 9.9964E-05 0.00867161
0.145011 9.9982E-05 0.0260047 0.0436949 0.771043 0.00914301 9.9982E-05 0.00490351
9.9964E-05 0.0939269 9.9964E-05 9.9964E-05 0.808801 9.9964E-05 0.0808092 0.016063
9.9973E-05 0.0888135 0.0160043 0.00789815 0.877263 0.00972067 9.9973E-05 9.9973E-05
0.0472308 0.114089 0.0280545 0.00366363 0.787058 9.9982E-05 9.9982E-05 0.0197038
9.9946E-05 0.319866 9.9946E-05 9.9946E-05 0.679534 9.9946E-05 9.9946E-05 9.9946E-05
0.247075 9.9982E-05 0.066887 9.9982E-05 0.619616 0.027837 0.0184826 0.0199019
9.9955E-05 9.9955E-05 0.981457 0.0156154 0.00242756 9.9955E-05 9.9955E-05 9.9955E-05
0.124863 9.9982E-05 0.563953 0.278545 9.9982E-05 0.00116076 0.00741815 0.0238597
9.9955E-05 9.9955E-05 0.965629 0.0230655 9.9955E-05 9.9955E-05 9.9955E-05 0.0108054
0.0589309 9.9982E-05 0.844215 0.0789551 0.00285403 9.9982E-05 0.00564318 0.00920152
0.202268 9.9964E-05 0.583285 0.109094 9.9964E-05 9.9964E-05 0.104952 9.9964E-05
0.0166066 9.9982E-05 0.549524 0.214352 0.0199892 9.9982E-05 0.165564 0.033764
9.9973E-05 0.0431529 0.787012 0.123555 0.0457822 0.000198583 9.9973E-05 9.9973E-05
9.9955E-05 9.9955E-05 0.891814 0.0951377 9.9955E-05 9.9955E-05 9.9955E-05 0.0125484
0.660304 0.124085 9.9964E-05 9.9964E-05 9.9964E-05 9.9964E-05 0.153634 0.061576
0.627342 0.288389 9.9982E-05 9.9982E-05 0.0612313 0.0153236 0.0042847 0.00323009
0.467359 0.532041 9.9946E-05 9.9946E-05 9.9946E-05 9.9946E-05 9.9946E-05 9.9946E-05
0.451381 0.125987 0.163091 0.0129836 0.153012 9.9991E-05 0.0799771 0.0134693
0.51751 0.19822 0.0541972 0.0570304 0.159679 0.0131628 9.9982E-05 9.9982E-05
0.64838 0.0698056 0.0937674 9.9982E-05 0.140355 0.0295544 0.0179381 9.9982E-05
0.453877 0.538368 9.9955E-05 9.9955E-05 9.9955E-05 0.00725463 9.9955E-05 9.9955E-05
0.537598 0.435607 9.9964E-05 9.9964E-05 9.9964E-05 0.0144084 9.9964E-05 0.0119871
0.588823 0.172493 0.108321 9.9991E-05 0.0805881 0.0318169 0.00126867 0.0165894
0.546456 0.17102 9.9982E-05 9.9982E-05 0.0681541 0.0505367 0.121128 0.0425054
0.541476 0.229848 0.0229589 0.0107472 0.0692303 0.0477593 0.0303162 0.0476644
0.723898 0.0594767 0.0948424 0.000438587 0.0937981 0.0273465 9.9982E-05 9.9982E-05
0.60041 0.226006 0.0426127 0.0268581 0.0650597 0.0383816 9.9991E-05 0.000571785
0.914472 9.9973E-05 0.0290449 0.00658215 9.9973E-05 9.9973E-05 0.0315423 0.0180591
0.815981 0.0247031 0.0319841 0.0176963 0.0585934 0.0336941 0.017248 9.9991E-05
0.858822 0.0595516 0.0623572 9.9973E-05 9.9973E-05 0.00487166 9.9973E-05 0.0140974
0.734666 0.131609 9.9982E-05 0.00707835 0.0766711 0.045388 0.00438743 9.9982E-05
0.694508 0.058076 0.0705791 9.9982E-05 0.101311 0.0425947 9.9982E-05 0.0327311
0.663339 0.201701 9.9982E-05 9.9982E-05 0.0327017 0.0347185 0.0375616 0.029778
0.659494 0.121858 9.9982E-05 9.9982E-05 0.0335854 0.0441843 0.0945888 0.0460896
0.754357 9.9991E-05 0.0808493 0.0385289 0.00794628 0.0468402 0.016953 0.0544257
0.625919 0.10917 9.9982E-05 9.9982E-05 0.0216546 0.0351801 0.159515 0.0483611
0.930971 0.0307047 0.0336444 9.9964E-05 9.9964E-05 9.9964E-05 0.00427967 9.9964E-05
