9.9964E-05 0.0484285 0.142069 9.9964E-05 0.0129751 0.019674 9.9964E-05 0.0308295 9.9964E-05 0.745624
0.00995187 0.0370556 0.147263 9.9955E-05 9.9955E-05 0.0108883 9.9955E-05 9.9955E-05 9.9955E-05 0.794341
9.9955E-05 0.0165254 0.079279 9.9955E-05 9.9955E-05 0.0266826 9.9955E-05 0.0479647 9.9955E-05 0.829049
0.027582 0.166304 9.9973E-05 0.11917 9.9973E-05 0.0399521 0.0202493 9.9973E-05 0.00874975 0.617692
0.0104554 9.9937E-05 9.9937E-05 0.0911891 9.9937E-05 9.9937E-05 9.9937E-05 9.9937E-05 9.9937E-05 0.897656
9.9928E-05 9.9928E-05 9.9928E-05 0.0259769 9.9928E-05 9.9928E-05 9.9928E-05 9.9928E-05 9.9928E-05 0.973224
0.0285665 0.378121 0.0567183 0.0459729 9.9991E-05 0.0575683 0.037469 0.00142592 0.0196443 0.374414
0.0131933 0.178745 0.0680087 0.00627069 0.00549977 0.089044 9.9973E-05 9.9973E-05 9.9973E-05 0.638938
9.9955E-05 0.202983 0.0743574 9.9955E-05 0.0290824 0.0860432 9.9955E-05 9.9955E-05 9.9955E-05 0.607035
9.99201E-05 9.99201E-05 9.99201E-05 9.99201E-05 9.99201E-05 9.99201E-05 9.99201E-05 9.99201E-05 0.999101 9.99201E-05
0.0322257 9.9973E-05 0.672695 0.124587 9.9973E-05 9.9973E-05 0.00883344 0.0223295 0.0932011 0.0458284
0.0039826 0.124135 0.565978 0.133941 9.9964E-05 0.0744637 9.9964E-05 9.9964E-05 0.0971001 9.9964E-05
9.9955E-05 0.0837231 0.169841 9.9955E-05 0.0265879 0.1177 9.9955E-05 9.9955E-05 0.601647 9.9955E-05
0.00314603 0.112127 0.125784 9.9964E-05 9.9964E-05 0.0509012 0.00564332 9.9964E-05 0.701998 9.9964E-05
0.0203627 9.9946E-05 9.9946E-05 0.00609042 9.9946E-05 9.9946E-05 0.00280367 9.9946E-05 0.970144 9.9946E-05
0.0189511 0.0517323 0.484004 9.9973E-05 0.0108788 0.0284366 9.9973E-05 0.0623832 0.343314 9.9973E-05
9.99201E-05 9.99201E-05 9.99201E-05 9.99201E-05 9.99201E-05 9.99201E-05 9.99201E-05 9.99201E-05 0.999101 9.99201E-05
9.9964E-05 0.0283089 0.241376 9.9964E-05 0.0121065 0.00798898 9.9964E-05 0.0350158 0.674804 9.9964E-05
9.99459E-05 0.0637762 0.104581 9.99459E-05 9.99459E-05 0.0586684 9.99459E-05 9.99459E-05 0.772375 9.99459E-05
0.025104 0.0865051 0.511756 0.146265 9.9982E-05 0.087795 9.9982E-05 0.0336039 0.0878026 0.0209686
9.99201E-05 9.99201E-05 9.99201E-05 9.99201E-05 9.99201E-05 9.99201E-05 9.99201E-05 9.99201E-05 0.999101 9.99201E-05
9.9982E-05 0.019566 0.653748 0.0356694 0.0376164 0.0727938 0.020003 0.138806 9.9982E-05 0.021597
0.0142441 9.9973E-05 0.650518 0.0972874 0.024793 9.9973E-05 0.0392033 0.0480009 9.9973E-05 0.125654
0.0209717 9.9982E-05 0.491898 0.3091 0.0307825 9.9982E-05 0.058211 0.0699266 0.00913291 0.00977741
9.9937E-05 9.9937E-05 0.793061 0.180666 9.9937E-05 9.9937E-05 0.025574 9.9937E-05 9.9937E-05 9.9937E-05
0.0185167 0.0877462 0.407687 0.291654 9.9982E-05 0.0486583 0.027753 0.106816 0.010969 9.9982E-05
0.0245681 9.9982E-05 0.526157 0.240114 0.0206257 0.0501665 0.023132 0.107715 0.00732234 9.9982E-05
9.9982E-05 0.029991 0.772806 0.0188803 0.0376786 0.0636629 0.00459252 0.0671768 9.9982E-05 0.00501233
9.9973E-05 9.9973E-05 0.612424 0.214102 0.0291273 9.9973E-05 0.0482573 0.0540159 0.0214884 0.0202853
9.9982E-05 0.0447394 0.743914 0.0781091 0.0380443 0.00302134 0.0487857 0.0327317 0.0104543 9.9982E-05
0.00402241 9.9991E-05 0.762948 0.0579825 0.0186532 0.0063508 0.0501826 0.0303621 0.0238643 0.045534
9.9964E-05 0.579295 0.0611379 9.9964E-05 0.202932 9.9964E-05 0.0278973 0.010159 9.9964E-05 0.118179
9.9955E-05 0.665417 0.141972 9.9955E-05 0.0439369 9.9955E-05 9.9955E-05 0.00333911 9.9955E-05 0.144835
9.9964E-05 0.637016 0.136104 0.00314565 0.0923862 9.9964E-05 0.0143309 9.9964E-05 9.9964E-05 0.116617
9.9946E-05 0.936662 9.9946E-05 0.0328793 0.0256713 9.9946E-05 0.00418729 9.9946E-05 9.9946E-05 9.9946E-05
9.9955E-05 0.741468 0.102311 9.9955E-05 0.0944169 0.0344042 9.9955E-05 9.9955E-05 9.9955E-05 0.0268995
0.0181664 0.857596 9.9955E-05 0.0239268 0.0773689 9.9955E-05 0.022442 9.9955E-05 9.9955E-05 9.9955E-05
0.00186158 0.907939 9.9955E-05 0.00819028 9.9955E-05 0.0444036 9.9955E-05 9.9955E-05 9.9955E-05 0.0371055
9.9946E-05 0.940572 9.9946E-05 0.0419797 9.9946E-05 0.0153854 9.9946E-05 9.9946E-05 0.00146292 9.9946E-05
0.00583814 0.508571 9.9964E-05 0.186142 0.148256 9.9964E-05 9.9964E-05 9.9964E-05 0.0216101 0.129184
0.000268409 0.912434 9.9964E-05 9.9964E-05 0.0269941 9.9964E-05 0.000577151 0.0203902 9.9964E-05 0.0389365
0.0245079 9.9973E-05 0.0494599 9.9973E-05 0.00487194 0.0167116 0.894567 0.00206755 0.00751379 9.9973E-05
9.9955E-05 0.0140199 0.00419526 9.9955E-05 9.9955E-05 0.244722 0.734774 0.00178918 9.9955E-05 9.9955E-05
0.00701122 9.9955E-05 0.0466026 9.9955E-05 0.0347744 0.0841008 0.827011 9.9955E-05 9.9955E-05 9.9955E-05
9.99459E-05 9.99459E-05 0.113489 9.99459E-05 0.00364471 0.135373 0.746894 9.99459E-05 9.99459E-05 9.99459E-05
0.00918847 9.9964E-05 0.0919141 9.9964E-05 0.01236 0.141645 0.740888 9.9964E-05 9.9964E-05 0.00360443
9.99549E-05 9.99549E-05 0.0891994 9.99549E-05 0.0222436 0.0311821 0.848986 9.99549E-05 9.99549E-05 0.00788882
0.00333133 0.0482065 0.0982039 9.9973E-05 0.0266045 0.244963 0.557267 0.021123 9.9973E-05 9.9973E-05
9.9964E-05 9.9964E-05 0.0293532 9.9964E-05 9.9964E-05 0.0853038 0.854338 0.00610275 0.0136254 0.0108775
9.99201E-05 9.99201E-05 9.99201E-05 9.99201E-05 9.99201E-05 9.99201E-05 0.999101 9.99201E-05 9.99201E-05 9.99201E-05
9.9946E-05 0.0445908 0.0224424 9.9946E-05 9.9946E-05 0.199458 0.732909 9.9946E-05 9.9946E-05 9.9946E-05
9.99201E-05 9.99201E-05 9.99201E-05 9.99201E-05 9.99201E-05 9.99201E-05 0.999101 9.99201E-05 9.99201E-05 9.99201E-05
9.99201E-05 9.99201E-05 9.99201E-05 9.99201E-05 9.99201E-05 9.99201E-05 0.999101 9.99201E-05 9.99201E-05 9.99201E-05
9.9946E-05 0.0361267 9.9946E-05 9.9946E-05 0.0387391 9.9946E-05 0.00736304 0.917171 9.9946E-05 9.9946E-05
0.00619737 9.9982E-05 0.076493 0.0932289 0.0439461 9.9982E-05 0.0199499 0.700795 0.0127498 0.04644
0.0372189 0.126148 0.178802 0.0796063 9.9973E-05 9.9973E-05 0.0542206 0.506359 0.017345 9.9973E-05
0.0328419 9.9982E-05 0.0602695 9.9982E-05 0.00867079 0.0138127 0.0137535 0.783181 0.0364884 0.0507826
0.0195172 0.0161246 0.166947 0.0668397 0.0262253 0.0354655 0.0533784 0.570331 9.9991E-05 0.0450713
0.0330982 9.9991E-05 0.034826 0.0559397 0.0411132 0.056036 0.030569 0.656046 0.0327024 0.0595698
9.9946E-05 0.139265 0.00600022 9.9946E-05 9.9946E-05 0.0627738 9.9946E-05 0.791362 9.9946E-05 9.9946E-05
9.9964E-05 0.0872898 0.0655468 9.9964E-05 0.0184775 0.055825 0.00390613 0.768555 9.9964E-05 9.9964E-05
9.9973E-05 0.0863722 9.9973E-05 0.388475 0.00301366 9.9973E-05 0.0171518 0.0347391 0.0107784 0.45917
9.9937E-05 0.298258 9.9937E-05 0.505682 9.9937E-05 9.9937E-05 9.9937E-05 9.9937E-05 9.9937E-05 0.19536
0.0111047 0.349651 0.0503342 0.28789 0.00323962 0.0786535 9.9982E-05 9.9982E-05 0.00237175 0.216556
0.0230714 0.282297 9.9973E-05 0.329429 0.0219619 0.0240421 0.00168232 9.9973E-05 9.9973E-05 0.317217
0.0040594 0.283333 9.9955E-05 0.565355 9.9955E-05 0.0630913 9.9955E-05 9.9955E-05 9.9955E-05 0.0836615
0.032853 0.308289 0.049507 0.204524 0.024873 0.0417306 9.9991E-05 0.0649144 0.0358576 0.237351
0.0106494 0.270974 0.132191 0.259417 9.9964E-05 9.9964E-05 0.0176249 9.9964E-05 9.9964E-05 0.308744
9.9964E-05 0.429976 9.9964E-05 0.383553 9.9964E-05 0.0146132 0.0251274 9.9964E-05 0.0197009 0.12663
0.0109783 0.447368 0.0800017 0.205661 9.9973E-05 0.0886536 9.9973E-05 0.00876065 9.9973E-05 0.158278
0.0272605 0.253374 0.064782 0.19324 0.00868958 0.00336586 0.0218916 0.0228426 0.0132469 0.391307
9.9937E-05 0.150394 9.9937E-05 0.672048 9.9937E-05 9.9937E-05 9.9937E-05 9.9937E-05 9.9937E-05 0.176859
0.0156478 0.178833 0.54731 0.0227256 9.9973E-05 0.123166 9.9973E-05 0.00245205 0.109566 9.9973E-05
0.0185614 0.135248 0.691915 9.9973E-05 0.0155254 0.0707315 9.9973E-05 0.00667136 0.0610477 9.9973E-05
9.9973E-05 0.0300614 0.63504 9.9973E-05 0.0772652 0.0593426 0.00368536 9.9973E-05 0.103409 0.0908964
9.9955E-05 0.198052 0.613029 9.9955E-05 9.9955E-05 0.0988369 9.9955E-05 0.00564111 0.083942 9.9955E-05
0.0232811 9.9964E-05 0.469051 0.337013 9.9964E-05 0.0385804 9.9964E-05 0.0189652 0.11271 9.9964E-05
0.0234447 9.9973E-05 0.65865 0.178846 9.9973E-05 9.9973E-05 0.0155571 0.00775421 0.0757189 0.0397285
0.0303175 9.9973E-05 0.523506 0.178923 9.9973E-05 9.9973E-05 0.00402691 0.120392 0.123396 0.0191388
9.9955E-05 9.9955E-05 0.695636 0.105918 0.034048 9.9955E-05 9.9955E-05 0.0362165 0.127682 9.9955E-05
9.9964E-05 9.9964E-05 0.519362 0.187372 9.9964E-05 9.9964E-05 0.0226513 0.135768 0.0706214 0.0638253
0.0488327 9.9982E-05 0.56633 0.245622 0.0183047 9.9982E-05 0.00763686 0.0267428 0.0688738 0.0174573
0.0333091 0.174599 0.541456 0.0430702 9.9973E-05 0.100617 9.9973E-05 0.0425612 0.0640872 9.9973E-05
0.0328958 9.9973E-05 0.578477 0.210251 9.9973E-05 0.0528847 0.00270117 0.032698 0.0897915 9.9973E-05
0.00776592 9.9955E-05 9.9955E-05 0.0235486 9.9955E-05 0.880722 0.0725879 0.0148753 9.9955E-05 9.9955E-05
9.9955E-05 9.9955E-05 0.00939132 9.9955E-05 9.9955E-05 0.934793 0.0108258 9.9955E-05 0.0257403 0.01875
9.99371E-05 9.99371E-05 9.99371E-05 0.0776502 9.99371E-05 0.887557 0.0340936 9.99371E-05 9.99371E-05 9.99371E-05
9.99201E-05 9.99201E-05 9.99201E-05 9.99201E-05 9.99201E-05 0.999101 9.99201E-05 9.99201E-05 9.99201E-05 9.99201E-05
9.99201E-05 9.99201E-05 9.99201E-05 9.99201E-05 9.99201E-05 0.999101 9.99201E-05 9.99201E-05 9.99201E-05 9.99201E-05
0.00466324 9.9955E-05 0.102798 9.9955E-05 9.9955E-05 0.755708 0.102422 9.9955E-05 9.9955E-05 0.033909
9.9955E-05 0.0440854 0.00162459 9.9955E-05 9.9955E-05 0.90629 0.0458918 9.9955E-05 0.00160865 9.9955E-05
9.9946E-05 0.0483408 0.0409057 9.9946E-05 9.9946E-05 0.899613 9.9946E-05 0.0105411 9.9946E-05 9.9946E-05
9.9955E-05 9.9955E-05 0.00136902 9.9955E-05 0.0229085 0.952752 9.9955E-05 9.9955E-05 0.018867 0.00360343
9.99201E-05 9.99201E-05 9.99201E-05 0.999101 9.99201E-05 9.99201E-05 9.99201E-05 9.99201E-05 9.99201E-05 9.99201E-05
9.9946E-05 0.0995851 9.9946E-05 0.84602 9.9946E-05 0.0417023 9.9946E-05 0.0120927 9.9946E-05 9.9946E-05
9.9964E-05 0.00327037 0.0277005 0.602782 9.9964E-05 9.9964E-05 0.0413784 9.9964E-05 0.00245628 0.322013
9.9955E-05 0.0295211 0.174536 0.564396 0.0123496 9.9955E-05 9.9955E-05 9.9955E-05 9.9955E-05 0.218697
9.9964E-05 0.274444 0.177252 0.403024 9.9964E-05 0.0820551 9.9964E-05 9.9964E-05 0.0235785 0.0392467
9.9973E-05 0.197121 0.356583 0.338604 0.00504799 0.0735277 9.9973E-05 9.9973E-05 0.00639719 0.0224196
9.9973E-05 9.9973E-05 0.128719 0.731703 0.0482946 0.00816205 0.00724276 9.9973E-05 0.038658 0.0369209
9.99369E-05 9.99369E-05 0.00523454 0.98575 9.99369E-05 9.99369E-05 0.00831567 9.99369E-05 9.99369E-05 9.99369E-05
9.9969E-05 0.174802 9.9969E-05 0.686737 9.9969E-05 0.0135313 9.9969E-05 0.0593254 0.0162705 0.0489334
9.9937E-05 9.9937E-05 0.129683 0.860484 9.9937E-05 9.9937E-05 0.0091332 9.9937E-05 9.9937E-05 9.9937E-05
0.00301158 0.134516 0.0825019 0.679178 9.9964E-05 0.0175187 9.9964E-05 0.0828745 9.9964E-05 9.9964E-05
9.9946E-05 0.0722496 9.9946E-05 0.876491 9.9946E-05 0.0326545 9.9946E-05 9.9946E-05 0.0180053 9.9946E-05
0.00217018 0.127457 0.0309589 9.9955E-05 9.9955E-05 0.0834083 9.9955E-05 0.755505 9.9955E-05 9.9955E-05
0.0150019 9.9964E-05 0.111649 9.9964E-05 0.00890037 9.9964E-05 0.0355103 0.809943 9.9964E-05 0.0185953
9.9946E-05 0.195727 0.167119 9.9946E-05 9.9946E-05 0.125986 9.9946E-05 0.510567 9.9946E-05 9.9946E-05
9.9946E-05 0.153403 0.0241022 9.9946E-05 9.9946E-05 0.116641 9.9946E-05 0.705253 9.9946E-05 9.9946E-05
9.9946E-05 9.9946E-05 9.9946E-05 0.253777 9.9946E-05 9.9946E-05 0.0136704 0.708379 0.0235739 9.9946E-05
0.00538409 0.153282 0.10488 9.9973E-05 0.0124334 0.12529 9.9973E-05 0.580946 0.0174845 9.9973E-05
9.9964E-05 0.00772866 0.23178 9.9964E-05 0.00382685 0.0510143 0.0133309 0.691919 9.9964E-05 9.9964E-05
9.9946E-05 0.145897 0.120425 9.9946E-05 9.9946E-05 0.108079 9.9946E-05 0.624999 9.9946E-05 9.9946E-05
0.00070814 9.9964E-05 0.0604025 0.00733929 9.9964E-05 9.9964E-05 0.0278124 0.847236 9.9964E-05 0.0561022
0.002315 0.0656412 0.116358 9.9973E-05 0.00498083 0.00310528 0.00144932 0.80585 9.9973E-05 9.9973E-05
0.0364908 0.0914577 0.0132731 0.0196128 9.9973E-05 9.9973E-05 0.0285453 0.777791 0.0325289 9.9973E-05
9.9946E-05 0.0138889 9.9946E-05 0.188959 0.748687 9.9946E-05 9.9946E-05 9.9946E-05 9.9946E-05 0.0478653
0.00531034 0.154779 9.9973E-05 0.127214 0.656354 9.9973E-05 9.9973E-05 0.0051835 0.00646049 0.0443982
9.9973E-05 0.303585 9.9973E-05 0.0251682 0.615518 0.0272217 0.00658034 0.00398956 0.0176371 9.9973E-05
0.0407717 0.233265 0.0169384 0.00449289 0.563088 0.0654524 9.9982E-05 9.9982E-05 0.000459893 0.0753313
9.9955E-05 0.195514 0.125344 9.9955E-05 0.561079 0.0544956 9.9955E-05 9.9955E-05 9.9955E-05 0.063067
0.00796582 0.21282 0.0941906 9.9964E-05 0.577491 0.0830299 9.9964E-05 9.9964E-05 9.9964E-05 0.024103
9.9955E-05 0.260458 0.110087 9.9955E-05 0.584055 0.0403146 9.9955E-05 9.9955E-05 9.9955E-05 0.00458567
9.9964E-05 0.0566784 0.0109633 9.9964E-05 0.742219 9.9964E-05 0.0205124 0.0376649 9.9964E-05 0.131562
0.0188875 0.16475 9.9955E-05 0.119425 0.623401 9.9955E-05 9.9955E-05 9.9955E-05 9.9955E-05 0.0730376
0.0322304 0.240539 0.0658252 9.9973E-05 0.595637 0.0186961 0.00112532 9.9973E-05 9.9973E-05 0.045647
9.9964E-05 0.293408 0.036943 0.0293794 0.548021 0.0721171 9.9964E-05 9.9964E-05 9.9964E-05 0.0197313
9.99549E-05 0.131544 0.145168 9.99549E-05 0.650726 0.0448701 9.99549E-05 9.99549E-05 9.99549E-05 0.0271919
0.0168659 0.58135 0.131522 9.9973E-05 0.0933572 9.9973E-05 0.0221586 9.9973E-05 0.0139116 0.140535
0.00213515 0.88727 0.0190314 9.9973E-05 9.9973E-05 0.0324979 9.9973E-05 0.0075443 0.0407508 0.0104709
0.0296294 0.594678 9.9973E-05 0.0733299 0.0546698 9.9973E-05 0.0238374 9.9973E-05 0.0117109 0.211845
0.0079347 0.754373 9.9991E-05 0.014567 0.0515315 0.0377336 0.0208625 0.0168738 0.021005 0.0750186
9.9955E-05 0.884968 0.021248 9.9955E-05 0.00563093 0.0622567 9.9955E-05 9.9955E-05 0.0253963 9.9955E-05
9.9964E-05 0.641085 0.102232 9.9964E-05 0.0666597 9.9964E-05 0.0278741 9.9964E-05 0.0250347 0.136714
0.0432003 0.712436 0.00376689 0.0833462 0.00619267 9.9982E-05 0.00434687 9.9982E-05 0.0228863 0.123625
9.9982E-05 0.64767 0.0346471 0.0795373 0.0251332 9.9982E-05 0.0193414 0.0139904 0.0248185 0.154662
0.0115976 0.912063 9.9964E-05 0.0355925 9.9964E-05 0.0205898 0.00695143 0.0128058 9.9964E-05 9.9964E-05
0.010336 0.838774 0.0350121 0.0265805 0.0335747 0.0347899 9.9982E-05 0.0192789 9.9982E-05 0.00145424
0.0306466 0.667057 9.9982E-05 0.125375 0.0586377 9.9982E-05 0.0193535 0.000853614 0.0172774 0.0805994
9.9955E-05 0.826837 0.0636319 9.9955E-05 0.0358081 0.0495322 9.9955E-05 9.9955E-05 9.9955E-05 0.0236907
9.9946E-05 9.9946E-05 9.9946E-05 9.9946E-05 0.927935 9.9946E-05 9.9946E-05 0.0216657 0.00647824 0.0433215
9.9946E-05 9.9946E-05 9.9946E-05 0.0461522 0.945722 9.9946E-05 0.00330733 9.9946E-05 0.0042187 9.9946E-05
0.00964221 9.9937E-05 9.9937E-05 0.0248025 0.964856 9.9937E-05 9.9937E-05 9.9937E-05 9.9937E-05 9.9937E-05
9.9946E-05 0.0933873 9.9946E-05 9.9946E-05 0.8763 0.0131418 0.016571 9.9946E-05 9.9946E-05 9.9946E-05
9.9946E-05 9.9946E-05 0.082968 9.9946E-05 0.890589 0.0218146 9.9946E-05 9.9946E-05 9.9946E-05 0.00402893
0.0063625 0.0480605 0.0979396 9.9955E-05 0.802179 0.0449584 9.9955E-05 9.9955E-05 9.9955E-05 9.9955E-05
9.9955E-05 0.10754 0.049412 9.9955E-05 0.828039 0.0142323 9.9955E-05 9.9955E-05 9.9955E-05 0.000276792
9.9946E-05 0.0812595 0.0318291 9.9946E-05 0.840353 0.0459589 9.9946E-05 9.9946E-05 9.9946E-05 9.9946E-05
0.000785447 9.9937E-05 9.9937E-05 0.0864355 0.912079 9.9937E-05 9.9937E-05 9.9937E-05 9.9937E-05 9.9937E-05
9.9928E-05 9.9928E-05 9.9928E-05 0.0932378 0.905963 9.9928E-05 9.9928E-05 9.9928E-05 9.9928E-05 9.9928E-05
9.9955E-05 9.9955E-05 9.9955E-05 0.00805516 0.944987 9.9955E-05 0.00714455 0.0389162 0.000397652 9.9955E-05
0.0130923 9.9964E-05 0.0526494 9.9964E-05 0.905336 0.00370916 0.0209403 9.9964E-05 0.0038731 9.9964E-05
0.00535667 0.0851765 0.0844081 0.160777 0.010937 0.104682 0.0228268 0.5207 0.00503688 9.9991E-05
0.0337917 0.0469159 9.9991E-05 0.114768 0.00488768 0.0910937 0.0227331 0.635886 0.0248642 0.0249592
0.0252638 9.9964E-05 9.9964E-05 0.121099 9.9964E-05 9.9964E-05 0.0552327 0.729499 0.0221968 0.0463097
0.0307662 0.0536215 0.0659873 0.044346 0.0246775 0.107062 0.0164053 0.588769 0.00558572 0.0627792
0.0372426 0.00909475 0.0226619 0.143575 9.9991E-05 0.0390616 0.0410552 0.591224 0.0381483 0.0778367
0.00642233 0.0713364 0.180912 9.9973E-05 0.023008 0.131313 9.9973E-05 0.534726 9.9973E-05 0.0519822
0.026976 9.9964E-05 0.124232 9.9964E-05 0.0463263 9.9964E-05 0.0229297 0.769266 0.00987078 9.9964E-05
0.0244887 0.00843115 0.124033 9.9991E-05 0.0178632 0.0101354 0.0226703 0.69802 0.0181423 0.0761161
0.0451021 9.9955E-05 9.9955E-05 0.157459 9.9955E-05 9.9955E-05 0.0374298 0.715581 9.9955E-05 0.0439283
0.0046612 0.0209345 0.141588 9.9984E-05 0.0421963 9.9984E-05 0.0332291 0.720684 0.00360923 0.0328971
9.9946E-05 0.102096 9.9946E-05 0.0670758 9.9946E-05 9.9946E-05 0.0400659 0.790162 9.9946E-05 9.9946E-05
0.0457573 9.9973E-05 9.9973E-05 0.0224022 0.0144952 9.9973E-05 0.0259553 0.838349 0.00400035 0.048741
0.00912575 9.9973E-05 0.0376886 0.0883466 9.9973E-05 9.9973E-05 0.0515279 0.745216 0.000303017 0.067492
0.0638785 9.9946E-05 9.9946E-05 0.23514 9.9946E-05 9.9946E-05 0.000294514 0.700087 9.9946E-05 9.9946E-05
9.9973E-05 0.0457184 0.201421 9.9973E-05 9.9973E-05 0.0490005 0.00778734 0.579679 0.0368637 0.0792304
9.99279E-05 9.99279E-05 9.99279E-05 9.99279E-05 9.99279E-05 9.99279E-05 9.99279E-05 0.00761826 9.99279E-05 0.991582
9.9964E-05 0.0250844 0.131399 9.9964E-05 0.269005 0.0277779 0.00684965 9.9964E-05 9.9964E-05 0.539484
9.99369E-05 9.99369E-05 9.99369E-05 9.99369E-05 0.0106236 0.0353346 9.99369E-05 9.99369E-05 9.99369E-05 0.953342
0.00154748 0.0257292 0.0372213 9.9964E-05 0.0655183 0.0363991 9.9964E-05 9.9964E-05 9.9964E-05 0.833185
9.99459E-05 0.135436 0.1932 9.99459E-05 0.0757111 9.99459E-05 9.99459E-05 9.99459E-05 9.99459E-05 0.595054
9.9955E-05 0.141272 9.9955E-05 0.000638897 0.210276 0.0927306 9.9955E-05 9.9955E-05 9.9955E-05 0.554583
0.0213936 9.9964E-05 9.9964E-05 0.0113904 0.122124 9.9964E-05 9.9964E-05 0.0507475 0.0135687 0.780376
0.0314016 9.9946E-05 9.9946E-05 9.9946E-05 0.0866939 0.0145116 9.9946E-05 9.9946E-05 9.9946E-05 0.866793
0.0274968 0.137524 0.631945 0.0877038 0.00262915 0.112301 9.9964E-05 9.9964E-05 9.9964E-05 9.9964E-05
0.0508358 9.9973E-05 0.614437 0.236938 9.9973E-05 0.0184212 0.000863626 0.0549629 0.0232411 9.9973E-05
0.999101 9.99201E-05 9.99201E-05 9.99201E-05 9.99201E-05 9.99201E-05 9.99201E-05 9.99201E-05 9.99201E-05 9.99201E-05
0.00888604 0.080107 0.48078 0.112136 0.0124469 0.0228694 0.020233 0.113042 9.9991E-05 0.1494
0.0211851 9.9982E-05 0.5257 0.160682 0.0425176 9.9982E-05 0.0144671 0.147566 0.00313471 0.0845471
0.0372269 0.0240774 0.631767 0.0310573 9.9982E-05 9.9982E-05 0.014142 0.137984 0.0240798 0.0994655
0.999101 9.99201E-05 9.99201E-05 9.99201E-05 9.99201E-05 9.99201E-05 9.99201E-05 9.99201E-05 9.99201E-05 9.99201E-05
0.899674 0.0272523 0.026963 9.9964E-05 0.00852093 0.0282925 9.9964E-05 9.9964E-05 0.00889789 9.9964E-05
0.0607897 0.0284735 0.527116 0.128602 9.9982E-05 0.0528911 9.9982E-05 0.0748649 0.0440088 0.0830544
0.0237487 0.156319 0.530834 0.134314 9.9982E-05 0.0129072 0.0524942 0.0546819 0.034501 9.9982E-05
0.0956982 0.0304993 0.487153 0.144782 0.0146101 0.0403218 0.0269563 0.0764652 0.0399761 0.0435377
0.041739 9.9991E-05 0.70435 0.0222975 0.000148307 0.0264457 0.012575 0.0537823 0.0241934 0.114369
0.0417312 9.9982E-05 0.627535 0.177022 0.00384728 9.9982E-05 0.0320202 0.0155006 0.0305022 0.071641
0.0194784 0.0540561 0.841589 9.9964E-05 0.00297635 9.9964E-05 0.035882 9.9964E-05 9.9964E-05 0.0456184
0.0187973 0.0409663 0.809873 9.9982E-05 0.00383864 0.039665 9.9982E-05 0.0180332 0.0389739 0.0296524
0.023575 9.9964E-05 0.822111 0.0315856 9.9964E-05 9.9964E-05 0.0535934 9.9964E-05 0.00131044 0.0674244
0.00737477 9.9973E-05 0.786475 0.0893931 0.0114098 9.9973E-05 0.0166638 0.0511411 0.0372421 9.9973E-05
0.0399918 0.0121133 0.657692 0.0342895 9.9991E-05 0.0177781 0.037672 0.0895839 0.0285885 0.0821909
0.0596369 0.0693439 0.6382 0.134532 9.9982E-05 0.0311579 0.023591 0.018198 0.0251412 9.9982E-05
0.017538 0.0721722 0.62856 0.125053 9.9973E-05 0.0965848 9.9973E-05 0.0226337 0.0371585 9.9973E-05
0.00159322 0.0802658 0.714114 9.9973E-05 0.029354 0.0984036 9.9973E-05 9.9973E-05 0.0403893 0.0355806
0.049521 0.183666 0.574058 0.0724404 9.9964E-05 0.0968449 9.9964E-05 9.9964E-05 0.02307 9.9964E-05
0.0216646 0.0296302 0.893118 9.9955E-05 9.9955E-05 9.9955E-05 0.0292157 9.9955E-05 9.9955E-05 0.0258717
