0.118031 0.703285 9.9982E-05 0.135049 0.0289815 9.9982E-05 0.0144536
0.0165134 0.690849 9.9982E-05 0.167211 0.0273573 9.9982E-05 0.0978697
0.0703031 0.695806 9.9982E-05 0.102368 0.0363168 9.9982E-05 0.0950058
9.9973E-05 0.69769 9.9973E-05 9.9973E-05 0.0228116 0.0675136 0.211685
9.9964E-05 0.649706 9.9964E-05 9.9964E-05 0.00817991 9.9964E-05 0.341715
0.0462768 0.695193 9.9973E-05 9.9973E-05 0.0122908 9.9973E-05 0.24594
0.00685202 0.675762 0.00919848 0.106739 0.0373254 0.0870976 0.0770252
9.999E-05 0.691873 0.00692661 0.127153 0.0169826 0.0628047 0.09416
9.9982E-05 0.712988 0.0288097 0.148746 9.9982E-05 0.0597713 0.0494849
9.995E-05 9.995E-05 9.995E-05 9.995E-05 0.9994 9.995E-05 9.995E-05
0.043798 9.9973E-05 9.9973E-05 0.651055 0.130666 9.9973E-05 0.17418
0.0219521 0.0353615 0.0124203 0.634599 0.107343 0.0361695 0.152154
9.9982E-05 0.0550646 0.0399247 0.240189 0.608119 0.0565025 9.9982E-05
9.9973E-05 0.115468 9.9973E-05 0.134417 0.708038 0.0417774 9.9973E-05
9.9955E-05 9.9955E-05 9.9955E-05 9.9955E-05 0.966657 9.9955E-05 0.0328432
0.0712705 0.0319152 0.0134322 0.521242 0.355775 0.00626529 9.9991E-05
9.995E-05 9.995E-05 9.995E-05 9.995E-05 0.9994 9.995E-05 9.995E-05
0.0349156 0.0207319 0.0193013 0.252772 0.672079 9.9982E-05 9.9982E-05
9.9982E-05 0.053543 0.00642283 0.124141 0.77603 0.0396636 9.9982E-05
0.0419595 0.07166 9.9991E-05 0.585025 0.0742838 0.0382372 0.188734
9.995E-05 9.995E-05 9.995E-05 9.995E-05 0.9994 9.995E-05 9.995E-05
0.171544 0.00493885 0.041506 0.641065 0.0199366 0.0558423 0.0651673
0.0792114 0.0206526 0.039496 0.658736 0.0108532 0.0326862 0.158365
0.0529188 9.9991E-05 0.0165998 0.501214 0.0196791 0.0496298 0.359858
9.9955E-05 9.9955E-05 9.9955E-05 0.772338 9.9955E-05 9.9955E-05 0.227162
0.0919946 0.040151 9.9991E-05 0.453284 0.0119659 0.0596591 0.342846
0.105277 9.9991E-05 0.0148907 0.533861 0.0181942 0.0403646 0.287313
0.101177 0.0403124 0.0226537 0.764344 9.9991E-05 0.032093 0.03932
0.0772145 9.9991E-05 0.0435915 0.563439 0.0388705 0.0250496 0.251735
0.0637302 0.0195046 0.0348846 0.763436 0.0117287 0.0281799 0.0785357
0.062669 9.9991E-05 0.0252267 0.739869 0.030551 0.042674 0.0989102
0.0337051 0.585507 0.26443 0.0922821 0.00907824 0.0148974 9.9991E-05
0.00541991 0.701408 0.105249 0.185724 0.00199992 9.9982E-05 9.9982E-05
0.0204921 0.661153 0.159891 0.128424 0.00559886 0.0162646 0.00817694
9.9982E-05 0.727196 0.17239 9.9982E-05 0.00509598 0.0130551 0.0820628
9.9973E-05 0.66701 0.173052 0.142255 9.9973E-05 0.0173838 9.9973E-05
0.0459357 0.686725 0.213338 0.00511981 9.9991E-05 0.016678 0.0321039
0.0205858 0.797327 0.10726 0.0468245 9.9991E-05 0.0272336 0.000669775
9.9973E-05 0.769833 0.135504 9.9973E-05 9.9973E-05 0.0280204 0.0663423
9.9973E-05 0.597265 0.177156 9.9973E-05 0.0307338 9.9973E-05 0.194546
0.0680642 0.786838 0.144698 9.9964E-05 9.9964E-05 9.9964E-05 9.9964E-05
9.9973E-05 9.9973E-05 9.9973E-05 0.0165777 0.018821 0.91924 0.0450609
0.00821545 9.9982E-05 0.00486654 0.0222494 9.9982E-05 0.952093 0.0123757
9.9982E-05 9.9982E-05 0.0293151 0.0390147 0.00488665 0.914336 0.012248
9.9964E-05 9.9964E-05 0.00771728 0.122765 9.9964E-05 0.869118 9.9964E-05
9.9964E-05 9.9964E-05 0.0211922 0.104141 9.9964E-05 0.874267 9.9964E-05
9.9973E-05 0.0110505 0.0270477 0.0704386 9.9973E-05 0.891163 9.9973E-05
0.028137 0.0325257 0.0229244 0.123185 0.0120794 0.776276 0.00487266
0.0175906 9.9973E-05 9.9973E-05 0.00362647 0.0350824 0.943401 9.9973E-05
9.9955E-05 9.9955E-05 9.9955E-05 9.9955E-05 9.9955E-05 0.983443 0.0160576
9.9973E-05 0.0189042 0.0115496 0.0593427 9.9973E-05 0.909904 9.9973E-05
9.995E-05 9.995E-05 9.995E-05 9.995E-05 9.995E-05 0.9994 9.995E-05
9.9955E-05 9.9955E-05 9.9955E-05 9.9955E-05 9.9955E-05 0.988249 0.0112511
0.977903 9.9955E-05 0.0215973 9.9955E-05 9.9955E-05 9.9955E-05 9.9955E-05
0.714811 9.9982E-05 0.0404571 0.0930774 0.00722927 9.9982E-05 0.144225
0.530647 0.0458819 0.0243247 0.219653 0.017182 0.0350539 0.127258
0.858901 9.9991E-05 0.0183365 0.0548062 0.0455897 0.00654502 0.0157217
0.643916 0.0243957 0.0248405 0.150987 9.9991E-05 0.0569519 0.098808
0.705103 9.9991E-05 0.0371424 0.0325789 0.0223184 0.06273 0.140028
0.8688 0.073742 0.029241 0.0225117 9.9982E-05 0.00550529 9.9982E-05
0.810681 0.0242995 0.0267513 0.108893 0.00288455 0.026391 9.9991E-05
0.0383498 0.478742 0.000609633 9.9982E-05 0.0183273 9.9982E-05 0.463771
9.9955E-05 0.494981 9.9955E-05 9.9955E-05 9.9955E-05 9.9955E-05 0.504519
9.9982E-05 0.531074 0.0180815 0.113588 9.9982E-05 0.0382613 0.298795
9.9982E-05 0.548363 0.0332096 9.9982E-05 0.00799386 0.0162204 0.394013
0.0138774 0.396712 9.9973E-05 9.9973E-05 9.9973E-05 0.0436596 0.545451
0.0878921 0.476426 0.0505976 0.0767825 0.0484153 0.011207 0.24868
0.00679014 0.540285 0.00343368 0.162511 9.9982E-05 9.9982E-05 0.286781
9.9982E-05 0.51367 0.0318054 9.9982E-05 0.0205135 0.0410429 0.392768
0.0100983 0.56695 9.9982E-05 0.133415 9.9982E-05 0.0573097 0.232027
0.0193776 0.546594 0.0121946 0.103747 0.0066893 0.0279993 0.283399
9.9955E-05 0.359727 9.9955E-05 9.9955E-05 9.9955E-05 9.9955E-05 0.639773
0.0462776 0.074853 0.03711 0.630829 0.115357 0.0600588 0.035515
0.0298674 0.0971296 0.0234589 0.735723 0.094497 0.0192243 9.9991E-05
0.00907805 0.0819585 0.0718814 0.693791 0.115703 0.0274882 9.9991E-05
0.0576751 0.114512 0.032211 0.652999 0.102455 0.0400477 9.9991E-05
0.0275468 9.9982E-05 9.9982E-05 0.443029 0.140836 0.017403 0.370985
0.025372 0.00480772 9.9982E-05 0.641397 0.102069 9.9982E-05 0.226154
0.132179 9.9973E-05 9.9973E-05 0.51368 0.138427 9.9973E-05 0.215414
0.0615705 9.9982E-05 0.0351098 0.632039 0.144699 9.9982E-05 0.126382
0.186035 0.0216632 9.9982E-05 0.464806 0.10058 9.9982E-05 0.226715
0.00178417 9.9991E-05 0.0181878 0.574099 0.0835603 0.00276849 0.3195
0.0314651 0.0746592 0.0115955 0.669831 0.0542333 0.0553944 0.102821
0.0352988 9.9982E-05 9.9982E-05 0.583549 0.110432 0.0178986 0.252622
0.0978747 0.0313471 9.9973E-05 0.0919933 9.9973E-05 0.778485 9.9973E-05
0.0263155 0.017416 0.0114082 0.165853 0.0194332 0.759474 9.9991E-05
0.0255247 9.9964E-05 9.9964E-05 9.9964E-05 9.9964E-05 0.804615 0.169461
0.00145365 0.0324101 0.019703 0.0992177 9.9982E-05 0.847016 9.9982E-05
0.0162944 0.00929155 0.00369304 0.11833 9.9982E-05 0.852191 9.9982E-05
9.9973E-05 0.0330583 0.00418752 0.251964 9.9973E-05 0.71049 9.9973E-05
0.0162985 0.0580765 0.0124022 0.157939 9.9982E-05 0.755084 9.9982E-05
0.065503 0.0808433 9.9973E-05 0.174611 9.9973E-05 0.678743 9.9973E-05
9.9982E-05 0.0140184 0.043749 0.187703 0.0122917 0.742038 9.9982E-05
9.99549E-05 9.99549E-05 0.0145966 9.99549E-05 9.99549E-05 9.99549E-05 0.984904
0.0172329 0.107765 0.0121244 9.9982E-05 9.9982E-05 0.0293746 0.833303
9.9982E-05 0.267328 0.00868555 9.9982E-05 0.0198698 0.0334032 0.670514
9.9973E-05 0.239532 0.0181475 0.156256 9.9973E-05 9.9973E-05 0.585765
9.9991E-05 0.306189 0.0240709 0.243156 0.00933826 0.0346218 0.382524
0.00463104 0.210637 0.0400581 0.387217 0.000741039 0.0333834 0.323333
9.9982E-05 9.9982E-05 0.0574795 0.144908 0.0348802 0.0185466 0.743985
9.9982E-05 9.9982E-05 0.00854517 0.0151654 0.00518072 0.00561824 0.96529
0.0509414 0.242227 9.9973E-05 9.9973E-05 0.00523768 9.9973E-05 0.701294
9.9964E-05 9.9964E-05 9.9964E-05 0.0953472 9.9964E-05 0.00747938 0.896774
0.0994396 0.14248 0.0107831 0.102755 9.9982E-05 9.9982E-05 0.644342
9.9982E-05 0.0844817 0.0147025 9.9982E-05 0.0123103 0.0301265 0.858179
0.822153 0.0625556 0.00283172 0.0979044 9.9982E-05 0.0143551 9.9982E-05
0.874023 9.9955E-05 9.9955E-05 0.125477 9.9955E-05 9.9955E-05 9.9955E-05
0.574054 0.138255 0.0117679 0.233941 9.9982E-05 0.0417822 9.9982E-05
0.725747 0.127768 9.9973E-05 0.104381 9.9973E-05 0.0418045 9.9973E-05
0.709766 9.9964E-05 9.9964E-05 9.9964E-05 0.0199355 9.9964E-05 0.269899
0.610863 0.0842933 0.0283784 0.200853 0.0141668 0.0613454 9.9991E-05
0.724204 9.9964E-05 9.9964E-05 0.263915 9.9964E-05 0.0114804 9.9964E-05
0.685835 0.100987 9.9973E-05 0.170269 9.9973E-05 0.0426083 9.9973E-05
0.855495 0.00263852 9.9973E-05 0.0937368 9.9973E-05 9.9973E-05 0.0478301
0.830981 0.0251976 0.00829735 0.135225 9.9973E-05 9.9973E-05 9.9973E-05
0.801271 0.00564281 0.0263057 0.0396355 0.0472141 0.00702414 0.0729071
9.9964E-05 0.092974 0.724067 9.9964E-05 9.9964E-05 9.9964E-05 0.18256
9.9964E-05 0.175164 0.66873 9.9964E-05 9.9964E-05 9.9964E-05 0.155706
0.0276297 0.242479 0.660571 9.9991E-05 0.015821 0.0373328 0.016066
9.9982E-05 0.259874 0.586537 0.0977525 9.9982E-05 0.0384654 0.0171715
9.9973E-05 0.225415 0.592674 0.130472 9.9973E-05 0.0511397 9.9973E-05
9.9973E-05 0.224238 0.563626 0.180159 9.9973E-05 0.0316763 9.9973E-05
9.9973E-05 0.209937 0.622197 0.148109 9.9973E-05 0.0194574 9.9973E-05
0.0493349 0.190095 0.740704 0.00893817 0.0107286 9.9982E-05 9.9982E-05
9.9964E-05 0.19687 0.640619 9.9964E-05 9.9964E-05 9.9964E-05 0.162111
9.9973E-05 0.248422 0.625223 0.104772 9.9973E-05 0.0212835 9.9973E-05
9.9973E-05 0.277533 0.591983 0.0965999 9.9973E-05 0.0335841 9.9973E-05
9.9973E-05 0.130539 0.667956 0.171976 9.9973E-05 0.029229 9.9973E-05
0.00403134 0.644042 0.14063 0.201034 0.0100627 9.9982E-05 9.9982E-05
0.0155272 0.769376 0.0803943 0.0669627 0.039381 0.028259 9.9991E-05
9.9991E-05 0.681524 0.127947 0.032356 0.0211596 0.00533646 0.131577
0.0296854 0.703246 0.124829 9.9991E-05 0.0242497 0.0582046 0.0596856
9.9982E-05 0.705539 0.129289 0.100446 0.0193305 0.0451952 9.9982E-05
9.9982E-05 0.656242 0.14454 0.159282 0.0338961 0.00584048 9.9982E-05
0.00648157 0.718186 0.0941172 0.0424462 0.0315181 9.9991E-05 0.107151
0.00370079 0.695809 0.0967519 0.079378 0.0173012 0.00970591 0.0973535
0.0490146 0.772009 0.108969 0.0146775 0.0051654 0.0262731 0.0238912
0.0299513 0.693164 0.129752 0.0856392 9.9991E-05 0.0316346 0.0297595
0.0187615 0.63542 0.154019 9.999E-05 0.0132946 9.999E-05 0.178305
9.9973E-05 0.70855 0.13937 0.111896 9.9973E-05 0.0398852 9.9973E-05
0.0147325 9.9973E-05 0.932305 9.9973E-05 0.0177321 9.9973E-05 0.0349307
0.00570665 9.9973E-05 0.956147 9.9973E-05 0.00555422 9.9973E-05 0.0322926
9.9955E-05 9.9955E-05 0.954746 9.9955E-05 9.9955E-05 9.9955E-05 0.0447541
9.9964E-05 9.9964E-05 0.931049 0.046543 9.9964E-05 0.0220078 9.9964E-05
9.9964E-05 9.9964E-05 0.894787 0.104678 9.9964E-05 0.000134454 9.9964E-05
9.9964E-05 9.9964E-05 0.846652 0.122971 9.9964E-05 0.0299775 9.9964E-05
9.9964E-05 0.0631379 0.857378 0.0790844 9.9964E-05 9.9964E-05 9.9964E-05
9.9973E-05 0.0191924 0.882871 0.0870847 9.9973E-05 0.010552 9.9973E-05
9.9955E-05 9.9955E-05 0.911303 9.9955E-05 9.9955E-05 9.9955E-05 0.0881969
9.9955E-05 9.9955E-05 0.911007 9.9955E-05 9.9955E-05 9.9955E-05 0.088493
0.0386354 9.9964E-05 0.953363 9.9964E-05 0.00760192 9.9964E-05 9.9964E-05
9.9973E-05 9.9973E-05 0.884854 0.0856817 0.00448383 0.024681 9.9973E-05
0.568407 0.0296251 0.0156373 0.134199 9.9991E-05 0.0836146 0.168417
0.633616 0.0325482 9.9991E-05 0.0510809 0.0145547 0.0917403 0.176359
0.747823 9.9973E-05 9.9973E-05 9.9973E-05 0.0253174 0.0213475 0.205213
0.616104 0.0740352 0.011956 0.130337 0.00482007 0.089979 0.0727684
0.56376 0.0369652 9.9991E-05 0.112608 0.0209256 0.0574469 0.208194
0.554136 0.0691499 0.0421615 0.261619 9.9982E-05 0.0727341 9.9982E-05
0.80303 9.9973E-05 0.0262952 0.149965 0.0204096 9.9973E-05 9.9973E-05
0.744874 0.0333033 0.014384 0.146854 0.0283263 9.9991E-05 0.032158
0.71472 9.9955E-05 9.9955E-05 9.9955E-05 9.9955E-05 9.9955E-05 0.28478
0.776604 0.0242082 0.0291829 0.150859 0.0189457 9.9982E-05 9.9982E-05
0.822715 9.9973E-05 0.0162888 9.9973E-05 9.9973E-05 0.0279793 0.132717
0.876687 9.9982E-05 0.00141391 9.9982E-05 0.0112939 0.00233774 0.108068
0.7766 0.00414784 9.9982E-05 0.0351099 9.9982E-05 0.0245536 0.159389
0.675358 9.9955E-05 9.9955E-05 9.9955E-05 9.9955E-05 9.9955E-05 0.324142
0.629381 0.0941774 9.9982E-05 0.22093 0.0387035 0.0166078 9.9982E-05
0.121729 0.829458 9.9973E-05 9.9973E-05 0.0217188 9.9973E-05 0.0267944
0.0496119 0.520689 0.25027 0.143295 0.0207659 0.0152685 9.9991E-05
0.0983463 0.819413 0.0136288 9.9991E-05 0.0238997 0.0208859 0.023726
0.0547998 0.684364 0.0629423 0.0606045 0.00665756 0.0034739 0.127158
0.00539729 0.641266 0.0878766 0.26516 9.9973E-05 9.9973E-05 9.9973E-05
0.0644102 0.637435 0.194825 0.0228087 0.00139755 0.0287847 0.0503399
0.087022 0.585758 0.126795 9.9982E-05 0.0226937 9.9982E-05 0.177531
9.9982E-05 0.731206 0.0705748 9.9982E-05 0.0234669 0.0313939 0.143158
9.9982E-05 0.0502379 0.0414666 0.705394 9.9982E-05 0.0723822 0.130319
0.0347428 9.9973E-05 9.9973E-05 0.633623 0.0254218 9.9973E-05 0.305913
9.9955E-05 9.9955E-05 9.9955E-05 0.47386 9.9955E-05 9.9955E-05 0.52564
0.105642 0.163038 0.0189175 0.518511 9.9991E-05 0.0242818 0.16951
0.155709 0.0315443 0.0443184 0.52535 0.0151552 9.9991E-05 0.227822
0.114728 0.0742647 9.9991E-05 0.668319 0.0339749 0.00430403 0.104309
9.9964E-05 9.9964E-05 9.9964E-05 0.459003 0.00422728 9.9964E-05 0.53637
9.9964E-05 9.9964E-05 9.9964E-05 0.564606 0.0237079 9.9964E-05 0.411286
0.0547604 0.0793063 9.9991E-05 0.630842 0.0425965 0.0155114 0.176883
0.0838249 0.0769575 0.00101374 0.578599 0.0357071 0.0450383 0.17886
0.066597 0.0304811 0.011511 0.587051 0.0408128 0.0374543 0.226093
0.0561319 0.0444987 9.9991E-05 0.740692 0.0473882 0.0096334 0.101556
0.0782924 9.9991E-05 0.0246068 0.580316 0.0590527 0.000365057 0.257267
9.9973E-05 0.0565516 0.0103656 0.929379 9.9973E-05 0.00340356 9.9973E-05
0.0363137 0.0257886 0.0178557 0.851701 0.043082 9.9991E-05 0.0251589
9.9973E-05 9.9973E-05 9.9973E-05 0.858066 0.021422 0.0230607 0.0971512
0.0781578 9.9982E-05 0.00309256 0.747401 0.0558211 9.9982E-05 0.115327
0.103892 0.0506636 9.9991E-05 0.694947 0.0468185 0.0354201 0.0681584
0.0224881 0.00680433 0.0115987 0.674992 0.0453634 0.0241548 0.214598
0.0254747 0.0138728 9.9991E-05 0.724858 0.0460063 0.0609477 0.12874
0.0221796 0.0692632 0.0369211 0.787614 0.0408537 0.0430681 9.9991E-05
0.000583456 0.10693 0.00498753 0.691532 0.0323578 0.0510517 0.112557
9.9964E-05 0.00952476 9.9964E-05 0.951009 9.9964E-05 9.9964E-05 0.0390668
