0.345397 0.474057 0.152365 0.028181
0.424416 0.470684 0.0915432 0.0133567
0.398468 0.464385 0.112549 0.024598
0.418477 0.49568 9.9991E-05 0.0857437
0.468271 0.472647 0.0589818 9.9991E-05
0.402726 0.490475 0.0764446 0.0303552
0.393164 0.469086 0.014039 0.123711
0.378967 0.49197 0.0478157 0.0812471
0.30682 0.544342 0.0764592 0.0723793
0.9997 9.998E-05 9.998E-05 9.998E-05
0.575737 0.0175148 0.405512 0.00123582
0.532419 0.0656011 0.351976 0.0500043
0.797218 0.0613734 0.0559616 0.0854469
0.894753 0.0257988 9.9991E-05 0.0793479
0.9997 9.998E-05 9.998E-05 9.998E-05
0.658941 0.0131077 0.298608 0.0293431
0.99631 9.9982E-05 9.9982E-05 0.00349004
0.83093 0.000773372 0.135686 0.0326108
0.919885 0.00951554 9.9991E-05 0.0704992
0.510449 0.0710663 0.366766 0.051718
0.9997 9.998E-05 9.998E-05 9.998E-05
0.314963 0.0773045 0.527363 0.0803688
0.41733 0.0905484 0.446641 0.0454799
0.428824 0.0782737 0.451845 0.0410575
0.431925 0.0130897 0.554885 9.9991E-05
0.395365 0.0823504 0.466083 0.0562023
0.392995 0.0590466 0.491345 0.0566137
0.370464 0.0745199 0.498787 0.0562291
0.40671 0.0747361 0.487658 0.0308957
0.40953 0.0791776 0.472392 0.0389006
0.419552 0.050081 0.470135 0.0602322
0.192477 0.713501 0.0471853 0.0468368
0.304618 0.609926 0.0751233 0.0103322
0.269658 0.642322 0.039509 0.0485105
0.235347 0.740575 9.9991E-05 0.0239776
0.256551 0.662723 0.0323128 0.0484132
0.210954 0.716826 0.0228897 0.0493301
0.279525 0.66977 9.9991E-05 0.0506054
0.27593 0.683269 9.9991E-05 0.0407009
0.294937 0.703477 0.00148601 9.9991E-05
0.206947 0.742403 0.0314795 0.0191705
0.0334079 9.9991E-05 0.0152164 0.951276
9.9991E-05 0.00168789 0.0297984 0.968414
0.0313537 0.0291783 9.9991E-05 0.939368
0.0164994 0.0330864 0.0120111 0.938403
0.0281535 0.0316151 0.0250188 0.915213
0.0209318 0.0465698 9.9991E-05 0.932398
0.0583025 0.0479532 0.0873582 0.806386
9.9982E-05 9.9982E-05 0.0252333 0.974567
9.998E-05 9.998E-05 9.998E-05 0.9997
9.9982E-05 0.0461984 9.9982E-05 0.953602
9.998E-05 9.998E-05 9.998E-05 0.9997
9.998E-05 9.998E-05 9.998E-05 0.9997
9.9991E-05 0.000652038 0.961633 0.0376152
0.0786781 0.0182933 0.874509 0.0285194
0.186157 0.0623967 0.676304 0.0751417
0.0420239 9.9991E-05 0.900721 0.0571553
0.090331 0.0473405 0.771355 0.0909734
0.0796746 0.0219213 0.802421 0.0959829
9.9991E-05 0.0545853 0.873209 0.0721062
0.0194658 0.01907 0.8859 0.0755638
0.420982 0.406911 0.168598 0.00350875
0.45875 0.464079 0.0770713 9.9991E-05
0.457971 0.449263 0.0297919 0.0629737
0.441898 0.484981 0.0349918 0.0381293
0.395156 0.359032 0.209419 0.0363934
0.414193 0.407597 0.145978 0.0322318
0.439886 0.4131 0.143172 0.00384286
0.423841 0.45877 0.0622863 0.0551023
0.374114 0.424493 0.13701 0.0643817
0.413664 0.428581 0.122016 0.0357402
0.477274 0.469501 0.0531249 9.9991E-05
0.512153 0.106882 0.290587 0.0903787
0.470509 0.114605 0.351361 0.0635259
0.512136 0.157833 0.265627 0.0644043
0.4624 0.121226 0.343225 0.0731491
0.614604 0.020988 0.338655 0.0257528
0.575324 0.0156358 0.40894 9.9991E-05
0.550713 9.9982E-05 0.449087 9.9982E-05
0.548693 0.0367918 0.414415 9.9991E-05
0.464007 0.0249081 0.494353 0.0167314
0.551444 0.0553709 0.393085 9.9991E-05
0.47239 0.104394 0.348179 0.0750373
0.56171 0.00923983 0.387632 0.041418
0.0158753 0.0232512 0.141648 0.819225
0.0714304 0.0144531 0.120537 0.79358
0.033647 9.9991E-05 0.132015 0.834238
0.0260245 0.0432367 0.0556883 0.875051
9.9991E-05 0.0268297 0.0834662 0.889604
0.0735969 0.0454811 0.131945 0.748977
0.0388792 0.0621965 0.09694 0.801984
0.00820197 0.0792228 0.192921 0.719655
0.078269 0.0667719 0.0797754 0.775184
0.497196 0.161333 0.341371 9.9991E-05
0.458677 0.242049 0.283859 0.0154155
0.544172 0.292934 0.131163 0.0317308
0.506789 0.26093 0.232181 9.9991E-05
0.478347 0.298448 0.179985 0.0432212
0.413421 0.238487 0.325143 0.0229488
0.543876 0.190733 0.259759 0.0056318
0.517968 0.147447 0.334485 9.9991E-05
0.440917 0.27312 0.285863 9.9991E-05
0.558637 0.0880123 0.35325 9.9991E-05
0.396325 0.224216 0.379359 9.9991E-05
0.497743 0.232312 0.262317 0.00762746
0.00392445 0.0259837 0.903424 0.0666682
9.9982E-05 9.9982E-05 0.948807 0.0509934
0.12115 0.0870662 0.700623 0.0911603
9.9991E-05 0.0615816 0.828704 0.109615
0.0773065 9.9991E-05 0.864316 0.0582779
0.0867362 0.0806133 0.711 0.121651
0.0425702 9.9991E-05 0.875041 0.0822892
0.0299042 0.039181 0.834329 0.0965856
0.00153752 9.9991E-05 0.95806 0.0403021
9.9982E-05 9.9982E-05 0.970375 0.0294249
0.0580992 9.9991E-05 0.887686 0.0541149
0.0338802 0.96592 9.9982E-05 9.9982E-05
0.089923 0.88264 0.0273367 9.9991E-05
0.0450299 0.898784 0.000778966 0.0554068
0.112818 0.815578 0.0139533 0.0576503
0.0855357 0.824833 0.0151661 0.0744651
0.102311 0.810668 9.9991E-05 0.0869212
0.0676335 0.848408 0.0315352 0.0524237
0.0199324 0.95121 0.018624 0.0102335
0.0626876 0.912878 0.019726 0.00470796
0.100645 0.860642 9.9991E-05 0.0386136
0.102098 0.836051 9.9991E-05 0.0617512
0.0563724 0.837822 0.0419439 0.0638621
0.282871 0.617294 0.0634603 0.0363739
0.323494 0.613443 0.00854848 0.0545143
0.353053 0.625777 9.9991E-05 0.0210698
0.274495 0.639905 0.00567817 0.0799218
0.292514 0.638148 9.9991E-05 0.069238
0.320883 0.618481 0.00310904 0.0575277
0.344916 0.615514 0.0394702 9.9991E-05
0.346044 0.602268 0.0256844 0.0260037
0.26072 0.660592 0.0213859 0.0573026
0.246568 0.639662 0.0657914 0.0479793
0.309171 0.640696 0.0370265 0.0131068
0.240246 0.662364 0.031408 0.065982
9.9982E-05 0.992943 0.00685684 9.9982E-05
9.9982E-05 0.996265 0.00353488 9.9982E-05
9.998E-05 0.9997 9.998E-05 9.998E-05
9.9982E-05 0.981462 9.9982E-05 0.0183385
9.9991E-05 0.972226 0.00861098 0.0190627
0.0427317 0.89851 9.9991E-05 0.058658
0.0144312 0.969822 9.9991E-05 0.015647
9.9982E-05 0.974201 9.9982E-05 0.0255992
9.998E-05 0.9997 9.998E-05 9.998E-05
9.998E-05 0.9997 9.998E-05 9.998E-05
9.9982E-05 0.997703 0.00209714 9.9982E-05
0.00385751 0.952577 0.00111825 0.0424476
0.123721 0.0578826 0.689542 0.128854
0.11028 0.0218871 0.73893 0.128903
0.0597807 9.9991E-05 0.875784 0.0643357
0.0834742 0.0610059 0.727532 0.127988
0.20055 0.016289 0.696059 0.0871025
0.068164 0.0816363 0.730397 0.119802
0.013649 9.9991E-05 0.955857 0.0303935
0.0688271 0.0154825 0.868437 0.0472532
0.0691605 9.9991E-05 0.898133 0.0326068
0.0394716 0.0187524 0.885339 0.0564366
9.9991E-05 0.00954025 0.91397 0.0763899
9.9982E-05 9.9982E-05 0.955569 0.0442306
0.0293256 9.9991E-05 0.906888 0.0636864
0.0625478 9.9991E-05 0.910138 0.0272143
0.105792 0.0431628 0.76455 0.0864948
0.331465 0.561245 0.0918139 0.015476
0.226733 0.640931 0.0775458 0.0547904
0.331569 0.564277 0.0580675 0.0460862
0.32821 0.561775 0.0870536 0.0229606
0.295942 0.555296 0.130548 0.0182137
0.234393 0.653841 0.0565277 0.0552378
0.286442 0.58278 0.130678 9.9991E-05
0.353725 0.600061 9.9991E-05 0.0461146
0.442532 0.120551 0.351895 0.0850208
0.53 0.00542782 0.463276 0.00129645
0.608038 9.9982E-05 0.391762 9.9982E-05
0.354352 0.171848 0.432882 0.0409171
0.38626 0.111657 0.494669 0.00741402
0.446553 0.0324184 0.490296 0.0307332
0.600196 9.9982E-05 0.399604 9.9982E-05
0.568346 0.041847 0.371867 0.0179402
0.503828 0.063414 0.397145 0.0356133
0.464518 0.0928796 0.38942 0.053183
0.466983 0.066758 0.411013 0.055247
0.461622 0.0548291 0.461079 0.0224699
0.506829 0.0576125 0.428414 0.00714413
0.46892 0.100418 0.370318 0.0603432
0.4798 0.0498204 0.466014 0.00436501
0.548636 0.0244866 0.353581 0.0732964
0.488001 0.02135 0.48094 0.00970904
0.442435 0.0382067 0.460715 0.0586424
0.509354 0.0436864 0.406867 0.0400935
0.476162 0.0363721 0.407914 0.0795518
0.412352 0.122063 0.37067 0.0949152
0.455215 0.111841 0.360085 0.0728583
0.571242 0.0459761 0.32421 0.0585723
