0.100067 0.646994 0.139125 0.0250281 0.0887862
0.135021 0.729827 0.0999973 0.0198808 0.0152733
0.0718315 0.739466 0.0921565 0.0156606 0.0808856
0.0326866 0.81319 0.0778198 0.0762032 9.9991E-05
0.0430147 0.925253 0.0161249 9.9991E-05 0.0155077
0.00120917 0.936429 0.00607439 0.0201803 0.0361069
0.108548 0.660667 0.129833 0.100852 9.9991E-05
0.0966708 0.687654 0.137937 0.077639 9.9991E-05
0.021387 0.708846 0.176298 0.0785117 0.0149572
0.9996 9.997E-05 9.997E-05 9.997E-05 9.997E-05
0.53161 0.126053 0.0117427 9.9991E-05 0.330495
0.494794 0.13221 0.0616333 0.0444333 0.266929
0.817044 9.9982E-05 0.0932703 0.0894856 9.9982E-05
0.875057 0.0306231 0.0337493 0.0604704 9.9991E-05
0.9996 9.997E-05 9.997E-05 9.997E-05 9.997E-05
0.716126 9.9991E-05 0.0648817 0.0270016 0.191891
0.9996 9.997E-05 9.997E-05 9.997E-05 9.997E-05
0.889768 9.9991E-05 0.0496614 0.0189891 0.041482
0.922334 9.9982E-05 0.0378091 0.0396566 9.9982E-05
0.444427 0.198278 0.0287277 0.0611909 0.267376
0.9996 9.997E-05 9.997E-05 9.997E-05 9.997E-05
0.335995 0.036043 0.10223 0.0777322 0.448
0.368863 0.136712 0.0776473 0.034436 0.382342
0.348457 0.198639 0.0225934 0.0439175 0.386393
0.44287 0.0443885 0.049342 9.9991E-05 0.4633
0.270289 0.24349 0.00986928 0.0512713 0.42508
0.336406 0.104093 0.0576686 0.0448749 0.456957
0.400238 0.040986 0.10085 0.051134 0.406792
0.386687 0.115817 0.0684252 0.0258804 0.40319
0.402854 0.054909 0.109432 0.0316854 0.40112
0.417017 0.0714851 0.0594275 0.0501894 0.401881
0.0471285 0.454065 0.452467 0.0462393 9.9991E-05
0.0895695 0.572313 0.319816 9.9991E-05 0.0182021
0.0622218 0.548852 0.348 0.0283005 0.0126256
9.9982E-05 0.656736 0.338062 0.00500177 9.9982E-05
0.0586593 0.536839 0.358936 0.0454655 9.9991E-05
9.9982E-05 0.587312 0.381857 0.0306304 9.9982E-05
9.9982E-05 0.665215 0.29528 0.0393044 9.9982E-05
9.9982E-05 0.666315 0.307299 0.0261863 9.9982E-05
9.9973E-05 0.689853 0.309847 9.9973E-05 9.9973E-05
9.9982E-05 0.646186 0.350957 0.00265661 9.9982E-05
0.0515634 9.9982E-05 9.9982E-05 0.931224 0.0170131
9.9982E-05 9.9982E-05 0.00212053 0.965962 0.0317172
0.0367189 9.9982E-05 0.0392524 0.923829 9.9982E-05
0.0538396 9.9982E-05 0.0299726 0.915988 9.9982E-05
0.0647168 9.9982E-05 0.0308413 0.904242 9.9982E-05
0.045954 9.9982E-05 0.0455413 0.908305 9.9982E-05
0.0874629 9.9991E-05 0.0530425 0.801155 0.0582395
0.0247962 9.9973E-05 9.9973E-05 0.974904 9.9973E-05
9.997E-05 9.997E-05 9.997E-05 0.9996 9.997E-05
9.9982E-05 9.9982E-05 0.0441958 0.946513 0.00909111
9.997E-05 9.997E-05 9.997E-05 0.9996 9.997E-05
9.997E-05 9.997E-05 9.997E-05 0.9996 9.997E-05
9.9982E-05 9.9982E-05 0.0764941 0.0305373 0.892769
0.0931721 9.9991E-05 0.0772718 0.0187708 0.810685
0.13597 0.113266 0.0610007 0.0589214 0.630842
0.0782753 9.9991E-05 0.0412445 0.0465817 0.833799
0.0865099 0.0563226 0.0629055 0.0856534 0.708609
0.0508764 0.0196231 0.0871523 0.0818925 0.760456
9.9982E-05 9.9982E-05 0.10506 0.0762556 0.818485
0.0465795 9.9991E-05 0.0891177 0.0698599 0.794343
0.0243034 0.811527 0.016409 9.9991E-05 0.14766
9.9973E-05 0.929796 9.9973E-05 9.9973E-05 0.0699044
0.122743 0.715161 0.0953944 0.0588905 0.00781149
0.0674136 0.82087 0.0766632 0.0337953 0.00125754
0.011915 0.787433 9.9991E-05 0.0308322 0.16972
0.145847 0.586674 0.134947 0.0213311 0.1112
0.124039 0.696171 0.0811965 0.0153782 0.0832151
0.0435999 0.767682 0.0822952 0.0567472 0.0496755
0.0760626 0.689596 0.0963879 0.0673585 0.0705951
0.0897286 0.69522 0.10078 0.0259786 0.0882925
9.9973E-05 0.983795 9.9973E-05 9.9973E-05 0.0159053
0.489637 0.0805175 0.114773 0.0729621 0.24211
0.530803 0.0318087 0.135192 0.0539889 0.248208
0.513505 0.0587046 0.164046 0.0646578 0.199086
0.488926 0.0839144 0.124402 0.0695007 0.233257
0.497086 0.179236 9.9991E-05 0.0160139 0.307564
0.509499 0.177499 9.9982E-05 9.9982E-05 0.312802
0.507112 0.130404 9.9982E-05 9.9982E-05 0.362284
0.587146 0.0334771 0.0775924 9.9991E-05 0.301684
0.405934 0.180161 9.9991E-05 0.00657111 0.407233
0.479254 0.161401 0.0375663 9.9991E-05 0.321679
0.441205 0.145542 0.0839535 0.0605071 0.268792
0.486083 0.120136 0.0150955 0.0209203 0.357766
0.0309901 0.0134938 0.0257121 0.815064 0.11474
0.0959087 9.9991E-05 0.0471081 0.778532 0.0783512
9.9982E-05 0.0426365 9.9982E-05 0.82843 0.128734
0.0415726 0.0215912 0.0426926 0.862769 0.0313747
0.0101689 0.0112204 0.0344851 0.880586 0.0635394
0.129773 9.9991E-05 0.060005 0.738402 0.07172
0.0732989 9.9991E-05 0.0709902 0.79238 0.0632314
0.0372335 0.0342816 0.0757666 0.70673 0.145988
0.0964432 0.013374 0.0816236 0.756973 0.0515863
0.174456 0.492707 9.9982E-05 9.9982E-05 0.332637
0.061798 0.64526 9.9991E-05 0.000559119 0.292283
0.153059 0.729917 9.9991E-05 0.0197432 0.0971809
0.180709 0.627596 9.9982E-05 9.9982E-05 0.191495
0.228324 0.532488 0.0607019 0.0434845 0.135002
0.261644 0.418697 0.0680589 0.0363459 0.215254
0.298328 0.469409 0.00600438 0.0142362 0.212022
0.195713 0.486361 9.9982E-05 9.9982E-05 0.317726
0.0826613 0.666428 9.9982E-05 9.9982E-05 0.250711
0.254415 0.425686 9.9982E-05 9.9982E-05 0.3197
0.104901 0.565461 9.9982E-05 9.9982E-05 0.329438
0.13919 0.611855 9.9991E-05 0.00253696 0.246318
0.0302029 0.0127765 0.0722483 0.0519554 0.832817
0.0444394 9.9991E-05 0.0244077 0.0213002 0.909753
0.0825474 0.128106 0.0823676 0.0878621 0.619117
9.9991E-05 0.0837123 0.0583368 0.0984967 0.759354
9.9982E-05 0.0997846 9.9982E-05 0.0286226 0.871393
0.100411 0.0436963 0.114743 0.0972935 0.643857
0.0940187 9.9991E-05 0.0455078 0.0703666 0.790007
0.0445329 0.054142 0.0703925 0.0832365 0.747696
0.0377503 0.00764283 0.0219942 0.0457012 0.886911
0.0334609 9.9991E-05 0.0670723 0.0219489 0.877418
0.0612463 0.0263722 0.0481371 0.0464688 0.817776
9.9973E-05 0.245962 0.753738 9.9973E-05 9.9973E-05
0.00232458 0.231169 0.747382 9.9991E-05 0.0190244
9.9982E-05 0.169605 0.785222 0.0449724 9.9982E-05
0.0539547 0.205892 0.696538 0.0435155 9.9991E-05
0.0613014 0.140039 0.725239 0.064819 0.00860176
0.0619375 0.120003 0.741022 0.0769377 9.9991E-05
0.067302 0.112755 0.768703 0.0435267 0.00771303
0.000376562 0.129694 0.84419 0.000474848 0.0252647
9.9973E-05 0.282271 0.717429 9.9973E-05 9.9973E-05
0.0528755 0.163946 0.753432 0.0296468 9.9991E-05
0.017208 0.211469 0.718935 0.0522879 9.9991E-05
0.0926775 0.0196955 0.821062 0.0664646 9.9991E-05
0.106399 0.506791 0.338542 0.0280765 0.0201911
0.0491863 0.63179 0.266132 0.0527917 9.9991E-05
0.0470528 0.670191 0.273596 0.00906023 9.9991E-05
0.00848236 0.616116 0.301487 0.0735003 0.000413812
0.0706623 0.530478 0.339979 0.0587804 9.9991E-05
0.115282 0.531505 0.318919 0.0341935 9.9991E-05
0.064991 0.672916 0.255647 0.00634581 9.9991E-05
0.0653698 0.650799 0.257296 0.0264358 9.9991E-05
0.016966 0.634014 0.298659 0.0502612 9.9991E-05
0.0247501 0.615564 0.308974 0.0459908 0.0047212
0.0303421 0.652711 0.281956 0.013626 0.0213646
0.0423578 0.550243 0.345832 0.0614677 9.9991E-05
9.9973E-05 9.9973E-05 0.987203 9.9973E-05 0.0124972
9.9973E-05 9.9973E-05 0.991967 9.9973E-05 0.00773322
9.997E-05 9.997E-05 0.9996 9.997E-05 9.997E-05
9.9973E-05 9.9973E-05 0.982552 0.017148 9.9973E-05
0.029743 9.9982E-05 0.9546 0.015457 9.9982E-05
0.0565452 9.9982E-05 0.8993 0.0439543 9.9982E-05
0.0507415 9.9973E-05 0.948959 9.9973E-05 9.9973E-05
9.9982E-05 9.9982E-05 0.955206 0.0146846 0.0299094
9.997E-05 9.997E-05 0.9996 9.997E-05 9.997E-05
9.9973E-05 9.9973E-05 0.983397 9.9973E-05 0.0163028
9.9973E-05 9.9973E-05 0.997232 9.9973E-05 0.00246772
0.0347214 9.9982E-05 0.941192 0.0238869 9.9982E-05
0.065746 0.144886 0.0255649 0.110381 0.653423
0.0625138 0.103815 0.0186376 0.108842 0.706191
0.0211851 0.0757336 0.00498201 0.0407497 0.85735
0.0676002 0.0702451 0.0759495 0.122165 0.664041
0.120592 0.145587 0.00374744 0.0751322 0.654941
0.114783 0.0459704 0.10032 0.11175 0.627177
0.0719303 9.9991E-05 0.0586419 0.023791 0.845537
0.102873 0.00128834 0.0603796 0.0438082 0.791651
0.00344704 0.113929 9.9991E-05 0.0232045 0.85932
0.0543083 9.9991E-05 0.0834765 0.0499693 0.812146
9.9982E-05 9.9982E-05 0.0533824 0.0568213 0.889596
9.9991E-05 0.0113316 0.0273864 0.0343801 0.926802
0.0459552 0.0776767 0.00873757 0.0468835 0.820747
9.9982E-05 0.104988 9.9982E-05 0.00875362 0.886058
0.16647 9.9991E-05 0.0837695 0.0685085 0.681152
0.0123285 0.739945 0.175244 0.0113849 0.0610978
0.0985623 0.424295 0.411561 0.0440627 0.0215189
0.0171585 0.717436 0.18817 0.0392574 0.0379782
0.0429942 0.692868 0.19255 0.0290741 0.0425137
0.117094 0.5306 0.273514 0.0219234 0.0568687
9.9991E-05 0.582402 0.353988 0.0540701 0.00944024
0.0215625 0.65253 0.238923 9.9991E-05 0.0868845
0.0365807 0.715217 0.213662 0.0344399 9.9991E-05
0.415955 0.167123 0.0866828 0.0824443 0.247795
0.446157 0.157152 9.9982E-05 9.9982E-05 0.39649
0.452991 0.159565 9.9982E-05 9.9982E-05 0.387244
0.267291 0.274681 0.068979 0.0461651 0.342884
0.338494 0.172855 0.0751666 9.9991E-05 0.413384
0.419633 0.162861 0.0203471 0.0164307 0.380728
0.418329 0.195414 9.9982E-05 9.9982E-05 0.386057
0.464145 0.194565 0.000184109 0.0142269 0.326879
0.409342 0.210689 0.024743 0.038974 0.316252
0.392058 0.207251 0.0417786 0.0507602 0.308152
0.395647 0.188597 0.0364495 0.0492434 0.330063
0.435783 0.110036 0.0643108 0.0190473 0.370823
0.445918 0.181435 0.0319637 9.9991E-05 0.340583
0.509173 0.0752707 0.112115 0.0609561 0.242485
0.499298 0.0696308 0.0762742 9.9991E-05 0.354697
0.526048 0.144761 0.016656 0.0626597 0.249875
0.494746 0.0760744 0.0458597 9.9991E-05 0.383219
0.445697 0.108114 0.0423883 0.0439527 0.359848
0.452098 0.159398 0.0362188 0.0338821 0.318403
0.460043 0.118224 0.0371363 0.0649527 0.319644
0.466937 0.0552261 0.139428 0.0746207 0.263788
0.415274 0.167304 0.0790515 0.0618502 0.27652
0.563285 0.135941 0.0332165 0.0586071 0.208951
