0.105056 0.0246689 0.19993 0.600519 0.0698263
0.154968 0.0143746 0.174949 0.64622 0.00948761
0.0788796 0.0249696 0.150025 0.684958 0.0611679
0.0407623 0.0760102 0.126768 0.75636 9.9991E-05
0.0372317 9.9982E-05 0.0638868 0.898681 9.9982E-05
9.999E-05 0.0301669 0.0599432 0.898098 0.0116916
0.105006 0.101187 0.192734 0.600972 9.9991E-05
0.0858571 0.0652983 0.198033 0.650711 9.9991E-05
0.010392 0.0901968 0.235157 0.654609 0.00964494
0.9996 9.997E-05 9.997E-05 9.997E-05 9.997E-05
0.519343 9.9991E-05 0.0156462 0.137925 0.326985
0.475342 0.0407165 0.0518537 0.154049 0.278039
0.800826 0.0885606 0.101228 9.9991E-05 0.00928619
0.88204 0.0574835 0.05766 0.00271629 9.9991E-05
0.9996 9.997E-05 9.997E-05 9.997E-05 9.997E-05
0.699537 0.0168133 0.0683256 9.9991E-05 0.215225
0.9996 9.997E-05 9.997E-05 9.997E-05 9.997E-05
0.886862 0.0115539 0.0409586 9.9991E-05 0.0605254
0.925108 0.0380549 0.0366369 9.9982E-05 9.9982E-05
0.423574 0.0523983 0.0355083 0.213079 0.275441
0.9996 9.997E-05 9.997E-05 9.997E-05 9.997E-05
0.325884 0.0808536 0.113122 0.0461662 0.433974
0.355699 0.0332268 0.0768241 0.161687 0.372563
0.303863 0.0354532 0.0247921 0.244396 0.391495
0.40788 0.00238761 0.0489228 0.0766586 0.464151
0.249892 0.0448745 0.00225976 0.289656 0.413318
0.316727 0.0435712 0.0497249 0.148983 0.440994
0.359431 0.049969 0.117023 0.0419434 0.431633
0.380846 0.0157623 0.0751409 0.14864 0.379611
0.40405 0.0281425 0.098561 0.0747251 0.394522
0.402474 0.0505652 0.0769185 0.0701458 0.399897
0.0296929 0.0442922 0.514395 0.398714 0.0129063
0.0684716 9.9991E-05 0.387127 0.492519 0.0517823
0.0500906 0.0380372 0.384831 0.515568 0.0114732
9.9982E-05 0.00607705 0.396673 0.59705 9.9982E-05
0.0569914 0.0418314 0.414499 0.486578 9.9991E-05
9.9982E-05 0.0273403 0.442398 0.530062 9.9982E-05
9.9982E-05 0.0434289 0.357935 0.598436 9.9982E-05
9.9982E-05 0.0288841 0.359436 0.61148 9.9982E-05
9.9973E-05 9.9973E-05 0.354985 0.644715 9.9973E-05
9.9982E-05 0.00212838 0.404754 0.592917 9.9982E-05
0.0448607 0.941039 9.9982E-05 9.9982E-05 0.0139001
9.9982E-05 0.970566 0.0150873 9.9982E-05 0.0141464
0.0361842 0.92896 0.0346557 9.9982E-05 9.9982E-05
0.0418587 0.908563 0.0493785 9.9982E-05 9.9982E-05
0.0498577 0.899062 0.0431502 9.9991E-05 0.00782958
0.0437291 0.908336 0.0477347 9.9982E-05 9.9982E-05
0.0664509 0.795029 0.0627733 0.0152154 0.0605316
0.0360639 0.963636 9.9973E-05 9.9973E-05 9.9973E-05
9.997E-05 0.9996 9.997E-05 9.997E-05 9.997E-05
9.9973E-05 0.94766 0.0520404 9.9973E-05 9.9973E-05
9.997E-05 0.9996 9.997E-05 9.997E-05 9.997E-05
9.997E-05 0.9996 9.997E-05 9.997E-05 9.997E-05
9.9982E-05 0.00719395 0.0821243 9.9982E-05 0.910482
0.0707594 0.010103 0.062507 0.0473289 0.809302
0.120146 0.0537796 0.0453798 0.161784 0.618911
0.0827233 0.0432525 0.0342211 0.019969 0.819834
0.0731582 0.0741889 0.0603835 0.0817668 0.710503
0.0596428 0.079083 0.0501479 0.0637352 0.747391
9.9982E-05 0.0475146 0.116904 9.9982E-05 0.835381
0.0519782 0.0624135 0.0812902 0.00287717 0.801441
0.0324206 9.9991E-05 0.0708516 0.788922 0.107706
0.00261954 0.0116736 0.0411085 0.921783 0.0228158
0.110791 0.0537048 0.139529 0.695876 9.9991E-05
0.052785 0.0293475 0.129396 0.788037 0.000435165
0.00624434 0.0373179 0.0166492 0.796623 0.143165
0.125081 0.0263742 0.156703 0.570513 0.121329
0.111263 0.00324265 0.124072 0.666031 0.0953917
0.0443987 0.0607615 0.111585 0.760024 0.0232302
0.0660592 0.0610039 0.133741 0.663964 0.0752315
0.0959593 0.0346116 0.140604 0.68131 0.0475149
9.997E-05 9.997E-05 9.997E-05 0.9996 9.997E-05
0.44846 0.0826454 0.123211 0.0902833 0.2554
0.496612 0.05216 0.154881 0.0280138 0.268332
0.50996 0.0659847 0.175874 0.0516997 0.196482
0.472327 0.0685323 0.135844 0.0889185 0.234379
0.491638 0.00640742 9.9991E-05 0.214315 0.287539
0.482017 9.9982E-05 9.9982E-05 0.200782 0.317001
0.494048 9.9982E-05 9.9982E-05 0.143756 0.361996
0.534968 9.9991E-05 0.07994 0.0633788 0.321613
0.385035 0.0077307 9.9991E-05 0.206242 0.400893
0.45691 9.9991E-05 0.0246212 0.192197 0.326171
0.407558 0.0709843 0.0753944 0.154014 0.29205
0.457453 0.0268025 9.9991E-05 0.172717 0.342927
0.0246078 0.799783 0.0348956 0.0203731 0.12034
0.0921357 0.783053 0.0490531 9.9991E-05 0.0756579
9.9982E-05 0.821651 9.9982E-05 0.0705037 0.107645
0.0482294 0.873193 0.0396914 0.010051 0.028835
0.00137194 0.876747 0.0397803 0.00647807 0.0756228
0.111745 0.740416 0.0713829 9.9991E-05 0.0763562
0.0746929 0.793696 0.0824786 9.9991E-05 0.0490323
0.0363511 0.707193 0.067698 0.0345041 0.154254
0.0934278 0.763022 0.0883218 9.9991E-05 0.0551285
0.178641 9.9982E-05 9.9982E-05 0.534941 0.286217
0.070017 0.00298492 9.9991E-05 0.689234 0.237664
0.126624 0.0223964 9.9991E-05 0.756728 0.0941513
0.185983 9.9991E-05 0.0196179 0.644465 0.149834
0.201082 0.0336424 0.0755961 0.535569 0.154111
0.232928 0.0231036 0.101773 0.400918 0.241277
0.279173 0.0219842 0.0113159 0.510276 0.177251
0.180479 9.9982E-05 9.9982E-05 0.528613 0.290707
0.0835719 9.9982E-05 9.9982E-05 0.716158 0.20007
0.218864 9.9982E-05 9.9982E-05 0.515444 0.265492
0.0845399 9.9982E-05 9.9982E-05 0.600113 0.315148
0.126485 0.0020461 9.9991E-05 0.668412 0.202957
0.0268156 0.0500592 0.0600892 0.0338113 0.829225
0.0487024 0.0302841 0.0238215 9.9991E-05 0.897092
0.0902677 0.0762553 0.0865721 0.140965 0.60594
0.00230169 0.0764482 0.0592255 0.0995692 0.762455
9.9982E-05 0.0176951 9.9982E-05 0.150038 0.832067
0.0966009 0.093783 0.112707 0.0462728 0.650636
0.0955891 0.0643634 0.0491909 9.9991E-05 0.790757
0.0358777 0.0808917 0.0710922 0.054733 0.757405
0.0141695 0.0329125 9.9991E-05 0.0758273 0.876991
0.0367732 0.00833306 0.0720636 9.9991E-05 0.88273
0.0615888 0.044333 0.0195391 0.0761488 0.79839
9.9973E-05 9.9973E-05 0.781015 0.218686 9.9973E-05
0.00843007 9.9991E-05 0.762851 0.211384 0.0172351
9.9991E-05 0.0386792 0.8074 0.152831 0.000989795
0.0462697 0.0521689 0.732536 0.168926 9.9991E-05
0.0625794 0.0558862 0.755279 0.113344 0.0129118
0.0876838 0.0701465 0.767929 0.0741408 9.9991E-05
0.0574919 0.0361433 0.804918 0.062503 0.0389438
9.9982E-05 9.9982E-05 0.878331 0.0870312 0.0344383
9.9973E-05 9.9973E-05 0.739396 0.260304 9.9973E-05
0.0624973 0.0218864 0.766458 0.149059 9.9991E-05
0.023771 0.0576084 0.723907 0.194614 9.9991E-05
0.0949688 0.0629923 0.831713 9.9991E-05 0.010226
0.0878531 0.027344 0.407131 0.446072 0.0315996
0.0575708 0.0328701 0.336257 0.573203 9.9991E-05
0.029725 0.0210376 0.319099 0.630039 9.9991E-05
0.0189592 0.0699724 0.354534 0.556434 9.9991E-05
0.0586568 0.0510338 0.382529 0.507681 9.9991E-05
0.10573 0.041569 0.37752 0.47508 9.9991E-05
0.0420767 0.0143623 0.306169 0.637292 9.9991E-05
0.0594483 0.0208139 0.306496 0.613142 9.9991E-05
0.0024605 0.0501546 0.34276 0.604525 9.9991E-05
0.00278952 0.0499182 0.352794 0.577244 0.0172545
0.0124429 0.0140753 0.33855 0.602085 0.0328468
0.031675 0.0590981 0.401617 0.50751 9.9991E-05
0.0110157 9.9973E-05 0.988684 9.9973E-05 9.9973E-05
9.997E-05 9.997E-05 0.9996 9.997E-05 9.997E-05
9.997E-05 9.997E-05 0.9996 9.997E-05 9.997E-05
9.9973E-05 0.013912 0.985788 9.9973E-05 9.9973E-05
0.0251142 0.00203591 0.97265 9.9982E-05 9.9982E-05
0.0648111 0.0350108 0.899978 9.9982E-05 9.9982E-05
0.0343499 0.00412771 0.955337 9.9991E-05 0.00608527
9.9982E-05 0.0287512 0.952412 9.9982E-05 0.0186366
9.997E-05 9.997E-05 0.9996 9.997E-05 9.997E-05
9.9973E-05 9.9973E-05 0.98299 9.9973E-05 0.0167097
9.997E-05 9.997E-05 0.9996 9.997E-05 9.997E-05
0.0366433 0.01343 0.949727 9.9982E-05 9.9982E-05
0.0695485 0.102452 0.0090411 0.178219 0.640739
0.0563693 0.112498 0.0243222 0.128848 0.677962
0.0289253 0.0368609 0.00039136 0.116475 0.817348
0.0586023 0.112896 0.0646753 0.0972233 0.666603
0.108023 0.060614 9.9991E-05 0.177419 0.653844
0.0876437 0.102979 0.108707 0.0353221 0.665349
0.0807254 0.0150839 0.0582393 9.9991E-05 0.845851
0.0936832 0.0281924 0.0619568 0.0206101 0.795557
0.00751955 0.0242554 9.9991E-05 0.156604 0.811521
0.068201 0.0360265 0.080072 9.9991E-05 0.8156
9.9991E-05 0.0422222 0.0590004 0.0300705 0.868607
9.9991E-05 0.0249819 0.0247211 0.0558574 0.89434
0.0208714 0.0579365 0.00855363 0.0930182 0.81962
9.9973E-05 9.9973E-05 9.9973E-05 0.160645 0.839055
0.152927 0.0713299 0.0954581 0.00310018 0.677185
0.0139147 0.0154626 0.230448 0.688552 0.0516221
0.0935452 0.0497163 0.479469 0.344973 0.0322966
0.00934623 0.0468241 0.229455 0.714274 9.9991E-05
0.0388769 0.0162995 0.241047 0.663773 0.0400032
0.115982 0.0150007 0.328109 0.486989 0.053919
0.00247011 0.0578377 0.398338 0.541254 9.9991E-05
0.00417177 9.9991E-05 0.285626 0.629816 0.0802864
0.0161341 0.0425944 0.262915 0.678257 9.9991E-05
0.363374 0.0758039 0.10084 0.162686 0.297297
0.404966 9.9982E-05 9.9982E-05 0.204893 0.389941
0.440077 9.9982E-05 9.9982E-05 0.22286 0.336864
0.242242 0.0405343 0.0861197 0.274422 0.356682
0.324563 9.9991E-05 0.0811285 0.176092 0.418117
0.38524 0.0184755 0.0193782 0.169412 0.407494
0.399752 9.9982E-05 9.9982E-05 0.246266 0.353782
0.44196 0.0151118 0.000795316 0.232719 0.309414
0.391744 0.0158117 0.0230173 0.252706 0.316721
0.375101 0.0524756 0.0478236 0.218763 0.305838
0.380153 0.0469998 0.0390407 0.207947 0.325859
0.419211 0.0228386 0.0535958 0.14043 0.363924
0.403492 9.9991E-05 0.0471523 0.206318 0.342938
0.468463 0.0530245 0.112793 0.0975109 0.268208
0.47456 0.00191852 0.0951714 0.0636589 0.364691
0.496029 0.0573609 0.0276883 0.151953 0.266969
0.46258 9.9991E-05 0.0484713 0.0886371 0.400212
0.39611 0.0529438 0.0548502 0.118967 0.377129
0.431154 0.0351913 0.0257639 0.188914 0.318977
0.435238 0.0579015 0.0426692 0.125505 0.338686
0.442995 0.0611588 0.157124 0.0415521 0.29717
0.384297 0.0670124 0.0778608 0.184632 0.286198
0.525643 0.0456296 0.0454553 0.142727 0.240545
