0.0822632 0.011086 9.9964E-05 9.9964E-05 0.734661 9.9964E-05 0.16703 9.9964E-05 0.00456026
0.0605244 9.9964E-05 9.9964E-05 9.9964E-05 0.779393 0.0187667 0.129566 0.0113497 9.9964E-05
0.0512024 0.0268111 0.0073196 0.0121438 0.794853 9.9982E-05 0.0955997 0.011871 9.9982E-05
0.21633 9.9973E-05 0.0484704 0.118758 0.582449 0.0250838 9.9973E-05 0.00860892 9.9973E-05
9.9946E-05 9.9946E-05 9.9946E-05 0.0974388 0.882623 0.0193384 9.9946E-05 9.9946E-05 9.9946E-05
9.9937E-05 9.9937E-05 9.9937E-05 0.0512632 0.948037 9.9937E-05 9.9937E-05 9.9937E-05 9.9937E-05
0.384725 0.00551988 0.0676679 0.0462805 0.358407 0.0313283 0.0809424 0.0250286 9.9991E-05
0.188348 9.9973E-05 0.0430922 0.0163488 0.627831 0.00670637 0.117373 9.9973E-05 9.9973E-05
0.202722 9.9973E-05 0.0466405 9.9973E-05 0.625692 0.00226785 0.0931871 9.9973E-05 0.0291901
9.993E-05 9.993E-05 9.993E-05 9.993E-05 9.993E-05 9.993E-05 9.993E-05 0.999201 9.993E-05
9.9973E-05 0.0353056 9.9973E-05 0.139989 0.0505873 0.0227919 0.641298 0.109728 9.9973E-05
0.109195 9.9973E-05 0.0303477 0.156119 9.9973E-05 0.000673833 0.613508 0.0898565 9.9973E-05
0.0580267 9.9964E-05 0.0579297 9.9964E-05 9.9964E-05 9.9964E-05 0.252948 0.592318 0.0383776
0.0972842 9.9964E-05 0.0339397 9.9964E-05 0.00197617 9.9964E-05 0.170824 0.695576 9.9964E-05
9.9937E-05 9.9937E-05 9.9937E-05 9.9937E-05 9.9937E-05 0.0289804 9.9937E-05 0.97032 9.9937E-05
0.027608 0.084539 9.9973E-05 9.9973E-05 0.030663 0.0121875 0.487813 0.356889 9.9973E-05
9.993E-05 9.993E-05 9.993E-05 9.993E-05 9.993E-05 9.993E-05 9.993E-05 0.999201 9.993E-05
0.039371 0.0505875 9.9964E-05 9.9964E-05 9.9964E-05 9.9964E-05 0.234459 0.661821 0.0133615
0.0460692 9.9973E-05 0.0309307 9.9973E-05 9.9973E-05 0.00857823 0.126684 0.777625 0.00981335
0.0637419 0.0321306 0.035178 0.16207 0.035433 0.0288039 0.572218 0.0703242 9.9991E-05
9.993E-05 9.993E-05 9.993E-05 9.993E-05 9.993E-05 9.993E-05 9.993E-05 0.999201 9.993E-05
0.0161569 0.166179 0.0491949 0.0457245 0.0112108 0.00485254 0.653466 0.00414949 0.0490652
9.9982E-05 0.0484816 0.0245959 0.120683 0.0964336 0.0183597 0.671257 9.9982E-05 0.019989
9.999E-05 0.0661545 0.0371682 0.341418 0.0145663 0.0198871 0.48971 0.00920833 0.0217874
9.9937E-05 9.9937E-05 9.9937E-05 0.223262 9.9937E-05 9.9937E-05 0.776039 9.9937E-05 9.9937E-05
0.0726812 0.125987 0.0376727 0.319992 9.9982E-05 0.0228409 0.412592 0.00803464 9.9982E-05
9.9982E-05 0.100905 0.0451681 0.278206 9.9982E-05 0.00755386 0.534505 0.0103458 0.0231162
0.0273684 0.0663156 0.0389401 0.0660184 0.0338271 9.9982E-05 0.753088 9.9982E-05 0.0142421
9.9982E-05 0.0685135 0.0155696 0.217336 0.0426343 9.9982E-05 0.597846 0.0301934 0.0277073
0.0299656 0.0391473 0.0176374 0.0939757 9.9982E-05 9.9982E-05 0.78041 0.00862338 0.0300408
9.9991E-05 0.0621869 0.0384731 0.0889983 0.046978 0.0136169 0.727261 0.0214418 0.000944361
0.597339 0.0212775 0.0122267 9.9982E-05 0.0909682 9.9982E-05 0.0764869 0.00675429 0.194748
0.655149 9.9955E-05 9.9955E-05 9.9955E-05 0.124094 9.9955E-05 0.17889 9.9955E-05 0.0413677
0.658074 9.9964E-05 0.00503411 9.9964E-05 0.113234 9.9964E-05 0.146272 9.9964E-05 0.0769862
0.936611 9.9946E-05 9.9946E-05 0.0482821 9.9946E-05 9.9946E-05 9.9946E-05 9.9946E-05 0.0145068
0.78213 9.9955E-05 0.00243823 9.9955E-05 9.9955E-05 9.9955E-05 0.153227 9.9955E-05 0.0617052
0.838344 0.0276647 9.9964E-05 0.0308438 9.9964E-05 0.0157817 9.9964E-05 9.9964E-05 0.0869663
0.869075 9.9973E-05 0.0143653 9.9973E-05 0.0363124 0.000531825 0.0741649 9.9973E-05 0.00525088
0.949991 9.9946E-05 9.9946E-05 0.0476349 9.9946E-05 9.9946E-05 9.9946E-05 0.00177473 9.9946E-05
0.620067 9.9973E-05 9.9973E-05 0.172211 0.0773587 0.0036749 9.9973E-05 0.0246663 0.101722
0.928623 0.0379045 9.9964E-05 9.9964E-05 0.00132953 0.00622932 9.9964E-05 9.9964E-05 0.0255134
9.9973E-05 0.00467695 0.917742 0.0156224 9.9973E-05 0.03115 0.0115333 0.0189759 9.9973E-05
0.0218462 0.00545957 0.949315 0.0209226 9.9964E-05 0.00205672 9.9964E-05 9.9964E-05 9.9964E-05
9.9964E-05 9.9964E-05 0.901139 9.9964E-05 0.00440267 0.0254426 0.0359472 9.9964E-05 0.0326682
9.9946E-05 9.9946E-05 0.864847 9.9946E-05 9.9946E-05 9.9946E-05 0.121893 9.9946E-05 0.0126604
9.9964E-05 9.9964E-05 0.872776 9.9964E-05 0.00139257 0.0184343 0.0850017 9.9964E-05 0.021996
9.9955E-05 9.9955E-05 0.879021 9.9955E-05 0.016586 9.9955E-05 0.0891658 9.9955E-05 0.0147279
0.0440106 0.0287664 0.759264 0.00279551 9.9982E-05 0.0184865 0.125615 9.9982E-05 0.0208621
9.9955E-05 0.00540396 0.941337 9.9955E-05 0.0184644 9.9955E-05 9.9955E-05 0.034295 9.9955E-05
9.9937E-05 9.9937E-05 0.977158 0.022142 9.9937E-05 9.9937E-05 9.9937E-05 9.9937E-05 9.9937E-05
0.0283388 9.9946E-05 0.905165 9.9946E-05 9.9946E-05 9.9946E-05 0.065897 9.9946E-05 9.9946E-05
9.993E-05 9.993E-05 0.999201 9.993E-05 9.993E-05 9.993E-05 9.993E-05 9.993E-05 9.993E-05
9.9937E-05 9.9937E-05 0.991325 9.9937E-05 9.9937E-05 0.00797568 9.9937E-05 9.9937E-05 9.9937E-05
0.00874097 0.953975 9.9946E-05 9.9946E-05 9.9946E-05 9.9946E-05 9.9946E-05 9.9946E-05 0.0366842
9.9982E-05 0.714579 9.9982E-05 0.103615 0.0292107 0.0140919 0.0863971 0.017756 0.0341497
0.108314 0.528769 0.0267145 0.0865098 0.011236 0.040972 0.178305 0.0190796 9.99961E-05
9.99888E-05 0.810403 0.00685298 9.99888E-05 0.0537726 0.0180037 0.0493423 0.0520109 0.00941501
9.9982E-05 0.630802 0.0550746 0.0677502 0.0688693 0.0162743 0.13119 9.9982E-05 0.0298397
9.999E-05 0.698263 0.0568903 0.0867087 0.0467496 0.0409787 0.0111025 0.0279594 0.0312479
0.104168 0.845779 0.00780026 9.9964E-05 9.9964E-05 9.9964E-05 0.0106111 9.9964E-05 0.0312419
0.0528997 0.783134 0.031076 9.9964E-05 9.9964E-05 9.9964E-05 0.107044 9.9964E-05 0.0254464
0.125991 0.0267743 9.9982E-05 0.421474 0.394942 0.0123997 9.9982E-05 0.0114051 0.00681299
0.341232 9.9946E-05 9.9946E-05 0.530646 0.127522 9.9946E-05 9.9946E-05 9.9946E-05 9.9946E-05
0.413822 9.9982E-05 0.0190736 0.276661 0.160184 0.012316 0.114431 0.00331317 9.9982E-05
0.357517 9.9964E-05 0.0111939 0.308717 0.301697 0.0204758 9.9964E-05 9.9964E-05 9.9964E-05
0.347297 0.0158994 0.0294603 0.575823 0.0311203 9.9964E-05 9.9964E-05 9.9964E-05 9.9964E-05
0.353484 0.0700116 0.0102257 0.234597 0.194583 0.0437934 0.0350973 0.043999 0.0142094
0.334842 0.00413778 9.9973E-05 0.255584 0.251217 0.0123868 0.141532 9.9973E-05 9.9973E-05
0.454222 9.9973E-05 0.0280243 0.411449 0.101982 0.00313022 9.9973E-05 0.000892447 9.9973E-05
0.439182 9.9973E-05 0.0424277 0.235937 0.148461 0.00355194 0.130141 9.9973E-05 9.9973E-05
0.318412 0.0106896 0.0138301 0.194521 0.332933 0.0387831 0.087476 0.00325562 9.9991E-05
0.24859 9.9946E-05 9.9946E-05 0.651498 0.099312 9.9946E-05 9.9946E-05 9.9946E-05 9.9946E-05
0.14543 0.0155137 0.0631283 0.0575911 9.9982E-05 0.0079155 0.612692 0.0975301 9.9982E-05
0.127338 9.9973E-05 0.0282538 9.9973E-05 9.9973E-05 0.0113003 0.765079 0.067329 0.000400377
0.0155288 9.9973E-05 0.0211288 9.9973E-05 0.08896 9.9973E-05 0.689332 0.101111 0.0836398
0.171996 0.0182434 0.0437079 9.9973E-05 9.9973E-05 0.00344742 0.679785 0.0825206 9.9973E-05
9.9973E-05 0.0243666 0.00813796 0.346289 9.9973E-05 0.0378468 0.45551 0.12755 9.9973E-05
9.9973E-05 0.013295 9.9973E-05 0.20689 0.0340709 0.0260106 0.625208 0.094226 9.9973E-05
9.9973E-05 0.111743 9.9973E-05 0.207108 0.00461127 0.0519822 0.489973 0.134283 9.9973E-05
9.9964E-05 0.00965811 9.9964E-05 0.137182 9.9964E-05 9.9964E-05 0.689449 0.133791 0.0295197
9.9982E-05 0.14452 0.00045428 0.233981 0.035224 0.00449253 0.494532 0.0865956 9.9982E-05
9.9973E-05 0.0117783 9.9973E-05 0.274361 9.9973E-05 0.0591846 0.569424 0.0705178 0.0144349
0.133037 0.0159937 0.0357695 0.0912436 9.9982E-05 0.0306488 0.654626 0.0384819 9.9982E-05
9.9973E-05 0.0666954 0.0195749 0.24108 9.9973E-05 0.039009 0.531328 0.102012 9.9973E-05
0.0419519 0.0952595 0.780612 0.00663631 9.9982E-05 0.00328552 0.0651274 0.00692769 9.9982E-05
9.9964E-05 0.0320214 0.7528 9.9964E-05 0.0375925 9.9964E-05 0.165641 9.9964E-05 0.0115462
9.9946E-05 0.0446476 0.803625 0.151128 9.9946E-05 9.9946E-05 9.9946E-05 9.9946E-05 9.9946E-05
0.0423261 9.9973E-05 0.851091 0.0142319 0.00500688 9.9973E-05 0.0761981 9.9973E-05 0.0108458
0.0459567 0.0112309 0.841752 9.9955E-05 9.9955E-05 9.9955E-05 0.100561 9.9955E-05 9.9955E-05
9.9955E-05 9.9955E-05 0.695051 9.9955E-05 0.0486817 9.9955E-05 0.246251 9.9955E-05 0.00951618
0.0873708 9.9946E-05 0.756168 9.9946E-05 9.9946E-05 9.9946E-05 0.155861 9.9946E-05 9.9946E-05
0.084752 0.0847328 0.670418 9.9964E-05 0.00780025 9.9964E-05 0.151897 9.9964E-05 9.9964E-05
0.0296819 9.9973E-05 0.736478 9.9973E-05 0.00377458 9.9973E-05 0.177876 0.00487661 0.0470135
9.99369E-05 9.99369E-05 9.99369E-05 0.996321 9.99369E-05 0.0029792 9.99369E-05 9.99369E-05 9.99369E-05
0.0818392 0.0287795 0.0182423 0.870639 9.9955E-05 9.9955E-05 9.9955E-05 9.9955E-05 9.9955E-05
0.0320758 9.9982E-05 0.022376 0.634695 0.265228 9.9982E-05 0.0290333 0.00616799 0.010224
0.0546817 9.9973E-05 9.9973E-05 0.561632 0.184324 9.9973E-05 0.180094 0.00246031 0.0165079
0.274456 9.9973E-05 0.0152999 0.390184 0.0380584 9.9973E-05 0.279003 0.00269744 9.9973E-05
0.193795 9.9973E-05 0.0182646 0.329861 0.0230517 9.9973E-05 0.413568 9.9973E-05 0.0211602
9.9973E-05 9.9973E-05 0.0111307 0.735045 0.0393294 9.9973E-05 0.143124 0.0247515 0.0463192
9.99459E-05 9.99459E-05 0.00220549 0.983843 9.99459E-05 9.99459E-05 0.013352 9.99459E-05 9.99459E-05
0.162201 0.0422861 9.9964E-05 0.70817 0.070719 9.9964E-05 9.9964E-05 0.0162236 9.9964E-05
9.9937E-05 9.9937E-05 9.9937E-05 0.878802 9.9937E-05 9.9937E-05 0.120498 9.9937E-05 9.9937E-05
0.109145 0.0483075 9.9955E-05 0.71011 9.9955E-05 9.9955E-05 0.131938 9.9955E-05 9.9955E-05
0.104363 9.9955E-05 0.0206918 0.864703 9.9955E-05 9.9955E-05 9.9955E-05 0.00974215 9.9955E-05
0.115643 0.822507 0.00017133 9.9964E-05 9.9964E-05 0.0151471 0.0461315 9.9964E-05 9.9964E-05
9.9964E-05 0.834085 9.9964E-05 9.9964E-05 0.0336888 0.0178583 0.112255 0.00171283 9.9964E-05
0.183633 0.548668 0.0452585 0.00203878 9.9964E-05 9.9964E-05 0.220002 9.9964E-05 9.9964E-05
0.151163 0.729509 0.0443022 9.9955E-05 9.9955E-05 9.9955E-05 0.0745255 9.9955E-05 9.9955E-05
9.9946E-05 0.70898 9.9946E-05 0.263341 9.9946E-05 9.9946E-05 9.9946E-05 0.0270797 9.9946E-05
0.155081 0.567351 0.0561253 9.9973E-05 9.9973E-05 9.9973E-05 0.190485 0.0253261 0.00533223
9.9964E-05 0.698344 0.0246248 9.9964E-05 0.00383052 9.9964E-05 0.262618 9.9964E-05 0.0101827
0.119624 0.67994 0.0419468 9.9955E-05 9.9955E-05 9.9955E-05 0.157989 9.9955E-05 9.9955E-05
9.9964E-05 0.835045 9.9964E-05 0.0221308 0.0567444 0.00817577 0.0775041 9.9964E-05 9.9964E-05
0.0260724 0.804587 9.9955E-05 9.9955E-05 9.9955E-05 9.9955E-05 0.161261 9.9955E-05 0.0075799
0.0679174 0.827634 9.9973E-05 0.0171604 9.9973E-05 0.0304729 0.0143392 0.0421767 9.9973E-05
0.0268413 9.9955E-05 9.9955E-05 0.1857 0.0402721 9.9955E-05 9.9955E-05 9.9955E-05 0.746686
0.175529 9.9973E-05 9.9973E-05 0.121484 0.0430799 0.0155213 9.9973E-05 0.00969033 0.634396
0.292019 0.0287856 0.0259737 0.0302466 9.9973E-05 9.9973E-05 9.9973E-05 0.00354738 0.619128
0.22828 9.9982E-05 0.0251866 9.9982E-05 0.0782165 0.0463334 0.0649332 0.000719293 0.556131
0.178566 9.9964E-05 0.0394675 9.9964E-05 0.0781693 9.9964E-05 0.125054 9.9964E-05 0.578344
0.248607 9.9973E-05 0.027598 9.9973E-05 0.0158186 0.000518589 0.179416 9.9973E-05 0.527742
0.21843 9.9973E-05 0.0247347 9.9973E-05 0.0393785 0.00627766 0.123143 9.9973E-05 0.587736
0.110289 0.0471651 9.9964E-05 9.9964E-05 0.100922 9.9964E-05 9.9964E-05 0.0116587 0.729565
0.142397 9.9964E-05 9.9964E-05 0.120993 0.065129 0.0319815 9.9964E-05 9.9964E-05 0.6391
0.242083 9.9973E-05 0.0174028 9.9973E-05 0.0239608 0.0219535 0.08458 9.9973E-05 0.60972
0.264999 9.9973E-05 0.0356407 0.00925791 0.0489523 9.9973E-05 0.0772411 9.9973E-05 0.563609
0.104702 9.99639E-05 0.0364888 9.99639E-05 0.0275073 9.99639E-05 0.164181 9.99639E-05 0.666721
0.626981 9.9964E-05 9.9964E-05 9.9964E-05 0.0978733 0.0256622 0.172243 9.9964E-05 0.0768409
0.892143 0.0253406 9.9964E-05 9.9964E-05 0.00173543 9.9964E-05 0.0394856 0.0408958 9.9964E-05
0.636001 9.9982E-05 9.9982E-05 0.0724289 0.169534 0.0335858 0.014484 0.0144631 0.0593037
0.795926 0.0291149 0.0432546 0.0185284 0.0287792 0.0190574 9.9991E-05 0.0288329 0.0364062
0.864346 9.9964E-05 0.0214939 9.9964E-05 9.9964E-05 9.9964E-05 0.0793142 0.0248102 0.00963566
0.653267 9.9973E-05 0.00562519 9.9973E-05 0.10391 9.9973E-05 0.144589 0.0363381 0.0559703
0.737231 9.9982E-05 9.9982E-05 0.08551 0.0953996 0.0383886 0.0290968 0.0133153 0.000859071
0.666474 0.0195401 9.9991E-05 0.0766412 0.113551 0.0103322 0.0711764 0.00980439 0.0323808
0.894365 0.0383678 0.0131061 0.0360234 9.9973E-05 0.0096788 9.9973E-05 0.00815874 9.9973E-05
0.839522 0.0155753 0.0110793 0.0258787 9.9982E-05 0.0182832 0.0842444 9.9982E-05 0.00521758
0.711281 0.0148779 9.9982E-05 0.121955 0.029027 0.037358 9.9982E-05 0.0254372 0.0598637
0.831129 0.000126057 0.0166459 9.9964E-05 9.9964E-05 9.9964E-05 0.118664 9.9964E-05 0.0330354
9.9955E-05 9.9955E-05 9.9955E-05 0.0155254 0.0352297 9.9955E-05 9.9955E-05 0.0174598 0.931285
9.9955E-05 0.000301154 9.9955E-05 0.027854 9.9955E-05 9.9955E-05 9.9955E-05 0.0114015 0.959944
9.9946E-05 9.9946E-05 9.9946E-05 0.0225331 9.9946E-05 0.0161077 9.9946E-05 9.9946E-05 0.96076
0.0860326 9.9955E-05 0.0109938 9.9955E-05 9.9955E-05 9.9955E-05 0.0321746 9.9955E-05 0.870299
9.9937E-05 9.9937E-05 9.9937E-05 9.9937E-05 9.9937E-05 9.9937E-05 0.117129 9.9937E-05 0.882172
0.0286708 9.9955E-05 0.0221428 9.9955E-05 9.9955E-05 9.9955E-05 0.14031 9.9955E-05 0.808376
0.0628611 9.9964E-05 9.9964E-05 9.9964E-05 0.01233 9.9964E-05 0.066738 0.0112083 0.846463
0.0644552 0.00112527 0.0211635 9.9964E-05 9.9964E-05 9.9964E-05 0.071652 9.9964E-05 0.841204
9.9946E-05 9.9946E-05 9.9946E-05 0.0701451 9.9946E-05 0.0137356 9.9946E-05 9.9946E-05 0.91552
9.9937E-05 9.9937E-05 9.9937E-05 0.0959234 9.9937E-05 9.9937E-05 9.9937E-05 9.9937E-05 0.903377
9.9955E-05 0.0331196 9.9955E-05 0.0108952 9.9955E-05 9.9955E-05 9.9955E-05 0.0118761 0.943609
9.9955E-05 9.9955E-05 0.0158755 9.9955E-05 9.9955E-05 0.00698223 0.088126 9.9955E-05 0.888516
0.0434466 0.562471 0.0815601 0.156907 9.9982E-05 0.0117069 0.130921 9.9982E-05 0.0127881
0.0401481 0.652435 0.0928039 0.112066 0.0295636 0.044695 9.99904E-05 0.0216493 0.00653949
9.9964E-05 0.76333 9.9964E-05 0.140437 0.0397319 0.0258947 9.9964E-05 0.0302067 9.9964E-05
0.0507216 0.595789 0.0885663 0.0544466 0.0599861 0.0308648 0.099417 0.00368323 0.0165255
0.0132704 0.583204 0.0564201 0.141687 0.0696769 0.0460359 0.0548262 0.0347793 9.9991E-05
0.0852612 0.551925 0.0656797 9.9982E-05 0.0281855 0.00322958 0.244086 9.9982E-05 0.0214331
9.9964E-05 0.773513 9.9964E-05 9.9964E-05 9.9964E-05 0.0205119 0.17733 0.00355809 0.0246869
9.9991E-05 0.751734 0.00994728 0.00243281 0.0322916 0.0319588 0.114605 0.0274634 0.0294666
9.9964E-05 0.73433 0.00101776 0.165464 0.0467285 0.0520599 9.9964E-05 9.9964E-05 9.9964E-05
0.00818183 0.763621 0.00310008 9.9991E-05 0.0316798 0.0175625 0.128576 0.0109794 0.036199
0.0852603 0.842454 0.0076579 0.0603252 9.9964E-05 9.9964E-05 9.9964E-05 0.00390299 9.9964E-05
9.9982E-05 0.861264 0.00301166 0.0365124 0.0346244 0.0558831 9.9982E-05 0.00152715 0.00697689
9.9973E-05 0.763518 0.0265316 0.110698 0.0517733 0.0132388 0.0339411 9.9973E-05 9.9973E-05
9.9946E-05 0.698957 9.9946E-05 0.241816 9.9946E-05 0.0586276 9.9946E-05 9.9946E-05 9.9946E-05
0.012503 0.576766 0.0278391 9.9973E-05 0.0896586 9.9973E-05 0.259769 0.0331641 9.9973E-05
9.993E-05 9.993E-05 9.993E-05 9.993E-05 0.999201 9.993E-05 9.993E-05 9.993E-05 9.993E-05
0.0109402 9.9964E-05 0.0256448 9.9964E-05 0.588602 9.9964E-05 0.116362 9.9964E-05 0.258051
9.99459E-05 9.99459E-05 0.00421648 9.99459E-05 0.991443 9.99459E-05 9.99459E-05 9.99459E-05 0.00374046
0.0283847 0.0100262 9.9973E-05 9.9973E-05 0.84987 0.0152167 0.0308443 9.9973E-05 0.065358
0.113429 9.9955E-05 9.9955E-05 9.9955E-05 0.589577 9.9955E-05 0.189525 9.9955E-05 0.106969
0.184344 0.0232293 0.0292227 9.9973E-05 0.552832 9.9973E-05 0.0224242 9.9973E-05 0.187648
9.9973E-05 0.033276 9.9973E-05 0.0450635 0.769424 0.0183209 9.9973E-05 0.00615786 0.127457
9.9955E-05 9.9955E-05 0.00332186 9.9955E-05 0.888982 0.0276354 9.9955E-05 9.9955E-05 0.0795607
0.124352 9.9973E-05 0.0636604 0.103474 9.9973E-05 0.0352954 0.666038 9.9973E-05 0.00687907
9.9964E-05 0.0438256 9.9964E-05 0.243077 9.9964E-05 0.0608577 0.623816 0.0280245 9.9964E-05
9.993E-05 9.993E-05 9.993E-05 9.993E-05 9.993E-05 0.999201 9.993E-05 9.993E-05 9.993E-05
0.0652199 0.0730052 0.032312 0.157907 0.135687 0.00557118 0.521347 9.9991E-05 0.00885027
9.9982E-05 0.12777 9.9982E-05 0.183493 0.066194 0.0244786 0.546441 0.0071867 0.0442362
9.9973E-05 0.126446 9.9973E-05 0.0538178 0.117421 0.0446872 0.622513 0.0348144 9.9973E-05
9.993E-05 9.993E-05 9.993E-05 9.993E-05 9.993E-05 0.999201 9.993E-05 9.993E-05 9.993E-05
0.0246173 9.9973E-05 0.00444007 9.9973E-05 9.9973E-05 0.90581 0.0505072 0.00878605 0.0055394
0.0247788 0.0579148 0.0131125 0.120112 0.116982 0.0617719 0.570417 0.0348113 9.9991E-05
0.101632 0.0505805 0.0389128 0.170848 9.9982E-05 0.0401837 0.558998 0.0386455 9.9982E-05
0.0503085 0.0391492 0.0374012 0.149935 0.0270531 0.132729 0.502591 0.042842 0.0179916
9.9991E-05 0.0478913 0.00150534 0.0510174 0.100897 0.0534797 0.716858 0.0260576 0.00219328
9.9982E-05 0.0440793 9.9982E-05 0.193407 0.0836959 0.0481473 0.58848 0.0392163 0.00277403
0.0414086 9.9964E-05 0.00814023 9.9964E-05 0.0375618 0.0281466 0.884343 9.9964E-05 9.9964E-05
0.044521 0.00207439 9.9991E-05 0.0423311 0.0167556 0.02933 0.837626 0.023575 0.0036871
9.9973E-05 9.9973E-05 0.0117867 0.0286551 0.0807555 0.0292887 0.846419 0.00279489 9.9973E-05
9.9964E-05 0.0367386 9.9964E-05 0.137696 9.9964E-05 0.0105927 0.776277 0.0382963 9.9964E-05
9.9982E-05 0.102021 0.0315916 0.0527403 0.0725123 0.0494709 0.660216 0.0312485 9.9982E-05
0.0382588 0.0163812 0.0227816 0.171024 0.00514986 0.0622702 0.638996 0.0450379 9.9991E-05
0.0556836 0.0139257 0.0402762 0.127562 9.9982E-05 0.0302068 0.705195 0.026951 9.9982E-05
0.0393097 0.01596 0.0417596 9.9982E-05 0.0640482 9.9982E-05 0.753643 0.0390787 0.0460006
0.142571 0.00669375 0.045616 0.106124 9.9982E-05 0.0478213 0.626307 0.0246675 9.9982E-05
0.00231904 9.9964E-05 9.9964E-05 9.9964E-05 0.0439558 0.0287622 0.920082 0.0044806 9.9964E-05
