0.523479 0.0373127 0.439208
0.524623 0.0111058 0.464271
0.509611 0.0311851 0.459204
0.560002 0.0623715 0.377627
0.527214 9.9991E-05 0.472686
0.533727 0.0218481 0.444425
0.531267 0.0931506 0.375582
0.551028 0.0734022 0.37557
0.607506 0.0713177 0.321176
9.999E-05 9.999E-05 0.9998
0.0637497 0.0354628 0.900787
0.121916 0.0855408 0.792543
0.104765 0.0857758 0.809459
0.0831866 0.0668717 0.849942
9.999E-05 9.999E-05 0.9998
0.0680013 0.0531554 0.878843
0.021283 0.022355 0.956362
0.0579652 0.0265212 0.915514
0.0648665 0.0413555 0.893778
0.124398 0.0880858 0.787516
9.999E-05 9.999E-05 0.9998
0.107101 0.151585 0.741314
0.132877 0.0973511 0.769772
0.113176 0.0992248 0.787599
0.0536177 0.0636411 0.882741
0.123557 0.108133 0.76831
0.0981154 0.121848 0.780037
0.12016 0.115993 0.763847
0.123795 0.089147 0.787058
0.120011 0.0970381 0.78295
0.093261 0.11111 0.795629
0.76609 0.0473005 0.186609
0.669632 0.00353998 0.326828
0.682507 0.0293995 0.288094
0.789555 0.017049 0.193396
0.701272 0.0531425 0.245585
0.762183 0.0400118 0.197806
0.721398 0.0465268 0.232075
0.761385 0.0330001 0.205615
0.744066 9.9991E-05 0.255834
0.784204 0.0219943 0.193802
9.9991E-05 0.947279 0.052621
0.00205027 0.99785 9.9991E-05
0.0410686 0.948837 0.0100946
0.0285813 0.947423 0.0239959
0.0384356 0.928275 0.0332889
0.0558133 0.944087 9.9991E-05
0.0665981 0.824502 0.108899
9.9991E-05 0.998447 0.00145328
9.999E-05 0.9998 9.999E-05
0.0401119 0.959788 9.9991E-05
9.999E-05 0.9998 9.999E-05
9.999E-05 0.9998 9.999E-05
0.0690562 0.219217 0.711726
0.0574273 0.166261 0.776312
0.10214 0.166702 0.731158
0.0106218 0.205043 0.784336
0.081262 0.217444 0.701294
0.0755656 0.220189 0.704245
0.103359 0.225606 0.671035
0.0697936 0.21723 0.712976
0.460329 0.0079207 0.53175
0.50878 0.00712527 0.484095
0.50235 0.0481234 0.449526
0.535768 0.0328867 0.431345
0.418056 0.0544625 0.527481
0.469825 0.0276829 0.502492
0.470245 0.011534 0.518221
0.517276 0.0482704 0.434453
0.48028 0.0711835 0.448536
0.484536 0.0393681 0.476095
0.52815 9.9991E-05 0.47175
0.152688 0.122196 0.725116
0.168749 0.0932358 0.738016
0.197722 0.0898293 0.712448
0.172091 0.104729 0.72318
0.0717223 0.0484926 0.879785
0.0711737 0.0385714 0.890255
0.0492504 0.0263278 0.924422
0.0907459 0.0127518 0.896502
0.0674764 0.066934 0.86559
0.10729 0.0395492 0.85316
0.160757 0.114679 0.724564
0.052104 0.0775516 0.870344
0.0460061 0.845665 0.108329
0.049387 0.818856 0.131757
9.9991E-05 0.868896 0.131004
0.0421469 0.897937 0.0599157
0.0327517 0.909035 0.058213
0.0662325 0.771507 0.162261
0.0738955 0.825365 0.100739
0.0885655 0.762551 0.148884
0.0833561 0.791491 0.125153
0.217713 9.9991E-05 0.782187
0.284373 0.0407301 0.674897
0.360415 0.0175533 0.622032
0.321284 9.9991E-05 0.678616
0.339042 0.0441471 0.616811
0.284076 0.0636617 0.652263
0.237292 0.0176151 0.745093
0.202359 0.0157664 0.781874
0.33366 9.9991E-05 0.66624
0.142412 0.019545 0.838043
0.261002 0.00463131 0.734367
0.269114 0.0289058 0.70198
0.0609078 0.20741 0.731682
9.9991E-05 0.199556 0.800344
0.151342 0.194488 0.654169
0.0953364 0.238132 0.666532
9.9991E-05 0.192013 0.807887
0.13495 0.215677 0.649372
0.0118358 0.229879 0.758286
0.0768385 0.226917 0.696245
0.000830747 0.210045 0.789124
0.0429202 0.19144 0.765639
0.0407651 0.191867 0.767368
0.9998 9.999E-05 9.999E-05
0.918056 9.9991E-05 0.0818435
0.927437 0.0534937 0.0190695
0.860315 0.0539994 0.0856852
0.859974 0.0713887 0.0686372
0.853323 0.0898783 0.0567986
0.871679 0.051817 0.0765037
0.96002 0.0162431 0.023737
0.93061 9.9991E-05 0.06929
0.904107 0.0430283 0.0528643
0.902751 0.0585767 0.038672
0.868565 0.0633652 0.0680695
0.661659 0.0295977 0.308744
0.674222 0.0449542 0.280823
0.684777 0.0088706 0.306352
0.674489 0.0793975 0.246114
0.698648 0.0664497 0.234903
0.660378 0.0401917 0.299431
0.656813 0.000545745 0.342641
0.651245 0.0159161 0.332839
0.701468 0.0484794 0.250053
0.676652 0.0490988 0.274249
0.672359 0.0109801 0.316661
0.692441 0.0594469 0.248113
0.9998 9.999E-05 9.999E-05
0.9998 9.999E-05 9.999E-05
0.9998 9.999E-05 9.999E-05
0.986266 0.0136344 9.9991E-05
0.977201 0.0226993 9.9991E-05
0.934814 0.0565082 0.00867734
0.988239 0.0116613 9.9991E-05
0.978161 0.0217385 9.9991E-05
0.9998 9.999E-05 9.999E-05
0.9998 9.999E-05 9.999E-05
0.9998 9.999E-05 9.999E-05
0.962453 0.037447 9.9991E-05
0.0856067 0.229917 0.684476
0.0593628 0.245713 0.694925
0.0274061 0.192959 0.779635
0.0979931 0.240187 0.66182
0.0625611 0.190186 0.747253
0.110893 0.230623 0.658484
0.018756 0.189233 0.792011
0.0498128 0.179804 0.770383
0.0326609 0.175906 0.791433
0.0661084 0.202517 0.731375
0.0537676 0.217339 0.728893
0.0251991 0.205386 0.769415
0.0275952 0.201807 0.770598
0.00998279 0.164465 0.825552
0.0734736 0.191222 0.735305
0.609147 0.00928437 0.381568
0.688429 0.0623317 0.249239
0.614865 0.0414744 0.34366
0.617745 0.0292782 0.352977
0.607575 0.0193017 0.373123
0.712861 0.057519 0.22962
0.631766 9.9991E-05 0.368134
0.666442 0.0296526 0.303906
0.17554 0.112969 0.71149
0.0502702 0.0420925 0.907637
0.0238229 0.0251312 0.951046
0.214315 0.0877706 0.697914
0.162093 0.0610934 0.776813
0.0891999 0.0809587 0.829841
0.0325477 0.031622 0.93583
0.0818138 0.0512962 0.86689
0.115889 0.0730465 0.811064
0.137751 0.0975852 0.764664
0.125751 0.0992978 0.774951
0.106032 0.0759546 0.818013
0.112124 0.0562152 0.831661
0.137856 0.100653 0.761491
0.0989616 0.0546805 0.846358
0.088869 0.0837649 0.827366
0.0656414 0.0501605 0.884198
0.0854341 0.103341 0.811225
0.1001 0.0765777 0.823322
0.0919544 0.112344 0.795702
0.162063 0.110801 0.727136
0.154979 0.102337 0.742683
0.102425 0.0729764 0.824599
