0.0345346 0.525511 0.439955
0.00771977 0.528064 0.464217
0.0345305 0.516683 0.448786
0.0666633 0.544127 0.389209
9.9991E-05 0.519984 0.479916
0.0250248 0.528832 0.446143
0.0986274 0.515383 0.385989
0.0790653 0.55101 0.369925
0.0798741 0.604203 0.315923
9.999E-05 9.999E-05 0.9998
0.0440412 0.0584979 0.897461
0.0794685 0.126245 0.794287
0.0846448 0.105562 0.809793
0.0574472 0.0791497 0.863403
0.00701246 9.9991E-05 0.992888
0.0549563 0.0756916 0.869352
0.0253171 0.0199187 0.954764
0.0285949 0.0488243 0.922581
0.0446661 0.0634002 0.891934
0.0882706 0.120639 0.79109
9.999E-05 9.999E-05 0.9998
0.152092 0.11157 0.736338
0.0860025 0.140038 0.77396
0.105017 0.115736 0.779247
0.0746855 0.0549997 0.870315
0.111565 0.12986 0.758575
0.116228 0.0920512 0.791721
0.114552 0.119106 0.766343
0.0827767 0.118748 0.798475
0.0993574 0.114697 0.785945
0.111378 0.0967606 0.791861
0.0457408 0.754707 0.199552
0.00894756 0.666866 0.324186
0.0234662 0.67941 0.297124
0.0155052 0.781299 0.203196
0.0413683 0.707552 0.251079
0.0373809 0.759165 0.203454
0.0513942 0.714211 0.234395
0.032154 0.753048 0.214798
9.9991E-05 0.738795 0.261105
0.0185105 0.774896 0.206593
0.952893 9.9991E-05 0.0470066
0.99596 0.00394009 9.9991E-05
0.954747 0.0397247 0.00552871
0.952903 0.0317181 0.0153788
0.925235 0.0378485 0.0369163
0.944597 0.0553035 9.9991E-05
0.826726 0.065359 0.107915
0.988427 9.9991E-05 0.0114726
0.9998 9.999E-05 9.999E-05
0.963884 0.0360163 9.9991E-05
0.9998 9.999E-05 9.999E-05
0.9998 9.999E-05 9.999E-05
0.216778 0.0690157 0.714206
0.169745 0.0548047 0.775451
0.164581 0.0872765 0.748143
0.202443 0.00842181 0.789135
0.222672 0.0688238 0.708504
0.220453 0.0629688 0.716578
0.23222 0.093557 0.674223
0.217374 0.0694254 0.713201
0.0011001 0.46056 0.53834
9.9991E-05 0.512851 0.487049
0.0458927 0.506078 0.448029
0.0205643 0.53544 0.443996
0.0658485 0.405541 0.52861
0.0381823 0.459858 0.50196
0.00659155 0.470849 0.52256
0.0461638 0.515862 0.437974
0.074995 0.46778 0.457225
0.0327878 0.488102 0.47911
9.9991E-05 0.519794 0.480106
0.118025 0.153893 0.728082
0.0862596 0.150298 0.763443
0.0838922 0.201951 0.714157
0.0980083 0.167609 0.734383
0.0549064 0.0734896 0.871604
0.0361252 0.06992 0.893955
0.0267389 0.0454341 0.927827
0.00871489 0.0899156 0.90137
0.0655345 0.0702897 0.864176
0.0324831 0.112123 0.855393
0.109977 0.157186 0.732837
0.0770891 0.0507919 0.872119
0.84017 0.0497936 0.110036
0.808458 0.039573 0.151969
0.864896 9.9991E-05 0.135004
0.88134 0.0490928 0.0695676
0.911854 0.0391966 0.0489494
0.773264 0.0644641 0.162272
0.828611 0.083327 0.0880622
0.752601 0.0863938 0.161005
0.788777 0.0858706 0.125352
0.00320815 0.209464 0.787328
0.0382931 0.283694 0.678013
0.0292676 0.353554 0.617178
9.9991E-05 0.323946 0.675954
0.0462442 0.339368 0.614387
0.0650719 0.283608 0.65132
0.0166464 0.245721 0.737633
0.0180637 0.209842 0.772094
9.9991E-05 0.328345 0.671555
0.0161908 0.133645 0.850164
0.0033954 0.263783 0.732822
0.037054 0.273757 0.689189
0.204722 0.0552635 0.740015
0.208939 0.00727978 0.783782
0.191867 0.137762 0.670372
0.236891 0.0932224 0.669886
0.186863 9.9991E-05 0.813037
0.214627 0.112711 0.672661
0.220508 0.0184706 0.761021
0.229381 0.086399 0.68422
0.202075 9.9991E-05 0.797825
0.185127 0.0442131 0.77066
0.19444 0.0402568 0.765304
9.999E-05 0.9998 9.999E-05
9.9991E-05 0.910364 0.0895355
0.0459394 0.922136 0.0319246
0.0490472 0.862906 0.0880463
0.0687341 0.839901 0.0913645
0.0841014 0.845877 0.0700211
0.0523317 0.878991 0.0686771
0.0183657 0.954836 0.0267987
9.9991E-05 0.937822 0.0620779
0.0321994 0.905619 0.0621818
0.054398 0.904202 0.0413995
0.0652506 0.874776 0.0599734
0.0234655 0.654291 0.322243
0.046513 0.667224 0.286263
0.00970934 0.682665 0.307625
0.0695389 0.687257 0.243204
0.0660679 0.681453 0.252479
0.0492256 0.657456 0.293319
0.00144833 0.660871 0.337681
0.0174594 0.654621 0.32792
0.0485701 0.695222 0.256208
0.0493335 0.679751 0.270916
0.00513378 0.680169 0.314698
0.0692442 0.687646 0.24311
9.999E-05 0.9998 9.999E-05
9.999E-05 0.9998 9.999E-05
9.999E-05 0.9998 9.999E-05
0.0196978 0.980202 9.9991E-05
0.0235768 0.976323 9.9991E-05
0.0577517 0.941444 0.000803957
0.0105907 0.989309 9.9991E-05
0.0277783 0.972122 9.9991E-05
9.999E-05 0.9998 9.999E-05
9.999E-05 0.9998 9.999E-05
9.999E-05 0.9998 9.999E-05
0.027468 0.972432 9.9991E-05
0.220464 0.0862878 0.693249
0.243581 0.0553813 0.701038
0.195029 0.0280259 0.776946
0.242671 0.10522 0.65211
0.184444 0.0580973 0.757459
0.223508 0.129176 0.647316
0.189717 0.0202663 0.790016
0.187929 0.0609899 0.751081
0.178205 0.0226774 0.799118
0.193924 0.0712143 0.734862
0.220848 0.0582173 0.720934
0.200243 0.00996672 0.78979
0.211766 0.0271256 0.761108
0.170008 0.0114004 0.818592
0.198679 0.0802538 0.721068
0.00867882 0.611278 0.380043
0.0541257 0.67635 0.269524
0.0408302 0.610994 0.348176
0.0174482 0.61053 0.372022
0.0226853 0.590478 0.386837
0.0554593 0.697788 0.246753
9.9991E-05 0.635278 0.364622
0.0282232 0.658752 0.313025
0.121135 0.170953 0.707912
0.0452062 0.0569745 0.897819
0.0194129 0.0271778 0.953409
0.0931725 0.22471 0.682117
0.0658401 0.161336 0.772824
0.0764659 0.088612 0.834922
0.0303125 0.0385816 0.931106
0.0453737 0.0905454 0.864081
0.0745114 0.119857 0.805631
0.101039 0.128612 0.770349
0.103028 0.1245 0.772472
0.076255 0.102254 0.821491
0.0515371 0.120092 0.828371
0.0939723 0.136418 0.769609
0.0540747 0.0872622 0.858663
0.0903814 0.0884362 0.821182
0.0554903 0.0652372 0.879273
0.100178 0.083462 0.81636
0.0781305 0.0885766 0.833293
0.109481 0.0820843 0.808435
0.116018 0.166009 0.717973
0.101647 0.156953 0.7414
0.0724087 0.100174 0.827418
