0.172181 0.0210124 0.623485 0.183321
0.140984 0.00785908 0.709419 0.141737
0.111032 0.0250613 0.739615 0.124292
9.999E-05 0.0603001 0.824645 0.114955
0.0222597 9.9991E-05 0.948973 0.0286671
0.00216264 0.0108544 0.961088 0.0258954
0.0845809 0.0941852 0.6509 0.170334
0.0696886 0.0720873 0.688591 0.169633
0.028147 0.0600243 0.683643 0.228185
0.9997 9.998E-05 9.998E-05 9.998E-05
0.821049 0.0203053 0.111657 0.0469891
0.721903 0.0600719 0.126568 0.0914565
0.788515 0.0619242 9.9991E-05 0.149461
0.830082 0.040949 0.0120126 0.116957
0.978216 9.9982E-05 9.9982E-05 0.0215841
0.863238 0.027291 9.9991E-05 0.109371
0.917686 9.9982E-05 9.9982E-05 0.0821138
0.902118 9.9982E-05 9.9982E-05 0.0976817
0.859821 0.0201821 9.9991E-05 0.119897
0.674573 0.0725644 0.202948 0.0499148
0.970637 9.9982E-05 9.9982E-05 0.0291632
0.705348 0.131409 0.0430974 0.120146
0.687762 0.0763839 0.138741 0.0971133
0.659798 0.0751629 0.230241 0.0347985
0.8264 0.0459346 0.0491708 0.0784941
0.593034 0.0900337 0.298307 0.0186255
0.690959 0.104727 0.131264 0.07305
0.73507 0.0875012 0.0423846 0.135045
0.703916 0.0714757 0.123644 0.100964
0.735868 0.0795639 0.0445079 0.14006
0.756129 0.0956137 0.045703 0.102554
0.0354569 0.036482 0.44455 0.483511
0.0996753 9.9991E-05 0.537626 0.362598
0.0633341 0.0222336 0.552244 0.362189
9.9982E-05 9.9982E-05 0.638663 0.361137
0.0514016 0.0403443 0.497036 0.411218
9.9991E-05 0.0289929 0.566575 0.404332
9.9991E-05 0.0311947 0.631067 0.337639
9.9991E-05 0.0181754 0.643827 0.337897
9.9982E-05 9.9982E-05 0.674049 0.325751
9.9982E-05 9.9982E-05 0.623463 0.376337
0.0566542 0.940723 9.9991E-05 0.00252267
9.9982E-05 0.978489 9.9982E-05 0.0213111
0.0179502 0.928436 9.9991E-05 0.0535134
0.0192447 0.926304 9.9991E-05 0.0543514
0.0425516 0.905348 9.9991E-05 0.0520004
0.00423323 0.923084 9.9991E-05 0.0725823
0.101044 0.804891 0.00850446 0.0855612
0.016698 0.977331 9.9991E-05 0.00587142
9.998E-05 0.9997 9.998E-05 9.998E-05
9.9982E-05 0.946379 9.9982E-05 0.0534206
9.998E-05 0.9997 9.998E-05 9.998E-05
9.998E-05 0.9997 9.998E-05 9.998E-05
0.685637 0.201699 0.0288737 0.083791
0.714811 0.1504 0.0873819 0.0474065
0.597905 0.166718 0.183065 0.0523117
0.730598 0.179268 0.0629834 0.02715
0.638303 0.19751 0.120176 0.0440108
0.629151 0.208645 0.103301 0.0589035
0.610304 0.218026 0.0743208 0.097349
0.662394 0.2086 0.0572513 0.0717548
0.112774 0.000329515 0.860996 0.025901
0.0153262 9.9982E-05 0.984474 9.9982E-05
0.106776 0.0422472 0.734697 0.116279
0.0498074 0.0243466 0.81069 0.115156
0.115762 0.0471445 0.836994 9.9991E-05
0.217127 0.0216639 0.608358 0.152851
0.185615 9.9991E-05 0.701874 0.112411
0.0792633 0.0480984 0.761795 0.110843
0.12723 0.0632169 0.686864 0.122689
0.140034 0.0255823 0.716587 0.117796
9.998E-05 9.998E-05 0.9997 9.998E-05
0.66313 0.107876 0.0893041 0.13969
0.717798 0.07828 0.0240735 0.179848
0.672348 0.0870114 0.0354168 0.205224
0.678652 0.0856625 0.0623421 0.173344
0.757576 0.0335878 0.198697 0.0101393
0.784375 0.0134449 0.180521 0.0216598
0.833201 0.00730081 0.152593 0.00690597
0.842652 9.9991E-05 0.0505404 0.106707
0.744454 0.0487992 0.191884 0.0148623
0.758973 0.0246806 0.163674 0.0526728
0.653724 0.0949106 0.139203 0.112163
0.771839 0.0592016 0.144925 0.0240339
0.101941 0.830369 0.0348862 0.0328043
0.130497 0.803769 9.9991E-05 0.0656347
0.0490239 0.855567 0.0953092 9.9991E-05
0.0388073 0.880462 0.0328418 0.0478889
0.043369 0.897541 0.00836964 0.0507206
0.173521 0.743107 9.9991E-05 0.083272
0.0959856 0.807221 9.9991E-05 0.0966932
0.132163 0.741242 0.0318422 0.0947533
0.124345 0.775473 9.9991E-05 0.100081
0.447701 9.9982E-05 0.552099 9.9982E-05
0.276842 0.025577 0.697481 9.9991E-05
0.228341 0.0140019 0.757557 9.9991E-05
0.337046 9.9991E-05 0.659068 0.00378537
0.334403 0.0510191 0.527037 0.0875406
0.439048 0.049409 0.405205 0.106338
0.466243 0.00848366 0.502393 0.0228803
0.453704 0.00392302 0.542273 9.9991E-05
0.28839 9.9982E-05 0.71141 9.9982E-05
0.513129 9.9982E-05 0.486671 9.9982E-05
0.392569 9.9982E-05 0.607231 9.9982E-05
0.31828 0.0233151 0.658305 9.9991E-05
0.661527 0.199572 0.0919186 0.046982
0.744489 0.184085 0.058876 0.0125501
0.572418 0.179642 0.187271 0.0606692
0.573486 0.22526 0.147588 0.0536661
0.62188 0.17275 0.20527 9.9991E-05
0.57318 0.205301 0.112247 0.109271
0.727271 0.210158 9.9991E-05 0.0624716
0.607307 0.21079 0.13067 0.051233
0.692689 0.190151 0.117061 9.9991E-05
0.723309 0.175102 0.0536801 0.0479083
0.68007 0.173334 0.122028 0.0245679
9.9982E-05 9.9982E-05 0.245118 0.754682
0.00864267 9.9991E-05 0.232891 0.758367
9.9991E-05 0.043617 0.168366 0.787917
0.0495759 0.0511637 0.174062 0.725199
0.0579705 0.0610836 0.137562 0.743384
0.0617923 0.0705935 0.0935014 0.774113
0.0859325 0.0472018 0.0748331 0.792033
0.00870254 0.00798937 0.107759 0.875549
9.9982E-05 9.9982E-05 0.267869 0.731931
0.0233713 0.0305364 0.154288 0.791804
9.9991E-05 0.0517443 0.207985 0.740171
0.106383 0.0437258 9.9991E-05 0.849791
0.12163 0.0188922 0.473136 0.386342
0.0346983 0.0351773 0.621897 0.308227
0.0140835 0.011782 0.6644 0.309734
9.9991E-05 0.0593116 0.606041 0.334547
0.0455293 0.0543039 0.52917 0.370997
0.0873361 0.0341655 0.50948 0.369019
0.043862 9.9991E-05 0.681223 0.274815
0.0437291 0.0119333 0.657502 0.286836
0.000133529 0.0392069 0.633933 0.326727
0.0115265 0.0478515 0.61651 0.324112
0.038409 0.00626493 0.653415 0.301911
0.0250105 0.0482001 0.53195 0.394839
0.00433826 9.9982E-05 9.9982E-05 0.995462
9.998E-05 9.998E-05 9.998E-05 0.9997
9.998E-05 9.998E-05 9.998E-05 0.9997
9.9982E-05 0.0161933 9.9982E-05 0.983607
0.00798606 0.0185778 9.9991E-05 0.973336
0.0368121 0.0411919 9.9991E-05 0.921896
0.0265383 0.00608091 0.00936142 0.958019
9.9982E-05 0.0266113 9.9982E-05 0.973189
9.998E-05 9.998E-05 9.998E-05 0.9997
0.00383935 9.9982E-05 9.9982E-05 0.995961
9.998E-05 9.998E-05 9.998E-05 0.9997
0.0162643 0.0163988 9.9991E-05 0.967237
0.568229 0.214909 0.200654 0.0162082
0.572272 0.235596 0.191744 0.000387085
0.652798 0.175635 0.171467 9.9991E-05
0.576093 0.227487 0.130256 0.0661644
0.619168 0.172855 0.207877 9.9991E-05
0.592608 0.207529 0.0939142 0.105949
0.770517 0.160167 9.9991E-05 0.0692157
0.716512 0.161883 0.061418 0.0601871
0.627007 0.156485 0.216408 9.9991E-05
0.698782 0.188904 0.0379413 0.0743728
0.644587 0.206926 0.111154 0.0373332
0.682765 0.187888 0.129247 9.9991E-05
0.671085 0.181179 0.147636 9.9991E-05
0.641195 0.152009 0.206696 9.9991E-05
0.681794 0.187032 0.0494935 0.0816811
0.0530061 0.00674285 0.736406 0.203845
0.101518 0.0447096 0.403221 0.450552
0.0188072 0.0365706 0.740106 0.204516
0.0590349 0.0111236 0.710311 0.21953
0.158833 0.0103096 0.500061 0.330796
9.9991E-05 0.0488583 0.565071 0.38597
0.0659543 9.9991E-05 0.674788 0.259158
9.9991E-05 0.0199887 0.741041 0.23887
0.62149 0.0994834 0.165715 0.113311
0.771318 0.0306326 0.19795 9.9991E-05
0.802407 0.00545161 0.192041 9.9991E-05
0.548196 0.0786731 0.278615 0.0945163
0.692231 0.0393558 0.156514 0.111899
0.734015 0.0553321 0.166172 0.044481
0.765808 0.00545242 0.22864 9.9991E-05
0.739861 0.0281107 0.201638 0.0303901
0.681264 0.0619715 0.202102 0.0546624
0.666173 0.0836871 0.185166 0.0649737
0.665207 0.0768128 0.195948 0.0620324
0.761707 0.0520509 0.0970572 0.0891845
0.726776 0.0322108 0.184088 0.0569251
0.721539 0.0738024 0.0535645 0.151095
0.810864 0.0326902 0.0374055 0.119041
0.722252 0.0621405 0.153257 0.0623499
0.820842 0.0364021 0.0693272 0.0734287
0.728395 0.0898994 0.117118 0.0645876
0.722816 0.0660303 0.16098 0.0501729
0.736251 0.0984605 0.0977574 0.0675309
0.689422 0.102681 0.0335984 0.174298
0.660385 0.096324 0.134721 0.10857
0.762573 0.0501808 0.103924 0.0833215
