0.170164 0.731271 9.9982E-05 0.0890269 9.9982E-05 0.009338
0.0388094 0.732507 9.9982E-05 0.114568 9.9982E-05 0.113915
0.10743 0.735989 9.9982E-05 0.0601733 9.9982E-05 0.0962077
9.9982E-05 0.700344 9.9982E-05 0.00742229 0.0670883 0.224946
9.9964E-05 0.658946 9.9964E-05 9.9964E-05 9.9964E-05 0.340654
0.0192757 0.723631 9.9973E-05 9.9973E-05 9.9973E-05 0.256793
0.0234718 0.6963 0.0127208 0.0777775 0.0820449 0.107685
0.00833845 0.757892 0.00844826 0.0573916 0.0644086 0.103521
0.0790305 0.773765 0.0319774 9.9991E-05 0.0454872 0.0696398
9.996E-05 9.996E-05 9.996E-05 0.9995 9.996E-05 9.996E-05
0.295976 0.0595111 9.9982E-05 0.461994 9.9982E-05 0.18232
0.268106 0.129962 0.00773701 0.405144 0.0332244 0.155826
0.0265323 0.0693021 0.0385392 0.799478 0.0660486 9.9991E-05
9.9973E-05 0.0869513 9.9973E-05 0.865453 0.0472953 9.9973E-05
9.996E-05 9.996E-05 9.996E-05 0.9995 9.996E-05 9.996E-05
0.243931 0.073527 0.0121653 0.668304 0.00197231 9.9991E-05
9.996E-05 9.996E-05 9.996E-05 0.9995 9.996E-05 9.996E-05
0.0700667 0.0124448 0.0312196 0.878346 0.00782279 9.9991E-05
9.9982E-05 0.028868 0.0220761 0.918428 0.0304279 9.9982E-05
0.271541 0.158589 9.9991E-05 0.363793 0.0332497 0.172728
9.996E-05 9.996E-05 9.996E-05 0.9995 9.996E-05 9.996E-05
0.442831 0.0808159 0.0535905 0.288151 0.0571248 0.0774866
0.354671 0.106763 0.0373673 0.304342 0.0278717 0.168985
0.259098 0.00905886 0.0394542 0.260368 0.0478555 0.384166
0.359189 9.9982E-05 0.027803 0.338862 9.9982E-05 0.273946
0.275316 0.0503137 0.0177302 0.20418 0.0621656 0.390295
0.345303 9.9991E-05 0.0446109 0.266198 0.0478757 0.295912
0.419751 0.0914133 0.0481092 0.329244 0.0404384 0.0710444
0.34433 0.0221715 0.0557888 0.308916 0.0202452 0.248549
0.365607 0.0748041 0.0636244 0.345085 0.0324354 0.118443
0.367015 0.0807777 0.0282807 0.375595 0.0363685 0.111964
0.0646578 0.626737 0.267857 0.0267871 0.0138608 9.9991E-05
0.076479 0.755124 0.102748 0.0654494 9.9982E-05 9.9982E-05
0.0703811 0.683524 0.181693 0.0375009 0.0149454 0.0119552
9.9982E-05 0.760538 0.180916 9.9982E-05 0.00508153 0.0532642
0.0462746 0.648408 0.219363 0.0581887 0.0276661 9.9991E-05
0.0404947 0.685563 0.232468 9.9991E-05 0.016411 0.024963
0.0141842 0.806977 0.11744 9.9991E-05 0.0355639 0.0257352
9.9982E-05 0.792109 0.130673 9.9982E-05 0.0250703 0.0519478
9.9973E-05 0.587275 0.203343 9.9973E-05 9.9973E-05 0.209081
0.0346993 0.801865 0.159207 9.9991E-05 0.00192231 0.00220696
9.9973E-05 9.9973E-05 9.9973E-05 0.030468 0.922947 0.0462853
0.0265247 9.9982E-05 0.00898509 9.9982E-05 0.955786 0.00850419
9.9982E-05 9.9982E-05 0.0274749 0.0187667 0.925709 0.0278491
0.0131994 0.00263954 0.0216646 0.0613833 0.901013 9.9991E-05
0.0035643 0.0120439 0.036968 0.0495098 0.897638 0.000275685
9.9982E-05 0.0363394 0.0120956 0.048507 0.902858 9.9982E-05
0.0706611 0.0517343 0.0289212 0.0524953 0.77902 0.0171684
0.0224321 9.9973E-05 9.9973E-05 0.0254872 0.951781 9.9973E-05
9.9964E-05 9.9964E-05 9.9964E-05 9.9964E-05 0.996947 0.00265308
0.0375823 0.0271939 0.0126209 9.9982E-05 0.922403 9.9982E-05
9.996E-05 9.996E-05 9.996E-05 9.996E-05 0.9995 9.996E-05
9.996E-05 9.996E-05 9.996E-05 9.996E-05 0.9995 9.996E-05
0.967427 9.9964E-05 0.0321736 9.9964E-05 9.9964E-05 9.9964E-05
0.762799 9.9982E-05 0.041277 0.0611737 9.9982E-05 0.13455
0.581804 0.0773314 0.0290182 0.105303 0.0481315 0.158412
0.844956 9.9991E-05 0.0177955 0.0688534 0.0169261 0.0513689
0.663592 0.029778 0.0284011 0.0521094 0.0716972 0.154422
0.680118 9.9991E-05 0.0323895 0.0395306 0.0809105 0.166952
0.867576 0.0420536 0.0561767 9.9982E-05 0.0339933 9.9982E-05
0.856693 0.037107 0.0376398 0.0282639 0.0401968 9.9991E-05
0.01349 0.47417 0.00168416 9.9982E-05 9.9982E-05 0.510456
9.9964E-05 0.482428 9.9964E-05 9.9964E-05 9.9964E-05 0.517172
9.9991E-05 0.533264 0.0277137 0.0609652 0.0377209 0.340236
9.9982E-05 0.547506 0.0352098 9.9982E-05 0.0111123 0.405972
9.9973E-05 0.396725 9.9973E-05 9.9973E-05 0.0330413 0.569934
0.0704837 0.505806 0.0454738 0.0947196 0.0149088 0.268608
0.0445162 0.550932 0.0192504 0.0545257 9.9991E-05 0.330675
9.9982E-05 0.507409 0.0324636 9.9982E-05 0.0353476 0.42458
0.0724148 0.599474 0.00324046 0.0238151 0.0538022 0.247253
0.022879 0.564307 0.0143348 0.0348953 0.025444 0.338139
9.9964E-05 0.326899 9.9964E-05 9.9964E-05 9.9964E-05 0.672701
0.283645 0.153816 0.0387012 0.429171 0.0566313 0.0380349
0.294023 0.207657 0.0141501 0.460406 0.023664 9.9991E-05
0.270757 0.16692 0.0882403 0.441397 0.0325853 9.9991E-05
0.300312 0.195191 0.0289698 0.435615 0.0398126 9.9991E-05
0.189162 9.9982E-05 9.9982E-05 0.387949 0.0222015 0.400488
0.265482 0.0537258 9.9982E-05 0.426023 9.9982E-05 0.254569
0.31222 0.0312461 9.9982E-05 0.423073 9.9982E-05 0.233262
0.303637 0.0164043 0.0497485 0.497327 9.9991E-05 0.132783
0.366128 0.0752856 9.9991E-05 0.338939 0.0026641 0.216883
0.239963 9.9982E-05 0.0512359 0.392592 9.9982E-05 0.31601
0.28569 0.157895 0.0198145 0.371302 0.0587696 0.106529
0.254246 9.9991E-05 0.00681543 0.405844 0.0290918 0.303903
0.153848 0.0339039 9.9991E-05 0.00567554 0.792538 0.0139349
0.117833 0.021645 0.0143984 0.0855427 0.760481 9.9991E-05
0.0254712 9.9973E-05 9.9973E-05 9.9973E-05 0.811023 0.163206
0.0547086 0.0560815 0.0129613 0.0357853 0.840363 9.9991E-05
0.0931959 0.0573138 9.9973E-05 9.9973E-05 0.84919 9.9973E-05
0.10382 0.0780799 9.9982E-05 0.09856 0.71934 9.9982E-05
0.0887165 0.0728099 0.0180026 0.0550706 0.765301 9.9991E-05
0.175041 0.115753 9.9982E-05 0.0217848 0.687221 9.9982E-05
0.0568126 0.0528741 0.0431875 0.0965697 0.750456 9.9991E-05
9.996E-05 9.996E-05 9.996E-05 9.996E-05 9.996E-05 0.9995
0.00433514 0.118135 9.9982E-05 9.9982E-05 0.0271861 0.850144
9.9982E-05 0.271515 9.9982E-05 0.0272547 0.00971753 0.691313
0.0379656 0.260093 0.00284434 0.0880526 9.9991E-05 0.610945
0.0472898 0.346579 0.01954 0.131464 0.0462011 0.408926
0.13935 0.258579 0.0380632 0.164225 0.0413566 0.358427
9.9991E-05 0.0125317 0.064317 0.135113 0.0213524 0.766586
9.99639E-05 9.99639E-05 9.99639E-05 0.0318065 9.99639E-05 0.967794
0.0408171 0.250894 9.9973E-05 9.9973E-05 9.9973E-05 0.707989
9.9973E-05 9.9973E-05 9.9973E-05 0.0771732 0.00662163 0.915905
0.129834 0.141315 0.0148007 0.0129379 9.9991E-05 0.701013
9.9991E-05 0.0610692 0.0246935 0.00793743 0.0211949 0.885005
0.847233 0.0743158 0.00882607 0.0185325 0.0277079 0.0233849
0.934011 0.000723994 9.9991E-05 0.0330677 0.000413866 0.0316836
0.673931 0.172651 0.019909 0.0735597 0.0412413 0.0187086
0.796425 0.139986 9.9973E-05 9.9973E-05 0.0632885 9.9973E-05
0.667731 9.9973E-05 9.9973E-05 9.9973E-05 0.0197156 0.312253
0.688401 0.131927 0.0271079 0.0813405 0.0703345 0.000889229
0.828952 0.0237287 0.0109788 0.100314 0.0359266 9.9991E-05
0.78929 0.122015 9.9982E-05 0.0251555 0.0633399 9.9982E-05
0.891106 0.00979248 9.9991E-05 0.012926 0.00927191 0.0768031
0.920374 0.0308532 0.0225819 0.0259912 9.9982E-05 9.9982E-05
0.797963 9.9991E-05 0.0153047 0.0555283 0.0127342 0.11837
9.9973E-05 0.0569408 0.769023 9.9973E-05 9.9973E-05 0.173736
9.9973E-05 0.155902 0.689992 9.9973E-05 9.9973E-05 0.153806
0.0192595 0.242138 0.681723 9.9991E-05 0.0375734 0.0192056
9.9991E-05 0.266173 0.613311 0.0584016 0.0404384 0.0215759
0.0414592 0.251897 0.615113 0.0406852 0.0507452 9.9991E-05
9.9982E-05 0.281364 0.589976 0.0669053 0.0615549 9.9982E-05
0.0339643 0.256757 0.626975 0.0522354 0.0299681 9.9991E-05
0.0580664 0.190944 0.750335 0.000454893 9.9982E-05 9.9982E-05
9.9973E-05 0.167463 0.673623 9.9973E-05 9.9973E-05 0.158614
9.9991E-05 0.26281 0.658901 0.0536645 0.0209539 0.00357047
9.9991E-05 0.30931 0.610091 0.0329981 0.0414462 0.00605439
0.0511059 0.164662 0.687742 0.0676437 0.0287463 9.9991E-05
0.0639668 0.672004 0.156604 0.0959088 0.0114158 9.9991E-05
0.0144139 0.792525 0.0985741 0.0669206 0.0269247 0.000642173
9.9991E-05 0.704838 0.11951 0.00644003 0.00529903 0.163813
9.9991E-05 0.692169 0.153664 0.0156975 0.060922 0.0774474
0.00659461 0.74667 0.128906 0.0701993 0.0475307 9.9991E-05
0.0182507 0.696506 0.150874 0.111123 0.0231461 9.9991E-05
9.9982E-05 0.737274 0.0985257 0.0431256 9.9982E-05 0.120874
0.0196222 0.718364 0.111436 0.0451159 0.00545428 0.100008
0.0380443 0.773805 0.117562 0.00441639 0.029007 0.0371647
0.0486885 0.725141 0.13789 9.9991E-05 0.0308291 0.057351
9.9982E-05 0.643416 0.156455 9.9982E-05 0.00452296 0.195406
0.0367043 0.736949 0.152114 0.0373786 0.0367538 9.9991E-05
0.00942332 9.9982E-05 0.957992 0.00174893 9.9982E-05 0.0306361
9.9964E-05 9.9964E-05 0.971912 9.9964E-05 9.9964E-05 0.0276884
9.9964E-05 9.9964E-05 0.968978 9.9964E-05 9.9964E-05 0.0306223
9.9973E-05 0.0311661 0.935832 9.9973E-05 0.0327016 9.9973E-05
0.00823846 0.0128515 0.916762 0.0466558 0.0153924 9.9991E-05
0.0110678 0.0441013 0.840309 0.0637585 0.0406634 9.9991E-05
9.9982E-05 0.0732603 0.870569 0.0503458 0.00562535 9.9982E-05
0.0320095 0.0528309 0.886878 0.0029575 0.0252236 9.9991E-05
9.9964E-05 9.9964E-05 0.925162 9.9964E-05 9.9964E-05 0.0744378
9.9964E-05 9.9964E-05 0.941934 9.9964E-05 9.9964E-05 0.0576666
0.028942 9.9964E-05 0.970658 9.9964E-05 9.9964E-05 9.9964E-05
9.9973E-05 9.9973E-05 0.913601 0.0587596 0.0273395 9.9973E-05
0.607101 0.0281605 0.0295364 0.0390313 0.0922768 0.203895
0.621514 0.0268454 0.00238037 0.0372982 0.0999454 0.212016
0.736166 9.9973E-05 9.9973E-05 9.9973E-05 0.0276744 0.23586
0.66483 0.0544 0.0276605 0.0514236 0.100574 0.101112
0.571796 0.0307805 9.9991E-05 0.0835214 0.0704088 0.243394
0.680987 0.114117 0.0347941 0.0940821 0.0759197 9.9991E-05
0.86904 9.9991E-05 0.0350941 0.0846826 0.00121059 0.00987292
0.804585 0.0416635 0.0174034 0.0751635 0.0146603 0.0465244
0.687819 9.9973E-05 9.9973E-05 9.9973E-05 0.0174869 0.294394
0.825557 0.0321922 0.0393913 0.0811725 0.0215874 9.9991E-05
0.826158 9.9982E-05 0.0205658 9.9982E-05 0.0371506 0.115926
0.827199 9.9973E-05 9.9973E-05 9.9973E-05 0.0157031 0.156798
0.779385 0.00776159 9.9982E-05 9.9982E-05 0.028177 0.184477
0.648353 9.9964E-05 9.9964E-05 9.9964E-05 9.9964E-05 0.351247
0.717011 0.12487 9.9982E-05 0.130315 0.0276038 9.9982E-05
0.105913 0.865266 9.9973E-05 9.9973E-05 9.9973E-05 0.0285212
0.101495 0.543587 0.257686 0.0836518 0.0134809 9.9991E-05
0.0594045 0.858442 0.0170941 9.9991E-05 0.0189602 0.0459988
0.0641154 0.732553 0.0529587 0.0171587 0.010085 0.123129
0.122297 0.695179 0.0941368 0.0881871 9.9982E-05 9.9982E-05
0.0461992 0.643589 0.206531 9.9991E-05 0.0341033 0.0694771
0.0718432 0.625546 0.120941 0.00173785 9.9991E-05 0.179832
9.9991E-05 0.727659 0.0798588 0.00530862 0.024785 0.162289
0.249896 0.141071 0.035289 0.334617 0.0796378 0.159489
0.286026 9.9982E-05 0.000516437 0.348561 9.9982E-05 0.364697
0.0478559 9.9973E-05 9.9973E-05 0.259893 9.9973E-05 0.691951
0.333767 0.234969 0.0210284 0.211552 0.0244891 0.174195
0.379901 0.0995814 0.0509056 0.257397 9.9991E-05 0.212114
0.401162 0.154467 9.9982E-05 0.347252 9.9982E-05 0.0969191
0.09884 9.9982E-05 9.9982E-05 0.247871 0.00178315 0.651306
0.10604 9.9982E-05 9.9982E-05 0.330421 0.0283286 0.53501
0.298054 0.140228 9.9991E-05 0.32473 0.0225521 0.214335
0.300781 0.165119 0.00395958 0.312067 0.0416526 0.176421
0.267286 0.0920059 0.0233015 0.309821 0.0431257 0.264459
0.374202 0.109197 0.0245279 0.38218 0.0130833 0.0968097
0.299614 0.0419054 0.0416713 0.347468 0.00258852 0.266753
0.328922 0.208985 0.00870442 0.425129 0.0281598 9.9991E-05
0.379651 0.135286 0.0145361 0.437319 9.9991E-05 0.0331075
0.300079 0.132729 9.9991E-05 0.417353 0.0380685 0.111671
0.392323 0.0680374 0.0103005 0.414486 9.9991E-05 0.114754
0.381958 0.118958 9.9991E-05 0.374333 0.0303179 0.0943341
0.246027 0.0801437 0.0130793 0.376555 0.0425892 0.241606
0.334672 0.0953318 0.00144713 0.381894 0.0502745 0.13638
0.326617 0.184313 0.0361407 0.413855 0.0389739 9.9991E-05
0.27974 0.17433 0.0239937 0.342727 0.0499676 0.129241
0.298135 0.144151 9.9991E-05 0.454944 0.0320582 0.0706126
