0.0233821 0.147896 0.0798316 0.65677 0.0921205
0.00200841 0.120991 0.128406 0.696686 0.0519084
0.0230774 0.0946886 0.0635116 0.723751 0.0949719
0.0814401 0.082416 0.0323651 0.803679 9.9991E-05
9.999E-05 0.00783514 0.0541636 0.93703 0.000871036
0.0203733 0.0180756 9.9991E-05 0.925565 0.0358862
0.107987 0.138757 0.113452 0.637454 0.00234926
0.0818603 0.146895 0.0797983 0.691346 9.9991E-05
0.0757936 0.174843 0.0217824 0.717275 0.0103059
9.997E-05 9.997E-05 0.9996 9.997E-05 9.997E-05
9.999E-05 0.00402894 0.517981 0.153978 0.323912
0.0450778 0.0710848 0.480884 0.114894 0.288059
0.0821824 0.092114 0.825504 9.9982E-05 9.9982E-05
0.0554284 0.0300439 0.886954 0.0274738 9.9991E-05
9.997E-05 9.997E-05 0.9996 9.997E-05 9.997E-05
0.0284788 0.0700581 0.707757 9.9991E-05 0.193606
9.997E-05 9.997E-05 0.9996 9.997E-05 9.997E-05
0.0159782 0.0489916 0.888606 9.9991E-05 0.0463241
0.0371047 0.0357749 0.926921 9.9982E-05 9.9982E-05
0.0441887 0.0246343 0.455359 0.200758 0.27506
9.997E-05 9.997E-05 0.9996 9.997E-05 9.997E-05
0.0677062 0.101141 0.338692 0.0320224 0.460439
0.0484534 0.0625769 0.365849 0.152313 0.370808
0.0418117 0.0311994 0.316827 0.194108 0.416054
9.9991E-05 0.0474804 0.421814 0.0546575 0.475948
0.0524188 0.00280942 0.261009 0.256508 0.427255
0.0447922 0.0581135 0.340931 0.0922431 0.46392
0.0480536 0.11754 0.382355 0.0199944 0.432057
0.0270434 0.0710642 0.337337 0.133717 0.430839
0.0396106 0.102478 0.41135 0.040343 0.406219
0.0502609 0.0822544 0.424589 0.043323 0.399573
0.0384504 0.459441 0.049221 0.443076 0.00981152
0.00106158 0.317844 0.103252 0.552722 0.0251199
0.0405394 0.339857 0.0675143 0.551989 9.9991E-05
0.00589339 0.345886 9.9982E-05 0.648021 9.9982E-05
0.0446961 0.362853 0.0525349 0.539816 9.9991E-05
0.0402533 0.394438 9.9982E-05 0.565109 9.9982E-05
0.0460792 0.29167 9.9982E-05 0.662051 9.9982E-05
0.0250913 0.302191 9.9982E-05 0.672517 9.9982E-05
9.9973E-05 0.297925 9.9973E-05 0.701775 9.9973E-05
0.00341726 0.359388 9.9982E-05 0.636995 9.9982E-05
0.942456 9.9982E-05 0.0543282 9.9982E-05 0.0030159
0.964416 0.00326754 9.9982E-05 9.9982E-05 0.0321167
0.929 0.0320551 0.0387453 9.9982E-05 9.9982E-05
0.917357 0.0335281 0.0489147 9.9982E-05 9.9982E-05
0.901315 0.0392517 0.0592337 9.9982E-05 9.9982E-05
0.915212 0.042941 0.0416474 9.9982E-05 9.9982E-05
0.794768 0.0628129 0.0688136 0.00199397 0.0716119
0.970175 9.9982E-05 0.0174718 9.9982E-05 0.0121529
0.9996 9.997E-05 9.997E-05 9.997E-05 9.997E-05
0.946966 0.0527343 9.9973E-05 9.9973E-05 9.9973E-05
0.9996 9.997E-05 9.997E-05 9.997E-05 9.997E-05
0.9996 9.997E-05 9.997E-05 9.997E-05 9.997E-05
0.0274795 0.0757956 9.9982E-05 9.9982E-05 0.896525
0.0218172 0.0659059 0.0919669 0.0177765 0.802533
0.0635819 0.0601453 0.135275 0.113108 0.62789
0.0527023 0.0417284 0.0714669 9.9991E-05 0.834002
0.0912423 0.0638519 0.0759945 0.0549623 0.713949
0.0929033 0.075981 0.0625723 0.01435 0.754193
0.0641401 0.112028 9.9982E-05 9.9982E-05 0.823632
0.0717934 0.0846107 0.0411077 9.9991E-05 0.802388
9.9991E-05 0.0229828 0.0452496 0.79656 0.135108
9.9973E-05 9.9973E-05 9.9973E-05 0.952991 0.0467093
0.0557354 0.092418 0.115201 0.73095 0.00569571
0.0310793 0.0817094 0.0578601 0.815553 0.0137982
0.0427427 9.9991E-05 0.0204297 0.773601 0.163126
0.0265646 0.121922 0.13087 0.612877 0.107766
0.00582576 0.102602 0.110077 0.670456 0.111039
0.0486589 0.0791756 0.0510893 0.775152 0.0459238
0.0664073 0.0767203 0.0621614 0.692488 0.102223
0.0323041 0.0877796 0.100535 0.713955 0.0654261
9.9973E-05 9.9973E-05 9.9973E-05 0.981623 0.0180775
0.0821228 0.103995 0.46871 0.0925795 0.252592
0.0607324 0.140219 0.500374 0.0372074 0.261468
0.0593921 0.169589 0.505296 0.061689 0.204034
0.0644093 0.129782 0.475934 0.0806661 0.249208
0.0157608 9.9991E-05 0.48762 0.181131 0.315389
9.9982E-05 9.9982E-05 0.496653 0.188292 0.314856
9.9982E-05 9.9982E-05 0.503099 0.122992 0.373709
9.9991E-05 0.0755845 0.550563 0.0377729 0.33598
0.0134085 9.9991E-05 0.383271 0.182901 0.420319
9.9991E-05 0.0373475 0.456861 0.149362 0.356329
0.0724769 0.0940038 0.420995 0.125648 0.286877
0.0320885 0.0129918 0.47232 0.125414 0.357185
0.813226 0.0292121 0.0253035 0.00402997 0.128228
0.776276 0.0427283 0.0908941 9.9991E-05 0.0900012
0.823337 9.9982E-05 9.9982E-05 0.0292898 0.147173
0.868464 0.0355907 0.0383461 0.0210925 0.0365065
0.881718 0.0277773 9.9991E-05 0.0117963 0.0786088
0.73987 0.0663549 0.114029 9.9991E-05 0.079646
0.783355 0.0816104 0.0633013 9.9991E-05 0.0716333
0.71743 0.0585813 0.033783 0.0362615 0.153944
0.766816 0.0593865 0.101926 0.0118949 0.0599765
9.9982E-05 9.9982E-05 0.17489 0.476797 0.348113
9.9982E-05 9.9982E-05 0.0725761 0.623086 0.304138
0.0201608 9.9991E-05 0.147172 0.699294 0.133273
9.9982E-05 9.9982E-05 0.16608 0.621763 0.211957
0.0329853 0.062582 0.211975 0.555172 0.137286
0.0265871 0.0745252 0.2538 0.397072 0.248016
0.010646 0.0109311 0.281916 0.476752 0.219756
9.9982E-05 9.9982E-05 0.199479 0.472938 0.327383
9.9982E-05 9.9982E-05 0.0856366 0.67052 0.243643
9.9982E-05 9.9982E-05 0.242848 0.444409 0.312542
9.9982E-05 9.9982E-05 0.0869372 0.557616 0.355247
0.00288555 9.9991E-05 0.129968 0.620543 0.246503
0.0608232 0.0709555 0.0169892 0.0109245 0.840308
0.0342854 0.034227 0.0257024 9.9991E-05 0.905685
0.08016 0.0709051 0.0930382 0.129369 0.626527
0.104333 0.0721303 9.9991E-05 0.0624389 0.760998
0.0312712 9.9982E-05 9.9982E-05 0.114132 0.854397
0.112055 0.0995867 0.079252 0.0478705 0.661236
0.0804162 0.0485475 0.0960547 9.9991E-05 0.774882
0.0892756 0.0701953 0.0394005 0.0389799 0.762149
0.0470866 0.00958281 0.0203731 0.0279531 0.895004
0.0255562 0.0592865 0.0159958 9.9991E-05 0.899062
0.0430735 0.0567975 0.0568923 9.9991E-05 0.843137
9.9973E-05 0.750493 9.9973E-05 0.249207 9.9973E-05
9.9982E-05 0.752253 9.9982E-05 0.20814 0.0394062
0.0401606 0.78008 0.00127288 0.172371 0.00611558
0.054166 0.71232 0.0508118 0.182602 9.9991E-05
0.0667774 0.745913 0.0665747 0.118687 0.00204753
0.0771696 0.767871 0.0879968 0.0668626 9.9991E-05
0.0424246 0.774033 0.0707912 0.100533 0.0122179
9.9982E-05 0.858897 9.9982E-05 0.111885 0.029018
9.9982E-05 0.718446 9.9982E-05 0.277359 0.00399516
0.024133 0.752977 0.0515414 0.171249 9.9991E-05
0.0531473 0.696974 0.0225892 0.227189 9.9991E-05
0.0543924 0.831133 0.106569 9.9991E-05 0.00780635
0.0237907 0.346157 0.106743 0.498269 0.0250403
0.0424736 0.267459 0.0599404 0.630027 9.9991E-05
0.0092654 0.25798 0.045874 0.686781 9.9991E-05
0.0635992 0.298551 0.0288921 0.608857 9.9991E-05
0.0593115 0.32673 0.0723648 0.541493 9.9991E-05
0.0449186 0.322385 0.113606 0.518991 9.9991E-05
0.00346149 0.256973 0.0597388 0.676993 0.00283342
0.0236838 0.252673 0.0540744 0.669469 9.9991E-05
0.0517152 0.2938 0.0100815 0.644303 9.9991E-05
0.0453961 0.299529 0.0164683 0.625946 0.0126603
0.00850632 0.285262 0.0165471 0.654158 0.0355264
0.0617622 0.353174 0.0359294 0.549034 9.9991E-05
9.9982E-05 0.985842 0.00583421 9.9982E-05 0.00812365
9.997E-05 0.9996 9.997E-05 9.997E-05 9.997E-05
9.997E-05 0.9996 9.997E-05 9.997E-05 9.997E-05
0.0227541 0.976946 9.9973E-05 9.9973E-05 9.9973E-05
0.00558627 0.962435 0.0317788 9.9982E-05 9.9982E-05
0.0427883 0.888546 0.0684656 9.9982E-05 9.9982E-05
0.00200971 0.960647 0.0371433 9.9982E-05 9.9982E-05
0.0241812 0.95916 0.00567666 9.9991E-05 0.0108826
9.9973E-05 0.996286 9.9973E-05 9.9973E-05 0.00341372
9.9973E-05 0.984282 9.9973E-05 9.9973E-05 0.0154185
9.9973E-05 0.99912 9.9973E-05 9.9973E-05 0.000579662
0.00985403 0.943137 0.0468085 9.9982E-05 9.9982E-05
0.113412 0.0369113 0.0617737 0.131139 0.656764
0.114081 0.0163748 0.0347537 0.123418 0.711373
0.0510962 0.0131733 0.0270006 0.0751014 0.833629
0.126681 0.0624279 0.0591903 0.0857642 0.665937
0.0792953 9.9991E-05 0.108486 0.146835 0.665284
0.112945 0.114364 0.0843735 0.0255294 0.662788
0.0248937 0.0518665 0.0730289 9.9991E-05 0.850111
0.0394054 0.0693087 0.0811741 9.9991E-05 0.810012
0.021634 9.9991E-05 0.0107978 0.111138 0.85633
0.0534127 0.0748508 0.0640024 9.9991E-05 0.807634
0.0620392 0.0580222 9.9991E-05 0.0205289 0.85931
0.0424563 0.0186214 9.9991E-05 0.020855 0.917967
0.0571463 0.00374227 0.017703 0.0771653 0.844243
0.00856698 9.9982E-05 9.9982E-05 0.109265 0.881969
0.0793485 0.0895614 0.140744 9.9991E-05 0.690246
0.0129701 0.169946 0.0249393 0.739645 0.0524994
0.0471272 0.44459 0.0955521 0.378525 0.0342053
0.046361 0.183563 0.0137529 0.729511 0.0268125
0.024818 0.189401 0.0373846 0.709632 0.0387647
0.0147438 0.293149 0.112953 0.516743 0.062411
0.0560756 0.354908 0.00603986 0.558458 0.024518
9.9991E-05 0.241438 0.0146854 0.656327 0.0874506
0.0337933 0.218919 0.0294001 0.717788 9.9991E-05
0.0788236 0.0790287 0.405218 0.169756 0.267174
9.9982E-05 9.9982E-05 0.426606 0.175943 0.397251
9.9982E-05 9.9982E-05 0.454026 0.178503 0.367271
0.0365737 0.0694114 0.260735 0.273081 0.360199
0.0039654 0.0756946 0.333483 0.171015 0.415842
0.0301658 0.00694882 0.393678 0.174457 0.39475
9.9982E-05 9.9982E-05 0.415152 0.201487 0.383161
0.0117252 9.9991E-05 0.461328 0.203248 0.323599
0.0278502 0.0192876 0.404903 0.219767 0.328192
0.0609357 0.0502811 0.38435 0.176701 0.327732
0.0471992 0.0560953 0.3746 0.176768 0.345338
0.0247556 0.0523072 0.447078 0.113406 0.362452
0.00654397 0.0392255 0.42123 0.17407 0.358931
0.0619035 0.104275 0.48038 0.0853703 0.268071
9.9991E-05 0.0981422 0.479976 0.0560013 0.365781
0.0595292 0.0229543 0.506933 0.157656 0.252927
9.9991E-05 0.0490473 0.474998 0.0692866 0.406569
0.0430561 0.047638 0.415627 0.0995189 0.39416
0.0361904 0.0214669 0.436775 0.163121 0.342447
0.0655736 0.0300174 0.467226 0.103972 0.333212
0.0769346 0.137469 0.45027 0.0432355 0.292091
0.0656953 0.0863911 0.401324 0.164096 0.282494
0.0561047 0.050256 0.539292 0.120417 0.23393
