9.9964E-05 0.744467 0.0759094 9.9964E-05 0.0348677 9.9964E-05 0.144356 9.9964E-05
9.9973E-05 0.769939 0.0639143 0.00892262 9.9973E-05 9.9973E-05 0.156398 0.000525646
9.9973E-05 0.843545 0.0381419 9.9973E-05 0.0408353 9.9973E-05 0.0682921 0.00888592
9.9973E-05 0.581755 0.223921 0.134309 9.9973E-05 0.0538302 9.9973E-05 0.00588509
9.9946E-05 0.874423 9.9946E-05 0.124978 9.9946E-05 9.9946E-05 9.9946E-05 9.9946E-05
9.9946E-05 0.936907 9.9946E-05 0.0624934 9.9946E-05 9.9946E-05 9.9946E-05 9.9946E-05
9.9982E-05 0.351483 0.382714 0.080307 9.9982E-05 0.0755041 0.0892571 0.0205342
9.9973E-05 0.652331 0.191028 0.00655672 9.9973E-05 0.055953 0.0938313 9.9973E-05
0.0220758 0.64825 0.210201 9.9973E-05 9.9973E-05 0.0441832 0.0749906 9.9973E-05
9.994E-05 9.994E-05 9.994E-05 9.994E-05 9.994E-05 9.994E-05 9.994E-05 0.9993
9.9973E-05 0.0440055 9.9973E-05 0.14922 0.0427564 9.9973E-05 0.655626 0.108092
9.9982E-05 9.9982E-05 0.12711 0.130855 0.033452 0.0290279 0.580282 0.0990734
0.0196429 9.9973E-05 0.0847426 9.9973E-05 9.9973E-05 0.0649745 0.224533 0.605807
9.9964E-05 9.9964E-05 0.119054 9.9964E-05 9.9964E-05 0.036216 0.146341 0.697989
9.9946E-05 9.9946E-05 9.9946E-05 0.0270627 9.9946E-05 9.9946E-05 9.9946E-05 0.972338
0.0165843 0.0297161 0.021637 9.9991E-05 0.0732852 0.00131168 0.51452 0.342845
9.994E-05 9.994E-05 9.994E-05 9.994E-05 9.994E-05 9.994E-05 9.994E-05 0.9993
0.0266076 9.9973E-05 0.0344756 9.9973E-05 0.0588152 9.9973E-05 0.218219 0.661583
9.9964E-05 9.9964E-05 0.0612298 9.9964E-05 9.9964E-05 0.0300068 0.137209 0.771155
9.999E-05 0.0181171 0.0959976 0.164273 0.0446451 0.0397602 0.561874 0.075233
9.994E-05 9.994E-05 9.994E-05 9.994E-05 9.994E-05 9.994E-05 9.994E-05 0.9993
0.0451728 0.0370028 0.0127055 0.0403019 0.177905 0.060702 0.611834 0.0143764
0.0271803 0.135689 9.9991E-05 0.101956 0.0760057 0.0198592 0.628573 0.0106367
0.0110532 0.0493586 9.9991E-05 0.346334 0.0738402 0.0425547 0.45619 0.0205698
0.000362075 9.9964E-05 9.9964E-05 0.223696 0.0168316 9.9964E-05 0.758711 9.9964E-05
9.9982E-05 9.9982E-05 0.104495 0.325555 0.108013 0.0506776 0.397074 0.0139846
0.0414118 9.9982E-05 9.9982E-05 0.259674 0.11859 0.0587061 0.509856 0.0115615
0.0262963 0.0455117 0.0244851 0.0252707 0.100916 0.0268023 0.750617 9.9991E-05
0.0468973 0.0392851 9.9991E-05 0.19937 0.0995223 0.0242815 0.564123 0.026421
0.0374617 9.9991E-05 0.0602206 0.0671838 0.0509762 0.0232174 0.754411 0.00642927
0.0125476 0.0663821 9.9991E-05 0.0840291 0.081089 0.035086 0.697306 0.0234606
0.192414 0.0918526 0.604699 9.9982E-05 0.0036519 0.0162223 0.0909597 9.9982E-05
0.0463098 0.158054 0.643176 9.9964E-05 9.9964E-05 9.9964E-05 0.15206 9.9964E-05
0.0920203 0.110431 0.650719 0.0154632 0.0213096 0.001359 0.107468 0.00123017
0.019629 9.9955E-05 0.926376 0.0534952 9.9955E-05 9.9955E-05 9.9955E-05 9.9955E-05
0.0699602 0.0100923 0.773277 9.9982E-05 9.9982E-05 0.00651219 0.136605 0.00335409
0.0809462 9.9964E-05 0.840426 0.0408689 0.0373587 9.9964E-05 9.9964E-05 9.9964E-05
9.9973E-05 0.0208446 0.917986 9.9973E-05 0.00958936 0.0202605 0.0310198 9.9973E-05
9.9955E-05 9.9955E-05 0.962198 0.0362832 9.9955E-05 9.9955E-05 9.9955E-05 0.00101854
0.112092 0.064917 0.610258 0.195433 9.9973E-05 9.9973E-05 9.9973E-05 0.0170004
0.0362844 9.9955E-05 0.928883 9.9955E-05 0.0343326 9.9955E-05 9.9955E-05 9.9955E-05
9.9973E-05 9.9973E-05 9.9973E-05 0.0213614 0.0119824 0.909302 0.0274214 0.0296327
9.9964E-05 9.9964E-05 0.0203049 9.9964E-05 0.0235122 0.950525 0.00525827 9.9964E-05
0.0354441 0.00528237 9.9964E-05 9.9964E-05 9.9964E-05 0.907722 0.0511518 9.9964E-05
0.00184145 0.014672 9.9964E-05 9.9964E-05 9.9964E-05 0.878876 0.104211 9.9964E-05
0.0101365 0.0251094 9.9964E-05 9.9964E-05 9.9964E-05 0.871171 0.0931837 9.9964E-05
0.0159545 0.0298753 9.9964E-05 9.9964E-05 9.9964E-05 0.878292 0.0754787 9.9964E-05
0.0175662 9.9991E-05 0.0539231 0.00398831 0.0208734 0.777947 0.124869 0.000733023
9.9955E-05 0.0329482 9.9955E-05 9.9955E-05 9.9955E-05 0.942537 9.9955E-05 0.0240153
9.9946E-05 9.9946E-05 9.9946E-05 0.0250646 9.9946E-05 0.974336 9.9946E-05 9.9946E-05
0.00207511 9.9964E-05 0.0435563 9.9964E-05 9.9964E-05 0.912572 0.0413966 9.9964E-05
9.994E-05 9.994E-05 9.994E-05 9.994E-05 9.994E-05 0.9993 9.994E-05 9.994E-05
9.9946E-05 9.9946E-05 9.9946E-05 0.00637738 9.9946E-05 0.993023 9.9946E-05 9.9946E-05
0.043413 9.9946E-05 9.9946E-05 9.9946E-05 0.955987 9.9946E-05 9.9946E-05 9.9946E-05
0.0412772 0.0224304 9.9982E-05 0.113406 0.72874 9.9982E-05 0.0721781 0.0217682
0.00539588 9.9991E-05 0.111963 0.11146 0.5203 0.0277614 0.207094 0.0159256
0.00856142 0.049179 9.9991E-05 0.0221079 0.816833 0.00259304 0.0660465 0.0345789
0.0427795 0.0396454 9.9982E-05 0.116005 0.573417 0.0601613 0.167791 9.9982E-05
0.0570773 0.0143944 9.9991E-05 0.130643 0.677113 0.057772 0.0451025 0.0177975
0.012118 9.9964E-05 0.114874 9.9964E-05 0.854784 0.0178241 9.9964E-05 9.9964E-05
0.0174138 9.9982E-05 0.0737387 9.9982E-05 0.807983 0.0262614 0.0630632 0.0113401
9.9973E-05 0.373877 0.155634 0.453591 0.0146339 9.9973E-05 9.9973E-05 0.00196437
9.9955E-05 0.162057 0.330638 0.506805 9.9955E-05 9.9955E-05 9.9955E-05 9.9955E-05
9.9982E-05 0.160024 0.426887 0.270443 9.9982E-05 0.0306297 0.108224 0.00359282
0.00914309 0.293126 0.329733 0.35059 9.9982E-05 0.0102928 9.9982E-05 0.00691492
9.9973E-05 0.0762483 0.318298 0.565088 0.0142057 0.0258595 9.9973E-05 9.9973E-05
0.0312274 0.200274 0.328057 0.252223 0.0681447 0.00537002 0.0784139 0.0362903
9.9964E-05 0.309761 0.277252 0.262594 9.9964E-05 9.9964E-05 0.149993 9.9964E-05
9.9973E-05 0.110043 0.453353 0.383149 9.9973E-05 0.0347419 9.9973E-05 0.0184138
9.9982E-05 0.112811 0.489152 0.206456 0.0203551 0.0454284 0.125598 9.9982E-05
0.00579185 0.357682 0.275497 0.242789 0.0321792 0.011637 0.0743242 9.9991E-05
9.9955E-05 0.0915577 0.252549 0.655393 9.9955E-05 9.9955E-05 9.9955E-05 9.9955E-05
0.00498088 9.9991E-05 0.177238 0.0331631 0.0264315 0.0586219 0.592434 0.107031
9.9982E-05 0.00988627 0.160526 9.9982E-05 0.0148402 0.0220478 0.730074 0.0624256
0.0773393 0.13134 0.00715555 9.9991E-05 0.00394858 0.0376631 0.621863 0.12059
0.00226313 9.9982E-05 0.199643 9.9982E-05 0.0187846 0.0362935 0.642733 0.100083
9.9964E-05 9.9964E-05 9.9964E-05 0.369556 9.9964E-05 0.0157087 0.488957 0.125378
9.9973E-05 0.0457019 9.9973E-05 0.227744 0.00565925 9.9973E-05 0.636265 0.08433
9.9964E-05 9.9964E-05 9.9964E-05 0.238753 0.104187 9.9964E-05 0.527225 0.129435
0.0359263 9.9973E-05 9.9973E-05 0.125241 0.0369491 9.9973E-05 0.666156 0.135428
9.9973E-05 0.0471437 9.9973E-05 0.233468 0.164062 9.9973E-05 0.473042 0.0819835
0.0280268 9.9973E-05 9.9973E-05 0.305422 0.0248707 9.9973E-05 0.558788 0.0825925
9.9982E-05 9.9982E-05 0.159895 0.0741542 0.0271853 0.0494616 0.638523 0.0505812
9.9973E-05 9.9973E-05 9.9973E-05 0.25321 0.0668052 0.0244593 0.555385 0.0998406
9.9973E-05 9.9973E-05 0.0519997 0.0235986 0.0755833 0.784068 0.0644509 9.9973E-05
0.0183057 0.0375413 0.000923764 9.9991E-05 0.0389786 0.745996 0.150806 0.00734856
9.9955E-05 9.9955E-05 9.9955E-05 0.162683 0.0504328 0.786384 9.9955E-05 9.9955E-05
0.00138808 0.0160303 0.0472108 9.9991E-05 0.0204551 0.840822 0.0714122 0.00258175
9.9964E-05 9.9964E-05 0.0510825 9.9964E-05 0.0133458 0.84406 0.0911122 9.9964E-05
0.0223553 0.0459914 9.9964E-05 9.9964E-05 9.9964E-05 0.698885 0.232369 9.9964E-05
9.9955E-05 9.9955E-05 0.106095 9.9955E-05 9.9955E-05 0.757932 0.135474 9.9955E-05
9.9964E-05 9.9964E-05 0.118192 9.9964E-05 0.0758431 0.659036 0.146529 9.9964E-05
0.0552888 0.0169503 0.00838057 9.9982E-05 9.9982E-05 0.728735 0.183423 0.00702247
0.00123935 9.99459E-05 9.99459E-05 0.998161 9.99459E-05 9.99459E-05 9.99459E-05 9.99459E-05
9.9964E-05 9.9964E-05 0.109907 0.843401 0.014666 0.0316266 9.9964E-05 9.9964E-05
0.0057675 0.314079 0.0251763 0.620299 9.9982E-05 0.023157 9.9982E-05 0.0113212
0.0257056 0.204433 0.0509422 0.554434 9.9973E-05 9.9973E-05 0.164185 9.9973E-05
9.9982E-05 0.0504712 0.288245 0.360845 9.9982E-05 0.0281295 0.249799 0.0223102
0.000874262 0.0540706 0.226944 0.306061 0.0129255 0.0212706 0.377755 9.9991E-05
0.0614159 0.0331477 9.9982E-05 0.705913 9.9982E-05 0.0129137 0.153965 0.032444
0.00259562 9.99549E-05 9.99549E-05 0.973405 9.99549E-05 9.99549E-05 0.0234993 9.99549E-05
9.9973E-05 0.0799459 0.181456 0.669194 0.0575568 9.9973E-05 9.9973E-05 0.0115476
9.9955E-05 9.9955E-05 9.9955E-05 0.865285 9.9955E-05 0.000269802 0.133945 9.9955E-05
9.9964E-05 9.9964E-05 0.164366 0.652679 0.0681244 9.9964E-05 0.114431 9.9964E-05
9.9964E-05 9.9964E-05 0.126032 0.829842 9.9964E-05 0.0232699 9.9964E-05 0.0204566
9.9964E-05 9.9964E-05 0.1263 9.9964E-05 0.805668 0.00803124 0.0596013 9.9964E-05
9.9955E-05 0.0235263 9.9955E-05 9.9955E-05 0.835401 9.9955E-05 0.140573 9.9955E-05
9.9973E-05 9.9973E-05 0.208596 0.00906942 0.534346 0.0516767 0.196011 9.9973E-05
9.9964E-05 9.9964E-05 0.155616 9.9964E-05 0.75399 0.0414832 0.0485113 9.9964E-05
9.9955E-05 9.9955E-05 9.9955E-05 0.267879 0.706222 9.9955E-05 9.9955E-05 0.0253992
0.0232236 9.9982E-05 0.156853 9.9982E-05 0.597254 0.054358 0.14839 0.0197208
0.00898294 0.0222801 9.9973E-05 9.9973E-05 0.714944 0.0326799 0.220813 9.9973E-05
9.9964E-05 9.9964E-05 0.145445 9.9964E-05 0.680483 0.0421626 0.13151 9.9964E-05
9.9964E-05 0.0486444 9.9964E-05 0.0268802 0.831537 9.9964E-05 0.0925387 9.9964E-05
9.9964E-05 0.00611134 0.0482896 9.9964E-05 0.811438 9.9964E-05 0.133761 9.9964E-05
0.00209768 9.9982E-05 0.0679167 0.0317074 0.797833 9.9982E-05 0.063659 0.0365862
0.726983 0.0219067 0.0556566 0.195054 9.9964E-05 9.9964E-05 9.9964E-05 9.9964E-05
0.634109 0.0242383 0.196626 0.141729 9.9973E-05 9.9973E-05 9.9973E-05 0.00299757
0.613329 9.9982E-05 0.301935 0.010436 0.0247529 0.0247606 9.9982E-05 0.0245868
0.555378 0.0779403 0.216185 0.0074277 9.9982E-05 0.0309456 0.111923 9.9982E-05
0.573088 0.0818011 0.184742 9.9973E-05 9.9973E-05 0.0357647 0.124304 9.9973E-05
0.53097 0.0510664 0.228546 9.9973E-05 9.9973E-05 0.0349597 0.154158 9.9973E-05
0.599525 0.0124732 0.216068 9.9973E-05 9.9973E-05 0.0144829 0.157152 9.9973E-05
0.74006 0.116161 0.088036 9.9973E-05 0.050434 9.9973E-05 9.9973E-05 0.00500865
0.625615 0.0338655 0.166486 0.173633 9.9964E-05 9.9964E-05 9.9964E-05 9.9964E-05
0.60335 0.0362864 0.246248 9.9973E-05 9.9973E-05 0.0132446 0.100571 9.9973E-05
0.563649 0.0511705 0.276787 0.010012 9.9982E-05 0.0377328 0.060449 9.9982E-05
0.656311 0.0256909 0.128897 9.9973E-05 9.9973E-05 0.0242353 0.164566 9.9973E-05
0.0832783 0.102798 0.618479 9.9973E-05 9.9973E-05 9.9973E-05 0.194239 0.000906148
9.9973E-05 9.9973E-05 0.888303 9.9973E-05 0.0445669 0.00578453 0.0212355 0.0398104
0.0600847 0.163419 0.622306 0.0986787 9.9982E-05 9.9982E-05 0.0417389 0.0135731
0.0259037 0.0291421 0.806034 0.0369774 0.0342188 0.0350445 9.9991E-05 0.0325791
0.0211599 9.9973E-05 0.850025 9.9973E-05 9.9973E-05 0.0227834 0.0775979 0.0281337
0.0729525 0.11796 0.622241 9.9982E-05 9.9982E-05 0.000401796 0.179687 0.00655807
0.0288163 0.0830699 0.702919 0.1175 9.9982E-05 9.9982E-05 0.0357345 0.0317607
0.0318909 0.101249 0.691935 0.0845625 0.0033305 9.9991E-05 0.0696832 0.0172485
9.9973E-05 9.9973E-05 0.909579 0.00968106 0.0631916 0.00382243 9.9973E-05 0.0134261
9.9973E-05 9.9973E-05 0.853845 0.0245009 0.0138189 0.0107293 0.096806 9.9973E-05
0.0640936 0.032695 0.687416 0.18213 0.0155064 9.9982E-05 9.9982E-05 0.01796
0.0298356 9.9964E-05 0.851024 9.9964E-05 9.9964E-05 0.00874759 0.109993 9.9964E-05
0.933768 0.0347493 9.9955E-05 9.9955E-05 0.0309831 9.9955E-05 9.9955E-05 9.9955E-05
0.936639 9.9955E-05 9.9955E-05 0.0446461 9.9955E-05 9.9955E-05 9.9955E-05 0.0182155
0.952563 9.9946E-05 9.9946E-05 0.0468377 9.9946E-05 9.9946E-05 9.9946E-05 9.9946E-05
0.872106 9.9955E-05 0.108625 9.9955E-05 9.9955E-05 0.0187691 9.9955E-05 9.9955E-05
0.8883 0.00790341 9.9964E-05 9.9964E-05 9.9964E-05 0.00641463 0.0969823 9.9964E-05
0.822867 9.9964E-05 0.0270392 9.9964E-05 9.9964E-05 0.0280383 0.121656 9.9964E-05
0.853831 0.0190863 0.0570053 9.9964E-05 9.9964E-05 9.9964E-05 0.0696778 9.9964E-05
0.845396 9.9973E-05 0.0735955 9.9973E-05 0.00194153 0.0180528 0.0607142 9.9973E-05
0.907432 9.9946E-05 9.9946E-05 0.0919683 9.9946E-05 9.9946E-05 9.9946E-05 9.9946E-05
0.908248 9.9946E-05 9.9946E-05 0.0911528 9.9946E-05 9.9946E-05 9.9946E-05 9.9946E-05
0.951259 9.9964E-05 9.9964E-05 0.0123153 0.0264517 9.9964E-05 9.9964E-05 0.00957425
0.889358 9.9955E-05 9.9955E-05 9.9955E-05 9.9955E-05 0.0211074 0.0890351 9.9955E-05
9.9982E-05 9.9982E-05 0.0899283 0.171401 0.540492 0.0905403 0.101505 0.00593321
9.9991E-05 0.0106488 0.0497942 0.154378 0.650406 0.0842688 0.0492576 0.00114669
9.9973E-05 0.035696 9.9973E-05 0.19415 0.74999 0.00890256 9.9973E-05 0.0109617
0.0351631 0.0607594 0.0380486 0.0447274 0.591012 0.0822464 0.147943 9.9991E-05
9.9991E-05 0.0579633 0.0177386 0.180847 0.567798 0.0519895 0.0912765 0.0322866
0.0221159 0.0201527 0.0988498 9.9982E-05 0.565671 0.0684878 0.224523 9.9982E-05
0.035268 0.000964474 9.9973E-05 9.9973E-05 0.781311 9.9973E-05 0.17942 0.00273725
0.0260333 0.0707628 9.9982E-05 0.011787 0.744033 9.9982E-05 0.122414 0.0247709
9.9955E-05 0.0465303 9.9955E-05 0.219211 0.733759 9.9955E-05 9.9955E-05 9.9955E-05
0.0304788 0.0612091 0.00450802 9.9991E-05 0.761362 0.00763421 0.126961 0.00774658
9.9973E-05 9.9973E-05 0.0858883 0.065889 0.840862 0.00594841 9.9973E-05 0.00111221
0.0101513 0.0184456 9.9964E-05 0.0886996 0.882304 9.9964E-05 9.9964E-05 9.9964E-05
9.9973E-05 0.0630491 9.9973E-05 0.107303 0.767306 0.0177381 0.0443039 9.9973E-05
9.9946E-05 9.9946E-05 9.9946E-05 0.287153 0.712248 9.9946E-05 9.9946E-05 9.9946E-05
9.9982E-05 0.110334 0.00619935 9.9982E-05 0.60215 0.024703 0.223813 0.0325999
9.994E-05 0.9993 9.994E-05 9.994E-05 9.994E-05 9.994E-05 9.994E-05 9.994E-05
0.265768 0.589333 0.0254856 9.9973E-05 9.9973E-05 0.011618 0.107496 9.9973E-05
0.0121245 0.987074 9.9955E-05 9.9955E-05 9.9955E-05 0.000301593 9.9955E-05 9.9955E-05
0.0614421 0.849565 0.0283331 0.0253079 0.00946467 9.99908E-05 0.0256868 9.99908E-05
0.103948 0.591178 0.116926 9.9964E-05 9.9964E-05 9.9964E-05 0.187548 9.9964E-05
0.202556 0.564708 0.176945 9.9982E-05 0.0216336 0.0287212 0.00523627 9.9982E-05
0.121794 0.784522 9.9964E-05 0.071587 0.0216963 9.9964E-05 9.9964E-05 9.9964E-05
0.0828889 0.903025 9.9964E-05 0.0126596 9.9964E-05 0.00102633 9.9964E-05 9.9964E-05
9.9964E-05 9.9964E-05 0.1424 0.126728 9.9964E-05 0.061437 0.669035 9.9964E-05
9.9964E-05 9.9964E-05 9.9964E-05 0.299471 0.0430761 9.9964E-05 0.643323 0.0137295
9.9946E-05 9.9946E-05 9.9946E-05 0.455534 9.9946E-05 9.9946E-05 0.543866 9.9946E-05
0.0218935 0.125859 0.0851829 0.155648 0.112027 0.0187837 0.480506 9.9991E-05
0.0583546 0.0644766 9.9982E-05 0.213867 0.124263 9.9982E-05 0.528938 0.00990126
9.9982E-05 0.115564 0.00569954 0.0547548 0.133013 9.9982E-05 0.656297 0.0344723
9.9946E-05 9.9946E-05 9.9946E-05 0.479625 9.9946E-05 9.9946E-05 0.519775 9.9946E-05
9.9964E-05 9.9964E-05 9.9964E-05 0.388993 9.9964E-05 0.0144871 0.589598 0.00652163
9.9991E-05 0.0943543 0.0307081 0.142305 0.0807761 0.0280563 0.583365 0.0403349
9.9982E-05 9.9982E-05 0.13002 0.162985 0.0602035 0.0403762 0.557556 0.0486592
0.00773347 0.0306035 0.0409046 0.212727 0.0667921 0.0379645 0.558766 0.0445094
0.00440641 0.102065 9.9991E-05 0.0690631 0.0731183 0.00525295 0.728491 0.017503
0.0176776 0.0585234 9.9982E-05 0.230079 0.0403216 9.9982E-05 0.614356 0.0388426
0.0127919 0.078227 0.0163181 9.9973E-05 9.9973E-05 0.00192528 0.890438 9.9973E-05
0.0155294 0.045903 0.0259686 0.0302063 0.0511679 9.9991E-05 0.802821 0.0283036
9.9964E-05 0.0910654 9.9964E-05 0.0536565 9.9964E-05 0.0199148 0.834963 9.9964E-05
0.00205712 9.9982E-05 0.00711879 0.113741 0.0749425 9.9982E-05 0.760737 0.0412038
9.9991E-05 0.0818717 0.0108851 0.0660164 0.0770275 0.033774 0.700074 0.0302515
9.9991E-05 0.0091637 0.0406295 0.191198 0.0276084 0.019984 0.685088 0.0262282
9.9982E-05 9.9982E-05 0.0878103 0.103022 0.0541074 0.050498 0.672883 0.0314801
0.0342499 0.0568078 0.0485001 9.9991E-05 0.00332316 0.0494946 0.778708 0.0288166
9.9982E-05 9.9982E-05 0.171711 0.0937442 0.0369303 0.0431093 0.620286 0.0340189
9.9964E-05 0.0597252 0.00623553 0.00380245 9.9964E-05 9.9964E-05 0.929837 9.9964E-05
