0.0 1.0 2.0 3.0 4.0 5.0 6.0 7.0 8.0 9.0 10.0 11.0 12.0 13.0 14.0 15.0 16.0 17.0 18.0 19.0
1.0 0.0 9.329204641141606 9.949348758956795 12.36932922999118 10.83291955654985 10.025101169435757 6.693396833799955 8.593298612936854 12.252529036834812 8.617843927066694 10.355189909699924 7.396756237937211 4.764240725073034 12.622896594860238 9.45112816126979 9.8369433361261 6.871398340393532 8.93607269003413 11.728570454562771
2.0 9.329204641141606 0.0 4.743723810366921 16.365638553189644 7.72652643118407 6.189984742225107 6.777486835679268 3.121275403154276 9.12104524402633 6.0183262191093085 6.453549506541986 12.306696331432192 8.795111284270057 17.359212642279072 5.792997535390847 5.876198393575115 12.063982781437645 5.5875246044468625 8.555148343920406
3.0 9.949348758956795 4.743723810366921 0.0 16.979803833927296 8.378309888538887 6.828674448616185 7.365610576838435 4.631011330220666 9.769755000763297 6.489243109392074 6.9512854240865085 12.92650256695678 9.410804429634869 17.980015834923474 6.4851464133751 6.339216007253543 12.68382149428594 6.369921248382631 9.453158372846424
4.0 12.36932922999118 16.365638553189644 16.979803833927296 0.0 18.050559775196373 17.158296389791595 13.508888548707025 15.62340119031819 19.46569483646487 15.550265642020054 17.44996284695444 14.680194319483107 10.287400183040097 19.914547696105068 16.607951719479807 16.918419557970836 14.576215066314269 15.909949346169885 18.725139478505017
5.0 10.83291955654985 7.72652643118407 8.378309888538887 18.050559775196373 0.0 6.52969147551687 9.010710401652602 7.173311071160894 5.469051713098855 8.64674536683831 7.400885382838753 13.736850098853793 10.480349543874542 18.703834817784724 5.780364842306978 7.146632089320627 13.512422180168892 8.674764189245776 11.408321558120088
6.0 10.025101169435757 6.189984742225107 6.828674448616185 17.158296389791595 6.52969147551687 0.0 7.866708092505578 5.686444027340922 7.910892717855017 7.280190810006416 5.79887492753277 12.972794260458354 9.588627689583156 17.984759583617 4.541644755737046 5.507561590865478 12.737469774164838 7.309225455317077 10.126996143457308
7.0 6.693396833799955 6.777486835679268 7.365610576838435 13.508888548707025 9.010710401652602 7.866708092505578 0.0 6.023466007051947 10.417145398365598 5.519786470166142 8.039448147229944 9.7231435526717 5.920063070201522 14.86247930334957 7.391465147509438 7.467020573784366 9.466335124488488 6.134250272178077 9.146118762159736
8.0 8.593298612936854 3.121275403154276 4.631011330220666 15.62340119031819 7.173311071160894 5.686444027340922 6.023466007051947 0.0 8.57035307514996 5.3448819218360555 5.983347633939356 11.574388816000367 8.051525007886282 16.630720640226016 5.245755813171105 5.417069435533305 11.330825789787166 4.602717226740039 7.436715368787775
9.0 12.252529036834812 9.12104524402633 9.769755000763297 19.46569483646487 5.469051713098855 7.910892717855017 10.417145398365598 8.57035307514996 0.0 10.042532097393593 8.760524957124597 15.150366503421846 11.895783765110249 20.113710063151398 7.196957638976501 8.514070925033144 14.928845524205126 10.073976381473713 12.813456237867282
10.0 8.617843927066694 6.0183262191093085 6.489243109392074 15.550265642020054 8.64674536683831 7.280190810006416 5.519786470166142 5.3448819218360555 10.042532097393593 0.0 7.289084972738977 11.616087867482499 7.983401782526669 16.705045010593206 6.899375399900405 6.667195351430205 11.367850074044755 5.709612330280288 9.107828703765788
11.0 10.355189909699924 6.453549506541986 6.9512854240865085 17.44996284695444 7.400885382838753 5.79887492753277 8.039448147229944 5.983347633939356 8.760524957124597 7.289084972738977 0.0 13.31054715267366 9.882629567385651 18.335792530914997 5.768428255266761 4.1849553570815745 13.07327040660703 7.487066531595503 10.414669132687381
12.0 7.396756237937211 12.306696331432192 12.92650256695678 14.680194319483107 13.736850098853793 12.972794260458354 9.7231435526717 11.574388816000367 15.150366503421846 11.616087867482499 13.31054715267366 0.0 7.287164104228218 8.353660700880763 12.396314092066063 12.7961059988674 7.29441370432267 11.936836969898089 14.7339512598404
13.0 4.764240725073034 8.795111284270057 9.410804429634869 10.287400183040097 10.480349543874542 9.588627689583156 5.920063070201522 8.051525007886282 11.895783765110249 7.983401782526669 9.882629567385651 7.287164104228218 0.0 12.517236125531099 9.03706102841314 9.351622315344425 7.11625224807398 8.333642174876662 11.144152692637237
14.0 12.622896594860238 17.359212642279072 17.980015834923474 19.914547696105068 18.703834817784724 17.984759583617 14.86247930334957 16.630720640226016 20.113710063151398 16.705045010593206 18.335792530914997 8.353660700880763 12.517236125531099 0.0 17.40128143925421 17.826640260609217 12.539424547203541 17.01880372436327 19.81379240881371
15.0 9.45112816126979 5.792997535390847 6.4851464133751 16.607951719479807 5.780364842306978 4.541644755737046 7.391465147509438 5.245755813171105 7.196957638976501 6.899375399900405 5.768428255266761 12.396314092066063 9.03706102841314 17.40128143925421 0.0 5.43614205536459 12.16165653881281 6.873045181510717 9.615772628992344
16.0 9.8369433361261 5.876198393575115 6.339216007253543 16.918419557970836 7.146632089320627 5.507561590865478 7.467020573784366 5.417069435533305 8.514070925033144 6.667195351430205 4.1849553570815745 12.7961059988674 9.351622315344425 17.826640260609217 5.43614205536459 0.0 12.557870592365198 6.901709244584941 9.859574112187788
17.0 6.871398340393532 12.063982781437645 12.68382149428594 14.576215066314269 13.512422180168892 12.737469774164838 9.466335124488488 11.330825789787166 14.928845524205126 11.367850074044755 13.07327040660703 7.29441370432267 7.11625224807398 12.539424547203541 12.16165653881281 12.557870592365198 0.0 11.688441421315567 14.484828434942024
18.0 8.93607269003413 5.5875246044468625 6.369921248382631 15.909949346169885 8.674764189245776 7.309225455317077 6.134250272178077 4.602717226740039 10.073976381473713 5.709612330280288 7.487066531595503 11.936836969898089 8.333642174876662 17.01880372436327 6.873045181510717 6.901709244584941 11.688441421315567 0.0 7.858423548392637
19.0 11.728570454562771 8.555148343920406 9.453158372846424 18.725139478505017 11.408321558120088 10.126996143457308 9.146118762159736 7.436715368787775 12.813456237867282 9.107828703765788 10.414669132687381 14.7339512598404 11.144152692637237 19.81379240881371 9.615772628992344 9.859574112187788 14.484828434942024 7.858423548392637 0.0
