outputs/Circuitscape/Forest_distance_cum_curmap.asc
ncols        432
nrows        308
xllcorner    -5.981871681632
yllcorner    49.950500611482
cellsize     0.011734839655
NODATA_value -9999
[rows 36 to 53 of 308, columns 252 to 293 of 432]
0.15580006882499561 0.15968872770763676 0.17335568839612422 0.1794796815272664 0.18256766884698103 0.19479688283951152 0.22170302613285986 0.25259355298318098 0.28207836812517079 0.29970877248407157 0.28099094903446975 0.24405100988468853 0.23523019513009685 0.2445385522543615 0.25371523709719473 0.25977427343922932 0.23919929721120295 0.21211595198343813 0.18351590503602408 0.15683809923176334 0.13481587684299731 0.12266474423571183 0.12590525208784001 0.13876339076994937 0.14921441517983619 0.15392799367642102 0.16706938498769075 0.17782767151197529 0.1955739559244063 0.21124038045952723 0.21853357430457804 0.23465194137458634 0.22067774744878121 0.21060683853287937 0.20859118425412249 0.20477180139156873 0.23132772184758593 0.25826197878380996 0.27149146482736719 0.20987058366100947 0.17678835522426853 0.15068981901172951
0.1336244338226191 0.13237943939439797 0.1414575993430737 0.15229896079499064 0.165063360433582 0.18838033919734715 0.2247896954314719 0.27010985645686658 0.31377641331381023 0.34756350665899166 0.33034868104051707 0.26494857756184648 0.29052755261279861 0.36077088715991579 0.3691933238393672 0.30446645786146298 0.25475585209798735 0.21143525872997732 0.17651769554301888 0.1557861459912229 0.14683921226882957 0.14260976295950933 0.15522849145735151 0.19253265984954152 0.24274649686305685 0.2815815480391623 0.29893051323787112 0.30833676797735915 0.30721753657716244 0.29082956620354933 0.32940406671449363 0.26078850777922274 0.22519359540714326 0.19826865231062044 0.16607428060899221 0.15022610383610396 0.16602256293938966 0.17165838351307905 0.16537709723283162 0.16814688094184332 0.15476640876316328 0.13876714724365211
0.16227453300010861 0.16686135486936016 0.18047830112550658 0.18610245784713819 0.20100610473081826 0.21841540397683143 0.2432691335896231 0.29183981382100987 0.31631052356781686 0.29747371387960381 0.26577879469343302 0.2552847546002231 0.29526403879434859 0.27432606729379549 0.25884667541347756 0.26363744767621289 0.23839304101458247 0.20509630874908513 0.17898324531355431 0.17356663103636441 0.19140553533824928 0.2055120071954033 0.21780405321411361 0.26720463669512695 0.31966186299219268 0.3643578092810833 0.34995143442200355 0.35246771114794156 0.31591232617191978 0.27335421714043873 0.22168212376318894 0.22264209390514794 0.20212270524248865 0.1782418817692446 0.15615364008424432 0.15183509219157987 0.1604295332970809 0.16520938393784779 0.15906758058289913 0.16376199535830518 0.15661159804591515 0.14496352661777984
0.26978553095836855 0.27927320718854171 0.30108843251475259 0.27853525305631233 0.30005019064728677 0.32314095407739873 0.32374184607768364 0.3653423046651581 0.33709225182375535 0.31135711141699779 0.32194131818486904 0.39636382660198177 0.31017470786846674 0.25038202945004073 0.22112058627801945 0.22359176740858894 0.22885267827311817 0.22287764428669393 0.20722181515949886 0.2109544255193862 0.25182051156551083 0.29900133372396559 0.36855999108751925 0.37919556555822603 0.3380511122870668 0.28119137060759097 0.2637668915635929 0.25723205950210692 0.25398413649552642 0.26479344786368997 0.30577273285878698 0.23593786499475444 0.20036555296596134 0.17753490594708707 0.16558682857809753 0.17208023737685979 0.19118383412012799 0.22859996837034119 0.25995700215663664 0.21147406347274311 0.18491142691133916 0.16623881085841638
0.54013997589292551 0.51322738553552893 0.4056313107742241 0.44384075706201909 0.42919291190170378 0.43533090035215782 0.55164968987640861 0.41671097249982991 0.34606830524753024 0.31469060580100611 0.30117648720128809 0.2644447294938681 0.25572533912565876 0.23183610134144592 0.21688852424770214 0.21845415413714347 0.24298311064240963 0.26977805327611387 0.2862700687569617 0.29642825328502015 0.31925301024315861 0.34756433018867255 0.39633478109393444 0.37470207774712672 0.31270875797879039 0.28677226949164603 0.31622636468943566 0.2646948468698978 0.22225222805472256 0.20512103655166228 0.18132241853358891 0.18286125089878941 0.17251920608762117 0.16204386932636891 0.15611721541763476 0.15976120714994863 0.16725418830578381 0.17329011753070261 0.17804421849884272 0.19097499148844924 0.17987718805211031 0.16802176738407179
0.34498204949578276 0.34361225406142631 0.35792796557857043 0.31958172032989784 0.33342267612471216 0.36235960651578081 0.3113480894860598 0.29726678699342907 0.27195861436764679 0.24414712356670526 0.20751025854138899 0.17282094730974795 0.17669891009208416 0.18456088595378742 0.19404256387812088 0.20895532688130203 0.2343940922300414 0.27025215383336393 0.31695585202188103 0.33630103036509656 0.29561923886749286 0.27956886295163852 0.2530544287040134 0.2330814457676598 0.22950758047718189 0.22424290026081872 0.19314452750609107 0.18510001144985841 0.16391347218015076 0.13877440796768456 0.12493383601563365 0.12870650164528333 0.13364694265465044 0.13350269457516162 0.13112896994961171 0.13005387002837251 0.12697080298560168 0.12403647553905595 0.12918992426379483 0.14402274268357543 0.1518069639180519 0.15098216449660967
0.24706724388154672 0.25604206796424006 0.29683389322102921 0.33575700668751596 0.32800652407787489 0.28420474045267224 0.23101015882436557 0.2037857917796794 0.19431991019778638 0.17724995621635525 0.15376797940994796 0.13752075402436198 0.13696732382330906 0.14432347963220477 0.15739747953653441 0.17654568294214368 0.19435335828422853 0.20900008999650269 0.2100355222779256 0.19962289317173346 0.2016503743397996 0.21081877049111797 0.19722572790988513 0.17739087894983122 0.16934160387005184 0.16099870418216383 0.1497224163936168 0.15272952481371041 0.15110597957078556 0.13704692748113589 0.13235599364772727 0.13032334692417938 0.12721181340185395 0.12184854957843547 0.11446590125027756 0.1078749236839153 0.10271168480311522 0.10146009714857411 0.10629102010191099 0.11719714810168023 0.12786556759692991 0.13271333263172039
0.19971779401507708 0.22077622185658091 0.24401888784151893 0.26319986825295993 0.25912807433575991 0.23138140769383247 0.19931907255060116 0.17460084946160095 0.158967651537013 0.14419382220633326 0.13003234494224727 0.12173207352525352 0.11917483170170104 0.1223791152086397 0.13223432161052245 0.14982238581088386 0.16847166898173471 0.18297780986400258 0.19472486757925481 0.21038257635031909 0.22197588644586963 0.23535888467369773 0.20792228572664154 0.1802085695892495 0.16241021916943529 0.15568414619533924 0.16300539051810226 0.18192092422599448 0.20469382392784907 0.20806881813823852 0.19519187284058181 0.17150139610236778 0.15034061399941862 0.13151029197910125 0.11447655489560341 0.099281936922077485 0.091626170434841364 0.090182255297184474 0.094587968045789964 0.10458026703637006 0.11752077373772982 0.13003515355771031
0.20620051099013542 0.19322595841677404 0.18385249487719724 0.17887030039548796 0.17754721250794156 0.17409528026495169 0.16385669932039204 0.15269204906358685 0.14392319697478478 0.1390046622342534 0.13579607002163191 0.13487645866740794 0.13385954357724733 0.13358828702871578 0.13895502848469354 0.15398728259603273 0.17540234474200578 0.19396833248502393 0.2152091420934811 0.24820360597050173 0.31340873378044304 0.24453692590721238 0.20676933394334726 0.18104211568638329 0.16641960316441798 0.164290665332257 0.17635904360142743 0.20072101367519823 0.23940279638835546 0.28949966444721664 0.23873572788135672 0.20326512053587117 0.17201212198045646 0.14362263626559241 0.11949333682158514 0.10386982241986308 0.095735039119069568 0.093117032280139775 0.095576603430007595 0.10527329524942536 0.12023880571058057 0.13667040350100801
0.25427723290476639 0.24022655445991731 0.21245290430267499 0.20463298858364359 0.18733862721599231 0.16869311727261829 0.15291748898953006 0.14209023887641295 0.14078600201144928 0.14833779470848413 0.16113584768464839 0.16949117349009185 0.17256048710837948 0.16940539736960317 0.17200847253108867 0.19012268314300548 0.19634352469892294 0.19457274431052998 0.19161710176774335 0.1926306489713589 0.16970768004232648 0.17129272585500771 0.16516584888032815 0.157886693817613 0.15262926473879634 0.1532289697550534 0.16063951835092577 0.17151606187184756 0.17937554480011889 0.17938475799201986 0.20219171848522871 0.19872125166897384 0.18405027775371724 0.16016168129915215 0.13437093396942645 0.12043918055917185 0.11467319267738195 0.11086090160847989 0.10936440201002073 0.11190544967884759 0.1238122783610747 0.13994455046124582
0.2753648860549347 0.30207200270927598 0.36121174750819485 0.30653988864682652 0.24759517552331906 0.20508011933734482 0.16936954018922423 0.15766645483339906 0.16131117820683125 0.17428386573591137 0.19386042619306926 0.21493346027055454 0.23723091386494805 0.25135094353320175 0.25479529702453491 0.26293952540155069 0.23496304111349817 0.19646078646098727 0.16514232300302575 0.14341470686961399 0.13099209886184457 0.13321516353315377 0.13821391671923081 0.13864284942805624 0.13589161175422451 0.13301337924773649 0.13340145004308582 0.13497359090975494 0.13347798090142693 0.1393526667656968 0.16355740834328833 0.19251132525495429 0.21184258749041046 0.21415814489410523 0.18377831070809869 0.16730544822890089 0.15260425087294177 0.13826668506150216 0.12724813226826337 0.12100468068739353 0.1241058130539589 0.13359295775911351
0.24517333850279655 0.26009178671890587 0.26930355027457792 0.28097076587058645 0.26914027401596652 0.25872167752952108 0.23065785993827725 0.21701579171505092 0.20726876647670703 0.21138439581144364 0.22242896401823747 0.24542780320087151 0.27926215740351551 0.33711421153607068 0.37859917433298568 0.31058663268646358 0.26554355836827415 0.23848355314185449 0.21268251377809352 0.18839621423119768 0.17963881232577272 0.18055760805785945 0.17106144810336305 0.15998004715944181 0.14740571682792489 0.13335804878168617 0.12660009347275999 0.12674302181970518 0.12998366554786303 0.13971533253418567 0.16807038400945287 0.20771145239354413 0.25202041351276339 0.29563469393224412 0.32482653617826551 0.26100943546159328 0.2075688828352561 0.16726531806732547 0.14258863791655096 0.13007542177674139 0.12339349657275719 0.12267683857960922
0.27199007319416724 0.24721310201344382 0.27311961820816244 0.28555893308222702 0.306685993675124 0.36403066258866623 0.42292481946142518 0.33850806681355444 0.28954613563761422 0.2651188592826938 0.24780145444220442 0.2359803640408871 0.23944034345287851 0.24434762362260476 0.23800631884337672 0.25614309964019133 0.26167738272406127 0.27837171237990377 0.30717370929659676 0.33982658407461941 0.32249736051711364 0.25803949718995683 0.21843558888836084 0.1921671813111463 0.17359342895418298 0.16249292347467909 0.15437569749818214 0.1604869454841702 0.17066126885274951 0.17706751449432506 0.19081893103050299 0.21583423387935807 0.25128078335291504 0.29385905326261963 0.35331540995659355 0.31167885513300325 0.25006801292436032 0.1958164707350642 0.16633251325894954 0.1495748260630328 0.13412096795774064 0.12024348441369428
0.37739958216423536 0.45028946187447411 0.38501554554960682 0.42394134905939429 0.45408474591310205 0.40393306415972402 0.43703531594504097 0.50187775454960915 0.41849162585867372 0.32201479981233899 0.27313288566884419 0.24140718754916479 0.22497296712014661 0.21647659554530493 0.20830463301139143 0.21225336836720171 0.23665204772756415 0.25715281042317228 0.2753235277188818 0.28014275824021212 0.26647457517656853 0.24178545955782227 0.21675030268851833 0.2047220681061119 0.20393703636679184 0.21936023643959984 0.22910344783960407 0.23963646965190921 0.2377866795757585 0.22183565652855122 0.20830148272432347 0.2058761589318201 0.20893612795699534 0.21597040527297079 0.23629700486301286 0.30036867051130461 0.31024257529770338 0.27406728555766835 0.22879554175859129 0.1876032613022669 0.15589402093907173 0.13126903106993487
0.40298670865694158 0.36251063149340024 0.37966552655870545 0.38554139926637238 0.3845589867450151 0.34925798616396198 0.34538396737934407 0.37665996987208694 0.38915389915743048 0.32480038657613852 0.28645651767304225 0.30819615383874499 0.32306581033584997 0.30905303045303417 0.27509647931984066 0.23908537549985628 0.21060735279960169 0.19891275751120605 0.19272930484397488 0.18374531985889139 0.17945812274465406 0.18403775597564231 0.18423401526130684 0.18612699310011116 0.20787958855811642 0.2547114783574228 0.32565041355471369 0.32208929761357219 0.26900025261757587 0.23458029957237661 0.20943342870487394 0.18860215398752464 0.17722729409532009 0.18070990659483213 0.20974975085883135 0.26804017302844618 0.35154483560746019 0.37815836381819523 0.2926668969720605 0.22325272000917387 0.18273976771325565 0.16126794222921587
0.42522789373203485 0.39907334950785345 0.38333943937027232 0.37166866624936923 0.3906879061167487 0.42532805402045842 0.37460548361541723 0.36480728031799059 0.40729605103411071 0.42556026188186979 0.34665733967264734 0.37610709557646804 0.42002286991791554 0.40619432853724785 0.3323220806249092 0.27144457233396785 0.22199535716784977 0.19359500047419606 0.19535504040901644 0.21603551817577096 0.20994636853367329 0.22173073059419776 0.20712211120391075 0.18530289218241164 0.1895812176970737 0.22725615628157403 0.23046492292233664 0.22175410333113324 0.21956518284696253 0.20550832313110518 0.18876691951363572 0.17240688579476243 0.16444096682288223 0.16869352057865922 0.18255109338389872 0.20531699186199137 0.23433914557273172 0.28086247962584882 0.32302881111901122 0.27581283737321799 0.2491377485256728 0.23841713755837507
0.41770978581752605 0.42908739494121628 0.38459206056530887 0.37040125480560765 0.38751510843302767 0.43883081917916417 0.39375717686004763 0.37624296456129569 0.39050921901910807 0.44624650845408453 0.49453508317848061 0.38938958631377274 0.32129491283088707 0.29363220696986986 0.31102727384986995 0.32417176436983997 0.31383973479044019 0.29110376456291243 0.30150988577093119 0.32335932389158051 0.39875119693338806 0.33969201926627668 0.31226573473639718 0.27039442412877185 0.23514690856016435 0.25636927888153138 0.21522174672571226 0.18328456063899057 0.17341505742021385 0.16973907359066762 0.16199436398576955 0.15316013931018335 0.14742483105974194 0.14700617559933996 0.15056972753626452 0.15933100410828333 0.1824757948042891 0.23194436254163342 0.30743622317938768 0.42263569108528176 0.34888716034767669 0.34479888808276554
0.42187228603387122 0.3314589239645081 0.29671268544707274 0.27371050619282422 0.26307433268241004 0.26137042066997579 0.29993090969769731 0.32397878655035312 0.34365526714106942 0.35101886933135107 0.35792993485569446 0.32608941932778979 0.26648509213779725 0.25003744747751966 0.28388396699030394 0.36062019886959601 0.47033676685289827 0.53424980714047221 0.44879098606881218 0.34076758757817194 0.29075966564264571 0.32242471606872802 0.38286044065574931 0.48368182487823796 0.48982379815270161 0.32010693282249486 0.24451300412478641 0.19874000980136131 0.17321607991664209 0.15681606179137753 0.1445872296722141 0.13522918358063959 0.12898318575804565 0.12716560967086818 0.1305406856182422 0.1404167620114215 0.1587110210628942 0.18701763973708818 0.22299866003961874 0.26154624999334486 0.34887708606263862 0.32598253190736926
