outputs/Circuitscape/Forest_distance_cum_curmap.asc
ncols        432
nrows        308
xllcorner    -5.981871681632
yllcorner    49.950500611482
cellsize     0.011734839655
NODATA_value -9999
[rows 270 to 287 of 308, columns 210 to 251 of 432]
0.54768050225428355 0.41590987675089097 0.30937445861205426 0.13472280074461543 0.12141760079609211 0.11064088307378665 0.10177279299351666 0.094602769889069516 0.088782158724566559 0.084031175397354274 0.080087052606612918 0.076738044768327768 0.073855656475103337 0.071345962443335992 0.06914897805187796 0.067222052762773654 0.065523531731679574 0.06401197723215285 0.062657925804583653 0.061438766531959579 0.060336841828317736 0.059341102636505716 0.058438247632286625 0.057618964051152473 0.056873879411669423 0.056191519067717299 0.055564203326373802 0.054985231773684959 0.054446815570897783 0.053943875746132908 0.053473682030114066 0.053031061673974915 0.052612069458420625 0.052214906594561954 0.051838098224345222 0.051479233607031022 0.051135001040253293 0.050803732524092725 0.050489355312972752 0.050195155138154098 0.049918703385336854 0.049655785319597558
0.67262574135426245 0.40596454009985328 0.12675631856438244 0.12636011644348927 0.11592340156287405 0.10783906264392473 0.1003102329806253 0.093730695040528791 0.088136351437322458 0.083432106897729966 0.07947673542648212 0.076139646276163445 0.073278504181761892 0.070794730466820555 0.068619302271915691 0.066701119168905615 0.065008474011839817 0.063509476012819949 0.062180555713838868 0.060983622663120983 0.059901663030548807 0.058920772122488085 0.058030946064664572 0.057224520292728724 0.056491022044577996 0.055816670175755527 0.055193980597717879 0.054618433213044618 0.054083576362956673 0.053584124616959189 0.053115940378083072 0.052675045520858034 0.052257329135257297 0.051861167739874238 0.051484693923277966 0.051125829779486889 0.050781484267334517 0.050454344621153009 0.050147092321270112 0.049857195492226586 0.049581539702711945 0.04931518061147204
0.45647640948303769 0.14491803352262542 0.11743991627354616 0.11166507841642706 0.11068251748887821 0.10440124137209229 0.097974479766360464 0.09207369962900315 0.08689263208255045 0.082409622504969929 0.078547787477081216 0.075256327019891475 0.072441108646700059 0.070018129142705457 0.067898107991902032 0.066034720467142691 0.064381883563321404 0.062911903326483803 0.061605743318694312 0.060441022158289358 0.059388982521533067 0.058436395914983966 0.057573206283796183 0.056785959554882755 0.056065643454973661 0.055404741710517305 0.054793158160739319 0.054224841684914094 0.053696106622408243 0.053201694210188284 0.052738039611024079 0.052301185563073137 0.051887177291618194 0.051493867870394394 0.051119009148161865 0.050761354786169645 0.05042235084750353 0.050103438505899239 0.049802172034646479 0.049515641878739323 0.04923812259728607 0.048972183526367369
0.32578589830591564 0.1449338593946754 0.12170706573190618 0.11344230287762691 0.1067702718945691 0.1008476782867835 0.095040742726110156 0.08972554435761497 0.085004056940152978 0.080875427416920734 0.0772655122665728 0.074119003098538444 0.07139240622133422 0.06904150069584597 0.067003483537377839 0.065210579048807255 0.063626523462146964 0.062214235964212612 0.060947127741938077 0.059813898727301473 0.058798833897643302 0.057882795360699228 0.057052076300104566 0.05629229092528857 0.055593308682153231 0.054950563996179244 0.054356542091236977 0.053802263530345978 0.05328389183951359 0.052799438374988829 0.052343856817726013 0.051913665464317187 0.051505472466945784 0.051116721864605953 0.050747329543503146 0.050396557736851776 0.050066316055200524 0.049753366718468486 0.049456086897111007 0.049169032241256128 0.048891790916555905 0.048629124287310199
0.22607975585298237 0.15519788031210391 0.12665661654775401 0.11214195948988614 0.10347773187164172 0.09700512857891444 0.091574892453872528 0.086801003062368404 0.082575955606907586 0.078855968066923951 0.075583009013766897 0.072688548363229216 0.070138463441904456 0.067901653908728918 0.065956033623145366 0.064254495748091056 0.062746454060357421 0.061406216170333608 0.060205248483010065 0.059118580382665258 0.058142624517523181 0.057267479862095426 0.056472184029960543 0.055745692310272849 0.055075732559995122 0.054455026541501056 0.053881450369725942 0.053346900829906861 0.052844239979877763 0.052371658800497246 0.051927519126456712 0.051507696788516036 0.051108860212796849 0.050730146557925321 0.05037191110364804 0.050033576394351825 0.049711411124513091 0.049403767366818396 0.049107192668474769 0.048821057373325746 0.048548998443174951 0.048289996728255222
0.22085150911696103 0.1507383143446793 0.12505579314087562 0.11002832952061993 0.10047021643801604 0.093622842248066981 0.088163664267474282 0.083590227749431367 0.079686189531638973 0.076430566244653275 0.073544651738425185 0.070966306360456213 0.068658105021397825 0.066603447897726875 0.064781116899915128 0.063179624192274575 0.061765029953100181 0.060502055739671143 0.059375840514984964 0.058359135590669693 0.057434519913810038 0.056598282937679635 0.055841805893239456 0.055150502191662405 0.054515715688834968 0.053924453680618205 0.053373462351409134 0.05286069486335547 0.052378108096260145 0.051921075014051229 0.051490303593602883 0.051084650230422524 0.050699818831994328 0.050336508335981356 0.049992737474212609 0.049665191319305982 0.0493504488817171 0.04904638833045917 0.048753683728818081 0.048474257916554034 0.048206549740069361 0.047948697894022174
0.1526912757671027 0.13942260281301389 0.12027918340857016 0.10719167635905555 0.097970762009855203 0.091078053221326935 0.085562300888156903 0.080984482825761303 0.077129514871058513 0.07396803179137848 0.071243166351909748 0.068998213563971456 0.066973689598078312 0.065140456261082655 0.063488896020925736 0.06200679171724699 0.060695963330283792 0.05952393337277543 0.058474693959548553 0.057533850665350265 0.056674899835277931 0.055886402429029605 0.055169537122205514 0.054516693584551995 0.053916878342210331 0.053360351313197038 0.052837560364836042 0.052348017892647328 0.051888097431373167 0.051451506564202443 0.051038343233373244 0.050650150726723908 0.050284819668238528 0.049938075266177967 0.049607235956432766 0.049288822485963169 0.04898062543848411 0.048683788381991076 0.048399285902150202 0.048124920439696101 0.047860636689530126 0.047603419841023328
0.13290112120784237 0.11990317784981486 0.11054582156631262 0.10147305571412396 0.094065138307347917 0.088074413182167077 0.083109873462475864 0.078873691883209002 0.075204905863040711 0.072003487752690332 0.069258833909901715 0.067044030018255901 0.065130540472235071 0.06353765141008054 0.062081226239680529 0.060755170230969539 0.059552747141424847 0.058485799097243107 0.057520933119149256 0.056653760567429948 0.055864423441847583 0.055136754565270424 0.054464640066749857 0.053850370857146855 0.053287273547613034 0.052766064503939385 0.052276385573067304 0.051813637721361952 0.051379181962582773 0.050968019379132777 0.050578365240592692 0.050211652642577154 0.049864199654494894 0.049532547584560674 0.049213131672595063 0.048904104587086036 0.048605936635082177 0.048318859923702877 0.048041625184507553 0.04777261784824717 0.047511381859266365 0.047256822086615691
0.11524068673477264 0.10678091721776141 0.099245883295079149 0.093901448676699695 0.088746180819215315 0.084112746415763051 0.080027996621528277 0.076415812212595052 0.073195762494717959 0.070309833348167664 0.067727988772172829 0.065455451136545148 0.063502283960924361 0.061919168206210767 0.060583416839041782 0.059427296403174394 0.058362333720391929 0.057395131098028851 0.056527317943449007 0.0557329577930155 0.05501283802257996 0.054351178022361016 0.053733616279210923 0.053160429118326365 0.052634362562635442 0.052149069529587901 0.051694839694134284 0.051264339976754655 0.050858486799380168 0.050477438289538989 0.050112949071313882 0.049766036016269319 0.049436307067808979 0.049118966143603629 0.048812021802338845 0.048515286651396219 0.048228312840283352 0.047950733368923595 0.047681032103218599 0.04741749033696472 0.047160142052050789 0.046913961422180767
0.10058634425906311 0.094724250413452019 0.090061894689666105 0.086013072077640723 0.082824939395890085 0.079587143987976186 0.076477779135834312 0.073573153893682547 0.070887492850015887 0.068416896875544017 0.066145749700220829 0.064081196916690231 0.062214672250523455 0.060559225134318342 0.059183772903534444 0.058050656464754921 0.057130692754261789 0.056272649954648236 0.055497565241788387 0.054787002902601148 0.054132683291423185 0.053536063574051454 0.052978822530897807 0.052454937011825242 0.051967091426901681 0.051518465506399332 0.051101014826725716 0.050707888391864533 0.050333366752701669 0.049979216523293929 0.049639782305757676 0.049312708627723328 0.049000527287182585 0.048698543772269405 0.048406721722846567 0.048123476462425971 0.047848324727938943 0.047580550470904724 0.047317917759853251 0.047060161069455854 0.046812998838141676 0.046569897323410478
0.088726845558536535 0.085425891137943188 0.081994235766413404 0.079005254528461522 0.076940814412995148 0.074896661930098085 0.0727088523896431 0.070507307391275989 0.068367393594905762 0.066327726998954575 0.064402342136870974 0.062609882184395033 0.060949245963508675 0.059417002898549738 0.058033224667291952 0.056837428085603305 0.055894098036909083 0.055131752568355188 0.054444072867916637 0.053822367654069316 0.053239023468558445 0.052703189562083218 0.052207550146000481 0.051737462810633676 0.051295775715354416 0.050883625868345675 0.050504403664495032 0.050145497152842666 0.049802556859044826 0.049473828451409255 0.049158763436130112 0.048852536934555886 0.048558590107311617 0.048275081805230713 0.047998633111394101 0.047729763808815245 0.047466516156153209 0.047207525679476892 0.046952200669529306 0.046706560986558301 0.046465313194005348 0.046225754543026722
0.079249841261540083 0.077818931651018386 0.075206998642278047 0.073263963695534409 0.071658387187609016 0.070335344466536137 0.068934041828824427 0.067369862137368286 0.065744991979658884 0.06412378407220512 0.062540326025875864 0.06102682164334855 0.059597131624292768 0.058251403598619647 0.056989194414761378 0.055837709566061135 0.054823145865092952 0.054023015155443901 0.053387494047831704 0.052846138817595534 0.052342030548242449 0.051866866839472961 0.05143021802547125 0.05101871800448142 0.050624103876897295 0.050250345575391653 0.049904856609061993 0.049578492502110605 0.0492661878421276 0.04896294014079252 0.048671667692128086 0.048388933705379306 0.04811472409440716 0.047849686250892115 0.047590655663725903 0.047334539521178623 0.047081830007146309 0.046832366201727482 0.046590464127902874 0.046352923787366475 0.046116846592649502 0.045881353976357002
0.071747028983817115 0.071334521316855914 0.069886371545485382 0.068279067874676982 0.066901092191293171 0.066213169234813643 0.065305162170609055 0.064281949404488017 0.063114938127630971 0.061878880243078971 0.060619490602154165 0.059375886446054696 0.05817537706921716 0.057023236773139516 0.055919262422392216 0.05487521697014671 0.053915782075738779 0.053069436932693934 0.052388988101156157 0.051874495960382662 0.051448784312605814 0.051039224294938498 0.050655870193275256 0.050298802885045943 0.049952051488485097 0.049619424470793358 0.049303927538642919 0.049009920971826014 0.048725761174422615 0.04845039985095944 0.048184054401465989 0.047925241983996024 0.047671551313510849 0.04742505720806181 0.047180790873073697 0.046937470850652849 0.046696022221137883 0.046461767297639123 0.046229631450027009 0.045998895716230989 0.045768311076797609 0.045537397053547021
0.065744106211351544 0.065879680345573954 0.065165864299897583 0.063883310544477462 0.063049765391337886 0.062482801361338526 0.061972358966946084 0.061328925287627095 0.060551153991660008 0.059655256256365197 0.058691840228057249 0.057701491020800424 0.05671718355778068 0.055750699520558777 0.054808336086964435 0.053899858669875698 0.053031464135394828 0.052238992725529225 0.051533416812284891 0.050963173881038513 0.050563620788081645 0.050221275624929007 0.049889322655678504 0.049580318206053471 0.049282241707048244 0.048989407827791327 0.048706842243840164 0.048442126580349368 0.048187734422566075 0.047940893300071341 0.047699004338980222 0.047463859073662185 0.047229926233601421 0.046999422619225087 0.046770271306673925 0.046541138225905131 0.0463161986593916 0.046092407182840398 0.045869082258288618 0.045645509784126535 0.045420800991728252 0.045194879038640536
0.060913379943896451 0.061285382531452451 0.061031054645329597 0.060259071443967901 0.059618131834248883 0.059175131242713966 0.058962721130422918 0.058579183017235192 0.058105644505789332 0.057501808744072166 0.056799293095455956 0.056037456665639612 0.055254131125438664 0.054462778287853043 0.053673953767855477 0.052899002995863517 0.052145083841549263 0.051424899695950335 0.050771147644413157 0.05017882635428754 0.049721021231351893 0.04941315728575861 0.049135004964816091 0.048869069344259261 0.048616727496250942 0.048364566355050147 0.048118807556296862 0.047881627848204995 0.047656751971132991 0.047436202100572283 0.047218833113208007 0.047004602286463783 0.046789846778531721 0.046575179970542419 0.046362795859999015 0.046151452534331519 0.045938547146188322 0.045724542174108637 0.045510029644372327 0.045293799556052457 0.04507535154382606 0.044854707622409964
0.056929410321300819 0.057386928621308016 0.057420893297977393 0.057015258709997282 0.056530903498858288 0.056269347507288382 0.056241967610645885 0.056084315548138808 0.055811861802420377 0.055449951858094274 0.054970805957352868 0.054411332985682077 0.053809319364468075 0.053178226647273563 0.052532630832522867 0.051883889505320156 0.051242151574853206 0.050615315074119364 0.050021021284053127 0.049474978664985 0.048984571229375801 0.048632247682922423 0.04839579427331496 0.048172385941453885 0.047962100600095585 0.047752045820356873 0.047540649441493693 0.047332687630604588 0.047134264884203865 0.046938258126748997 0.046743802832780484 0.04654911362514446 0.04635335941557836 0.046157350618773497 0.045962790984865623 0.045764564392661661 0.045563337412905816 0.045359450125523525 0.045153584953554704 0.044944829636446693 0.044732902032319777 0.044517915399682494
0.053564284637792406 0.054046245253155864 0.054262656860101205 0.054110401227095921 0.053772380716401988 0.053690948858125004 0.053823700882344831 0.053810437753542842 0.053705867158334024 0.053515903995524763 0.053224779192971632 0.052840805157317622 0.052399192428989876 0.051912691746364391 0.05139883969859714 0.050867421376753819 0.050331758957849096 0.049797163393901688 0.049278009117694414 0.048783586141565735 0.048329636682411067 0.047938875840094444 0.047680361750380422 0.047497273776838982 0.047323532740510196 0.047152623541867528 0.046974652681251117 0.046796698968847694 0.046620479019897701 0.046448634985380037 0.046275367293223305 0.04610029766385202 0.045926395378876557 0.045747914228895084 0.045567082077669588 0.045381722458669921 0.045192014981296248 0.044998309908223101 0.044801053049988625 0.044599806543584058 0.044394693565768653 0.044185414477015572
0.050676144619875581 0.05116180351737433 0.051486766238018782 0.05151145108370557 0.05132329657943499 0.051388871090808544 0.051650571559935167 0.051758538772775219 0.051773230743420592 0.05170818727541078 0.051572573950473391 0.051338188394951051 0.051036457155684445 0.050679553125297538 0.050284821305603425 0.049862187309716935 0.049425037543051449 0.048978580071147741 0.04853569309572775 0.048104894008173554 0.047696813215901697 0.047328511063503179 0.047030403360140305 0.046844132610605806 0.046704802270855272 0.046568742913777238 0.046422682192274696 0.046272347575465875 0.046119009767248094 0.045969380905623733 0.045817678459725321 0.045664599213547624 0.045508253054874409 0.045345192720165919 0.045177263752000631 0.0450045088426832 0.044826031314739306 0.044642328663848999 0.04445388358452855 0.044259989911871737 0.044061417698153388 0.04385770110177975
