outputs/Circuitscape/Forest_distance_cum_curmap.asc
ncols        432
nrows        308
xllcorner    -5.981871681632
yllcorner    49.950500611482
cellsize     0.011734839655
NODATA_value -9999
[rows 144 to 161 of 308, columns 378 to 419 of 432]
0.45631365075764857 0.38460062607504009 0.33925066139922128 0.32286630652060283 0.34127552093696045 0.32932202418479378 0.28220140809081673 0.27926262703155402 0.3156065546878295 0.39693105740859158 0.46376528936066946 0.47693004358481456 0.36138751005341985 0.35302965281722709 0.2875989394091224 0.25741597869801042 0.25722289521376285 0.24254412287509139 0.22705825059584528 0.22915068858522122 0.21684518769553424 0.19000451005167313 0.16977688894718707 0.16635885795176375 0.18411741264535103 0.21328499190377381 0.22335217922486789 0.18439486311695499 0.1535694188109894 0.13878627375253533 0.14344989554421456 0.16248073264113319 0.19150405984706403 0.19499639435767163 0.17185241298945764 0.16600740975084516 0.18337142389300454 0.19084421636776366 0.17120872989710417 0.13393608911861149 0.11017456735164377 0.10610609981744258
0.48923370728091026 0.75233591730881133 0.47011397878579231 0.38603454987520791 0.41611764017362679 0.38947723172121018 0.32291225605901952 0.28686517806768896 0.30212108843832847 0.32554393650253199 0.33197459033834092 0.34033417730845761 0.4648652064830216 0.35396312621807768 0.28025869239868784 0.2536047896821495 0.27906768855539066 0.31134303002950403 0.24512880089670108 0.20063202300361899 0.17867895802408207 0.17028618650346117 0.16542991209131669 0.1681606897601344 0.17928936892593822 0.188085434250233 0.18054114966133999 0.1610463966763383 0.13950775783484551 0.13138825299455534 0.13554004248102636 0.15233450312907618 0.18683740530733628 0.26668583553615144 0.19415566866700637 0.17843947041550542 0.20413296153684546 0.28755859988312454 0.16729665334757463 0.12580641417691799 0.10570567261809216 0.10534755971782332
0.42048182105341314 0.71813648962775223 0.74809185864698868 0.71186387286018038 0.43876781853516972 0.368583039310734 0.34090318566704075 0.40771690897635127 0.41318830356092873 0.41099249626897316 0.35542221030648002 0.32472017440285827 0.34210756940314035 0.41314656248100379 0.3373944834347124 0.27720275499637131 0.28314630593266077 0.36138678403295688 0.26944355431548406 0.20503943271840117 0.16984183290832794 0.15775211336383094 0.16816987195396696 0.18902105463134206 0.2014571219224561 0.19553445254048268 0.17076665735223676 0.1440812312788311 0.12503852847953617 0.11891978121438547 0.12287443499406961 0.1358237723632878 0.16180541700699813 0.19039198174766736 0.19462756779664073 0.19036563623059313 0.22653415887258965 0.27169021535067406 0.18890245502923741 0.1316390327304906 0.1095894474191476 0.11293632558459107
0.35376960354382636 0.36200032738035964 0.44179491413158534 0.46417597531732468 0.44203878857194512 0.39639851802588527 0.46203968265571616 0.36456882384634315 0.37820422555338457 0.39292690694345583 0.36934891659281577 0.33086720125868319 0.41625207658339436 0.33749497405677176 0.3840351763169601 0.36167743465533952 0.32795417915442526 0.34319734216170084 0.29759346569896228 0.22368694717890208 0.17749233742575579 0.15596700714108577 0.16329036888028564 0.18957772674708601 0.24778934061530256 0.22792739952890559 0.17355667151528825 0.1450338877565433 0.12646143082024836 0.11530416853736164 0.11719670077353138 0.12797958310970958 0.14458706285774359 0.16798612830872786 0.18681103551981409 0.21110128865558228 0.24184396278981513 0.2426720059775011 0.19872614549308221 0.14622998442755453 0.12192676307034495 0.12182811480377456
0.28978811065803278 0.28490813083419181 0.33910173234641683 0.43857563282219669 0.39555829823635485 0.33181903151134273 0.32181614404057679 0.3342533365296172 0.34447513706038402 0.37709443877963122 0.38916828299844342 0.35896060477203495 0.31814395950169333 0.28300540630029203 0.28440425859681384 0.30822222039539943 0.33383392017105817 0.46831764218894167 0.36095133701269405 0.27386011520847442 0.20828471936072421 0.17229926182739452 0.16636449749173898 0.18570680382342269 0.20413638636716183 0.20097976861650479 0.17650102565320774 0.14964823271067051 0.13124886791077062 0.12033825128563386 0.12147631007769139 0.13070290728466682 0.14126489973766915 0.15355064680090169 0.17035715393048145 0.21413954129486651 0.2844982662447178 0.26973290805062811 0.20431006979820149 0.17745673280560409 0.14628916646543089 0.1360991688448594
0.32979887320400664 0.32258753280191321 0.34961554294591074 0.35711111827056585 0.31671372012263244 0.28612548767388202 0.2839251642022384 0.31490638206529381 0.34677217682712458 0.38087090337052909 0.41186640107078598 0.38544702571256606 0.31894384576855317 0.27444677753116603 0.25084772759350532 0.24833186322010822 0.27052435136053832 0.322755434045152 0.42077597695318547 0.32954513551750231 0.26425068798256068 0.21328595277504875 0.18808467210335897 0.17527779299535629 0.17008111014292862 0.16678482208017445 0.15922867544898103 0.14330641613938161 0.12738909288691894 0.12388613411189853 0.12824514408059678 0.14209466793072742 0.16262677060929273 0.17084956351492159 0.18290747137825525 0.19467727220394243 0.21904671885095672 0.23460898718290196 0.26658975373228305 0.23392712885678357 0.16250093800315166 0.14142915685497109
0.47018900941523223 0.36571875171656593 0.49376260485291956 0.37028664579315534 0.29471488886698266 0.2642880297891963 0.26336277426500609 0.30267446640301071 0.38837299402771847 0.44314540246452999 0.38385314833215006 0.34655472441033147 0.35381190624825509 0.33179165438255859 0.28534328909852658 0.25932916082299745 0.2635719581042601 0.29441852762992893 0.29659860068504029 0.29461269753331115 0.30441949845445637 0.30525210735227787 0.21739952576628793 0.18026340694671511 0.16367960224868144 0.15431114927908091 0.1463335245340745 0.13498766628865633 0.11993269713126842 0.11778042671574281 0.12366507097590529 0.13934803808436791 0.18031212860648513 0.24356987149434323 0.18513908725267358 0.17525683617035948 0.20234453027435578 0.26459423242673508 0.26492130371374706 0.21055372926351112 0.16845237713788072 0.14069780601635418
0.37030693324545561 0.3648256204145377 0.38972052731198797 0.37438675483329786 0.30433306886528627 0.25714129469732538 0.2446211785571904 0.27415254755097129 0.3127135021698465 0.33987867592403054 0.33596321805099777 0.31595877926935367 0.33208384230296828 0.43120032889535581 0.34567654234551548 0.30805569647482084 0.3406582945831797 0.34225543807567038 0.30958439636789881 0.26130001054894425 0.26045358347851194 0.26534276508041699 0.24070748123916991 0.2062397412813593 0.18110826008586844 0.16299877556610248 0.1505171250815116 0.13818540725589035 0.1220736123271888 0.1139496845312277 0.11707258883140417 0.1294031980967012 0.16373570813064584 0.30676427674935303 0.18964812550107654 0.19348543941368254 0.21828138609176007 0.23307026359775607 0.24485998300287731 0.22445569822765166 0.18246657665148047 0.15045308325414461
0.30670053893935717 0.32631400313631936 0.35371208940288501 0.35263311938237601 0.30537237212492618 0.25840421661743324 0.24098817387836044 0.25175104798014558 0.27371985908187807 0.2881985078369147 0.28464507417886781 0.27081163100767219 0.28091621516368681 0.29386611527359208 0.29603797713054725 0.28777032522602475 0.31951346466106023 0.5847787585374018 0.37341248301737195 0.28794855507462092 0.26663711936438367 0.24543993836117994 0.22757271130694379 0.2239536960882994 0.2119264233496253 0.18544071918255578 0.17046992041433984 0.15908555751370029 0.13984820816572907 0.12024074642934326 0.12302474153887012 0.13895971980136468 0.16715765781212311 0.17821907110333346 0.20191310066142962 0.26160996261547165 0.24765053708535018 0.19724344858887138 0.21407553012511787 0.25633042305206799 0.2131513377589081 0.17072067893212481
0.27820445091211254 0.3127505282801275 0.3676932506741899 0.37907508384102812 0.33295197323539555 0.27832457909558439 0.25828189463792328 0.27090719797902485 0.28555684779028506 0.28419917950139012 0.27928354902612162 0.2715008456141339 0.2552467447159284 0.23475659474069863 0.2389619138844285 0.24790749649274835 0.29459280458913562 0.37642557663165205 0.36853683496989154 0.32328150437921549 0.30887455543179565 0.29998797177488534 0.23445276857169564 0.23085003611033572 0.27331341035955292 0.21852964042564738 0.19271681007613453 0.21346100132048951 0.15599572296648251 0.13558475314711294 0.14292612791136741 0.1571605812910416 0.16273935244642529 0.15468116788452183 0.18120424880100083 0.24061972521150479 0.24120668572356815 0.19723922489935145 0.19442249607371187 0.27002890477833352 0.23161537425998263 0.19845601497353282
0.25214725796128934 0.2812827645693956 0.33378553920247944 0.45134399167664918 0.38249824772359431 0.29981521789442511 0.27776155436884276 0.31747756641901981 0.34691621913111603 0.31547274559146421 0.31338465575761387 0.31816697006522349 0.26110013994346631 0.21062122316080673 0.22775859708970503 0.26699146595498391 0.29055290227633523 0.29837188742508886 0.32965173570994438 0.37489045080009381 0.32090137741155667 0.25713464083362941 0.23608992493866493 0.23673322299455163 0.25655846659989157 0.22330262445850929 0.19488217222878851 0.19006177530969559 0.15545614982476458 0.14768130798630055 0.17445342661915408 0.2148221771974628 0.18620154464664385 0.14580119725578555 0.16370065194256428 0.24353848087429672 0.2537105292467961 0.20533948240340077 0.186588466026089 0.20020945892580527 0.20756698002988738 0.21452676623110398
0.23865178374289886 0.26011330504205155 0.29469796916289809 0.32337339958305611 0.32504900561618344 0.29311616921328515 0.26957747331223358 0.30971506984729741 0.40991869368737444 0.34475544507997125 0.3468378846896214 0.39163499737256052 0.27444423513269833 0.20704178009458449 0.21965041734308086 0.27745286997079616 0.29941892345295418 0.24625634505192329 0.37296213698381936 0.36518128808960593 0.31110105102195895 0.25257836769579223 0.2208853303374505 0.24541609180394508 0.27219722790165823 0.23356248055621515 0.1972077577973812 0.17389513717593691 0.15409844042934545 0.14791515323286564 0.15471858783965492 0.15907435866626024 0.15591262960901117 0.14563413507656817 0.15700589625462213 0.20319107524633262 0.24413509293053759 0.24449213457319902 0.2104238402941887 0.18117459433648059 0.16638936212552713 0.1814943256452789
0.23563280625131508 0.25201840679875787 0.26481385370207927 0.2689519845968702 0.26488395488369876 0.2564923875458166 0.24904934565454911 0.27000839702869955 0.30001682713807637 0.33849333478589205 0.36640875622281488 0.36495325668728101 0.30465388289098605 0.2340540412716714 0.23022033155742744 0.23820981988451156 0.22729834403942925 0.22092498283381368 0.27059944561377525 0.37425321687719981 0.3453404487948325 0.27170409346962304 0.23880299718636219 0.25722453435218434 0.28236062079165825 0.23405562085413059 0.21395242497707617 0.21983820484216654 0.16779182691946171 0.13993771268205135 0.13174205934244493 0.12974298306531662 0.13122040676300667 0.13383211543327767 0.14532569321428207 0.17354387859910053 0.21230552375747358 0.25387943733105089 0.27659985509769752 0.19224259815436601 0.14607130797401086 0.1532189318681485
0.23615491690881013 0.24817766810272235 0.24698384923959338 0.2385397330702716 0.23646819848208206 0.24138137530100495 0.2457798840008297 0.24389955961845369 0.25524090462581772 0.28893757266522835 0.37625131328748757 0.43243204989012091 0.33201050462173676 0.29707674573428644 0.25950425957670498 0.22251214505612427 0.19794077382288217 0.19002035927147054 0.22680411210909324 0.29555407674701811 0.33392633131288707 0.29116288705660109 0.24230835126333894 0.31501373682532519 0.30663406465541954 0.22621796770157879 0.20830350041210749 0.21146786175952476 0.17788494434195407 0.14532110414068466 0.12735594889708449 0.12029094741631294 0.11925011675056038 0.12347364572750626 0.13655033841979719 0.15666348350472362 0.1860009481038799 0.23313904602705773 0.27171804566756264 0.20899643968012194 0.15778266775376604 0.15254627301795889
0.25147576562943946 0.26279755698765872 0.25371016870405039 0.22729622695136112 0.22271745942464552 0.23869979917890732 0.26591178013773109 0.27283686143680619 0.25895843857400824 0.26788735431438521 0.32762046523533861 0.36946370140611501 0.30166535757742852 0.49277532701209209 0.30282073102250484 0.23304264499654592 0.2017265791341438 0.18372711859625171 0.19824911852873223 0.24299236563860785 0.33025052002144994 0.33924975090149595 0.26967359849076289 0.26704640141456515 0.25853645014056986 0.2350943880204571 0.2066590077906513 0.18885643408436154 0.17552684846866173 0.15337789123547974 0.13476453297698293 0.12229194530371884 0.11696116806526895 0.11997144171757887 0.13348200610649727 0.15194702000314583 0.17656017622749653 0.20541033159762079 0.22156958975243701 0.20913955142803428 0.17496869037722113 0.15777145661585473
0.29470464283112346 0.30322015901612398 0.27729272782026632 0.23039606186235795 0.21992801789400229 0.23550010358331272 0.28620261811970482 0.3721636035633456 0.27066703145214543 0.2568958149398583 0.28608027221183563 0.29361286484694576 0.27976292728061558 0.35574231122584499 0.35306643833307655 0.30649260995341898 0.25156923233390471 0.21181256747433669 0.19103706543172963 0.21507949936290668 0.26356635994831695 0.32454954608532133 0.33815579604576906 0.26426123546311675 0.23874044684861501 0.23673100476036635 0.21729630170718445 0.19018147447550804 0.16910033436851607 0.15264569182431109 0.13841955066327968 0.12663369718424333 0.11988874157016402 0.12173064891303094 0.13491504725560996 0.1535518191110658 0.17532280627362223 0.19502114498165732 0.20431928286772519 0.19745927922734427 0.17749941017351956 0.15794478722487604
0.33042722568737093 0.41413406415882825 0.29994748281567912 0.24481937704663681 0.23126952224822489 0.24186393057438732 0.29643884598890863 0.34144545560922374 0.27358561822627603 0.24381543022297802 0.28664277628307178 0.32402860301862635 0.25069441099302658 0.24208889466795086 0.30157455365888408 0.36773040464034279 0.36334013833863027 0.25638503524779288 0.20795458066646677 0.20931675290679949 0.24020285600558708 0.28960291174843134 0.31611396785253576 0.26987863563465736 0.2615781656380301 0.26367815258394911 0.23911126708633426 0.20021116894343483 0.172799300714475 0.15772878096895016 0.14620184405137981 0.13502513052303833 0.12644418136392649 0.12545307796378735 0.13699255465148616 0.15585348825032208 0.17799501846327553 0.19601721406594019 0.20248119397116879 0.19500384924950326 0.17628916071218942 0.15425892423943957
0.30000813875123439 0.35077531055066835 0.36659133369510111 0.32587821890613056 0.27342045597343101 0.25825949097630491 0.2816969720340689 0.37962890434143648 0.26015916743467732 0.22759830387320787 0.24520936366646889 0.26886430211465029 0.25148191935845032 0.22023058919622771 0.2555172717302347 0.31235962707379239 0.34003995579307578 0.30987112039015241 0.25716974821691813 0.23602652071493083 0.24953573037516835 0.25838019630980469 0.24548201672055103 0.227845214433301 0.24261461438703774 0.30770829876268158 0.28109076722744636 0.21663204655007812 0.18892665894527172 0.1744808729836666 0.16267172945848382 0.15169129177482846 0.13933969806005905 0.12986311911198517 0.13395022374191851 0.15320828223896554 0.18119861341618232 0.20688118944831246 0.21563066172498574 0.20408851232319625 0.17845490909536935 0.14987510053155823
