outputs/Circuitscape/Forest_distance_cum_curmap.asc
ncols        432
nrows        308
xllcorner    -5.981871681632
yllcorner    49.950500611482
cellsize     0.011734839655
NODATA_value -9999
[rows 234 to 251 of 308, columns 294 to 335 of 432]
0.91764305136955782 1.0462121414588839 1.2334329171951284 0.99200802112833375 0.84121478550442097 0.93749227760861586 0.9181587704786377 0.96863987988169409 1.1408368356436613 1.0326052868405418 0.95166869221099326 0.92112327421716678 0.91736843758847875 0.95622862216563176 0.99298951197058738 0.73295205073301084 0.70197689822716169 0.73973804951144051 0.8550905094496708 0.93453479278163631 0.78505003515778982 0.86781185904583191 0.77984817294500208 0.71159853523085925 0.75629754195104748 0.77132618254308016 0.66166073220951649 0.58182696859560878 0.60288887053747975 0.57652674567802431 0.53317190417757243 0.51532824812453482 0.54442723988410346 0.4715156725474362 0.43760601441480274 0.4646603003305817 0.51780087282928766 0.51797064300719098 0.49791866239126614 0.52475707651854875 0.50823213296769398 0.49593665412839782
0.76712782810178193 0.7522199886166886 0.71380458596027163 0.73359896518037382 0.7137663477877082 0.79842890337101202 0.86294518639727169 0.91793318448438688 0.97721602956904774 0.94188412305670399 0.85180914771666238 0.76886745817109614 0.70717142358380625 0.64591226524570799 0.53768676880086408 0.49940519583258514 0.48814611119801254 0.52311417324017095 0.55608526737710118 0.56614274070557069 0.64315954806398912 0.67055642813589467 0.60162035593228724 0.55252476208426582 0.5257149071795536 0.50690927332092828 0.48701963369852075 0.51029686062203861 0.51862089571474423 0.54507676348895528 0.62141651739860726 0.7628192614789765 0.59653241974819382 0.56741341981595006 0.64700972668859502 0.77231121792369017 0.71503935488849257 0.58517983223147851 0.48655540408209874 0.48534803336611537 0.47082867480819252 0.50636350882834091
0.79935444975898606 0.65574552464242186 0.56145366954621934 0.572447172561241 0.64596281128514188 0.75479309385583249 0.92789500386276691 0.98804936064581628 0.78568066838201056 0.71972839369247166 0.66537604941718131 0.58551352996820538 0.50483034153236284 0.43515841973959407 0.38623447626063623 0.38470614313079182 0.42680360977350279 0.47029543589260653 0.4987875754103952 0.53111878836884874 0.57290559111346595 0.52876671494522731 0.55501459371530704 0.63040946836525169 0.58966707003358465 0.46007631847753783 0.42595766319352729 0.39626959712039267 0.36670543426629276 0.40257494043498843 0.48256148982768077 0.49526831796933568 0.52275669618369991 0.5727555600294898 0.66924240478536656 0.68483846777547608 0.65035585439965238 0.65756487916795936 0.67100080368283732 0.57472657146161621 0.52456563465715123 0.56518364778484187
0.8232730788737066 0.6748680181350537 0.57650696847713379 0.53308228133151503 0.53705917034303585 0.57792962741801457 0.60849610156966816 0.6128032874192666 0.62763915354740096 0.5946725549715266 0.56632570081062361 0.53505885975376921 0.47883616347964497 0.4214724852950979 0.40389449581254971 0.43878793705262403 0.49146755030039802 0.59123289852101246 0.70324362953925879 0.7489248705647894 0.62490689930007925 0.5438883274051729 0.529670842895689 0.50632193483956778 0.48297701800115572 0.45612827278455786 0.47760645190695539 0.43612098638545238 0.36890062245158578 0.38132753693518739 0.42500409479998386 0.44109629786028159 0.5430217506358499 0.74695144951288706 0.84492936628738857 0.91400459177034044 0.90617103255136155 0.74395026388191254 0.81601643168006754 0.78197024201312848 0.76026744999465146 0.7408502212596999
0.71086083233512087 0.677165950026275 0.64063694039909402 0.60090078008645231 0.5429156856483961 0.52541500887348969 0.50454606177938288 0.48827152734032681 0.48966631783572301 0.51085782959110482 0.55086356154444904 0.5765096292886176 0.57233979629321963 0.56290160842161618 0.57163415424944275 0.69234808652022861 0.70296969864095549 0.7616141177668323 0.75183259470858677 0.68709423320098206 0.56186748947932652 0.54042983444635484 0.54713427003080373 0.56070969491929123 0.64059589110309001 0.74140279134154374 0.67341289476444066 0.61634279369713496 0.59305205376140457 0.51285719096813098 0.53843842943371489 0.53560679664225974 0.57578765704600132 0.72869784692025408 0.69061500873476556 0.62602121369324271 0.61465586714723031 0.65216981452699652 0.63667743229536633 0.71697753082518068 0.96242875599320254 1.1587139097203316
0.58267714297187123 0.65474766152060071 0.73599541611437169 0.80804532223583903 0.79391163977170076 0.75696142819601442 0.68016566920961519 0.62690917771590071 0.57564929350232363 0.6128581856549169 0.65311378290034638 0.67905556549911217 0.67959437740130213 0.73341207674481135 1.0396043645356139 0.9693946488510421 1.2075001758127015 1.0028202235991925 0.73936532561152668 0.61933266894355343 0.64006954383462533 0.62379086308973086 0.61117193034959749 0.65897501314599494 0.77878834023316112 0.91601698135869292 0.77928373037530574 0.77642770550474582 0.85447064528733807 0.96724523469760237 0.82928834367710369 0.72317128641190365 0.64736572015100391 0.72359161811286032 0.63652629701411723 0.58909228377566014 0.58769035945500936 0.61150230357550128 0.68450660101750993 0.86938886571406271 0.97469833272508599 0.80502305111654704
0.52309767319538469 0.62970408074719397 0.74555738047149289 0.88109945545647173 1.0921625894597147 0.98512273913627268 0.90618070514100424 0.89805761059195732 0.95904826992994852 0.87524086403256018 0.82170863233589142 0.85793074076653597 0.94646171566083881 0.95981674785475468 1.0479319333546189 1.3068550937665295 1.1141531433019354 1.0615337981776025 1.0334558412402122 0.90150124941497511 0.97792456527232463 0.7209176919521072 0.6458793885000963 0.65456901944891932 0.67253950628982229 0.5958143700929579 0.70901094019619104 0.91700054056955205 1.0768457459150089 1.1150763300747391 1.0780415047289833 1.02235296600713 1.2307686378364455 0.91282625146902396 0.73795380181636627 0.67558987264471415 0.6659319048615655 0.60181061139284286 0.59559962487936213 0.62377522442927313 0.57505727550099717 0.5631357410153599
0.51807063859298097 0.58104749779292098 0.64895823774110073 0.68772456187637132 0.6719504110626473 0.73637804959933184 0.77180740205188669 0.83700382597372613 0.94443899163636358 0.88856742812646372 0.85712891254226642 0.95141189553833794 1.2447374058764196 1.9375933768191327 1.8072911801240847 1.2308456048303489 1.0016549036317639 0.98277770918187501 1.1903448030454593 1.54587708407667 1.2009587812935072 1.0631658409368623 0.85186770064915596 0.7864321729962962 0.79572842125380627 0.76095383479991585 0.69234602415717272 0.81369074129119534 0.93652028416578603 1.1426739817151332 0.98400554210907454 0.98588599468178773 1.0947160782555825 0.74737513989886983 0.67195293590721183 0.672178005858446 0.66502252854892518 0.57986326551239764 0.53033936402881166 0.55617279923831131 0.49433147378549713 0.42391333302753864
0.5436683121007555 0.55911850823417875 0.55905625994173591 0.53933099408671237 0.5363148671340191 0.60180319481447508 0.63381946412149937 0.62136457307292792 0.63459366415054186 0.74585676706267634 0.94351869559623891 1.0893443424673572 1.2034057353074701 0.89891389356307949 0.74074279292378553 0.74646270332026898 0.71775612476270201 0.74667602374745068 0.82570123888232638 0.81014307571163524 1.0192434792414198 1.4242046279571638 1.5664699094487076 1.5295340550660954 1.2636993535054883 1.0521634978652579 1.1844371654338248 0.79851707632472846 0.80246225557045936 0.66850455054409452 0.7447901954260886 0.67140438134584213 0.46509253654186455 0.48575058960120632 0.58978271179873187 0.66843215506899667 0.69671521653937873 0.57254317444329894 0.72846731124422948 0.51471742533473552 0.38542377475537903 0.20341092221345386
0.6547217501587308 0.61295687395326914 0.56718840921900004 0.55513413219283603 0.59449980303273597 0.68925909168516275 0.79825358305764238 0.86858022865048734 0.93437891685009244 1.0810095955750572 1.1995350342774604 1.3192868635332209 1.1130435004567054 0.68760768713504916 0.46573406010849477 0.56786541720237427 0.70461790961345283 0.8844383920706671 0.99648825365078419 0.93220873408025484 0.91484180058280629 1.0039232176295536 1.1337445571170872 1.1541395913291073 1.0754536201259677 0.93897380184141377 0.75813619043817371 1.0237927411543641 0.72602766009291431 0.56523552599119398 0.49533828032242605 0.45910476320493043 0.45777552704955848 0.61698471546102418 0.60723288301617162 0.5351013382960339 0.45555687623666491 0.47727295896916805 0.38658845168462352 0.30918500051257347 0.24778005176728643 0.25722892100345757
0.77972492844324592 0.66173492917702814 0.59368649277028651 0.57918864809335902 0.62119125513890472 0.71596740379570301 0.85902863954330888 1.0165569431899741 1.0578815265361761 1.224050299611648 1.1055315089176925 0.92176646443158605 0.80195771092089974 0.83399771786872801 0.80255187449673937 0.83323093186412345 0.83411400941524516 1.0456021466818588 1.1614950807177087 1.1200641841726933 1.1189569723976656 0.96891910839492446 0.7471175299953301 0.63529847949925777 0.62958525734476722 0.62248865795150077 0.60337445359212716 0.53030358614549544 0.52023165916859371 0.43847806019265068 0.40092264086310131 0.40903198567688698 0.53330769785115339 0.59202946065179751 0.5326527460177608 0.5122440468155447 0.50317958433530519 0.39107621430743966 0.28946660466956836 0.25257968754294408 0.26264602469293796 0.29136721362955731
0.7445946530005475 0.6206864459084851 0.53648327154099074 0.51413167336027576 0.54393478630856817 0.60957470095091826 0.70377179086685515 0.83978217433974844 1.1056661277463724 0.88582038495814108 0.77527260321267943 0.70649510284075923 0.72625946623627546 0.90025166576691373 1.3210375497520834 0.98098890172082964 1.139145146545347 1.1106251534430378 0.90138041080988662 0.79467398094424735 0.77983460739484955 0.68724286408250812 0.59843329857116656 0.52515933332696707 0.48327690240743976 0.4706606590056478 0.48688228541050732 0.46810717435568722 0.49540479242374336 0.51306265039942212 0.55375722516017234 0.68388919993925712 0.5518236537887361 0.51726995168941792 0.44252622729744467 0.41960454222517996 0.38451883427291672 0.33854934731263642 0.315114279439902 0.32794322048308022 0.39840284772184154 0.36825433531008467
0.59226757157256638 0.53110912945527766 0.45195415471237016 0.43473011541825268 0.47064856415461997 0.52843717469266982 0.61272122810793972 0.70171925720548289 0.66610823626795679 0.62632424431711187 0.59477466242814614 0.60831699204024281 0.64921770597587292 0.73070032149676734 0.67207967653839262 1.0650497260350065 1.1419533384174556 0.88594614962232576 0.67671854881922722 0.5504486915311988 0.44918098060541706 0.43033758576664405 0.47155900401916401 0.50538614822632966 0.50000781889275348 0.45930151865304092 0.52777959839450639 0.62145709387918102 0.70455642322067868 0.73950402626059275 0.73348270937650983 0.61801854084558872 0.52287474059787686 0.3912017623592709 0.41891319013248707 0.37781229559897905 0.30246674716390465 0.28404030438353223 0.34597279273757231 0.45201525104455431 0.38468663937687053 0.30278757526769884
0.54588792957229382 0.53158764983692253 0.46269121230344396 0.46456445696282384 0.48386457867701027 0.51316389705754351 0.58154658097628176 0.61907025344786393 0.54950469539837343 0.50865974329938479 0.56934376737942738 0.69204212126346265 0.73556548607531558 0.65963206190342705 0.65912024084999898 0.59139992774800443 0.53275612771792447 0.5060251887040611 0.46816241878094417 0.40904486291272618 0.34936937293464049 0.35722874131133991 0.41875968460121687 0.50746152714821824 0.60582963529077327 0.66677141761968373 0.55129274301890452 0.46752847367597855 0.4596590099878799 0.42884329397738624 0.39868418872265599 0.42283451228536939 0.4519523858860256 0.63377305861023281 0.57333684967883136 0.44648567664906502 0.3729354968257747 0.34520007370789829 0.37666567050426808 0.39523799337149396 0.40036647128364589 0.41601938460641086
0.65862669070078173 0.70117691402748905 0.59984407230467862 0.61170254165520244 0.59557192814634585 0.63143938159053714 0.71629078359918008 0.74687767356952828 0.67739647287350357 0.658913025373695 0.71752983556246908 1.001076718023894 0.95995895371150752 0.92344127454028868 0.57252992303656303 0.44136413913546907 0.35222349080126508 0.32513610378218905 0.33166601774074023 0.31900353573275431 0.30485379569346543 0.32464129855978785 0.36842712518304715 0.43037201356470406 0.49606102905037924 0.53516327428107169 0.53456413455727425 0.58619073827023038 0.47695163522743661 0.40322792167220511 0.37622482291699422 0.44029372128336286 0.57428118536478823 0.45154468938659825 0.50601887286872382 0.57408418100716085 0.56447020044141993 0.54824310363101292 0.5258856302183631 0.39488432284391761 0.36043222630358474 0.3500043963813998
0.72735783605804749 0.83298952427458484 1.0287523212680367 0.73844039269267991 0.67363659020784628 0.82744824079359747 0.9413623939018162 0.83532836854893056 0.7881676815219878 0.74890017362741657 0.83636033500015317 0.35738718984204509 0.21188925984139703 0.17694624374403839 0.35213348349615153 0.30815842329211862 0.27020508506683638 0.24647745637232776 0.2524209550035808 0.24137675231270639 0.25310417342313651 0.26958262018050899 0.28904531946185319 0.30518369446647736 0.30941258692707935 0.31415078422338849 0.36959506616295135 0.36021060228444607 0.40629419392353838 0.45741073956135669 0.49123762867387771 0.40846266141369231 0.32933224474508216 0.31181986023796698 0.30663174076431005 0.31010113213683216 0.30504843716510766 0.2932783706818331 0.26817409841417295 0.25698761153953242 0.24546575946200974 0.25497511212666241
0.58781480475664782 0.58201825679827457 0.54889998705632692 0.61892282843193125 0.62038342768296539 0.64704971133765254 0.63341928210853371 0.60179968163242148 0.28033222764712801 0.173811941335662 0.095151416998946942 0.047769137532510733 0.04120396081212703 0.056995634043442836 0.045853406950070882 0.070429802422127111 0.067025816073837008 0.066020126543938781 0.083029757915810701 0.16182303569513809 0.18086227438036123 0.19522855965193389 0.20143929707677244 0.20036804208457148 0.19511976064684167 0.19658015192655295 0.20323844324057339 0.20708695936311447 0.23732214209163277 0.25595636613640971 0.25283517095436381 0.26482663483862018 0.21629490781120697 0.22673228306060589 0.23383732352396822 0.224266773290559 0.20143306101545333 0.1966997480263471 0.18513893038843193 0.18789314351569536 0.22037834672625978 0.23907836372931948
0.39806779516804069 0.37118411862867756 0.39570074794173427 0.44313871237311508 0.45462442554764981 0.45059913244474792 0.42589025353973625 0.15673555326082375 0.049204805139257485 0.040176080781052115 0.032945771370712307 0.032109006340839956 0.038648211943974158 0.037214369554491547 0.030825228833641954 0.02723995690063355 0.027763990863353575 0.031130703079397797 0.044394300047530963 0.041710853450161248 0.054130958113240646 0.056668128108024823 0.056815256515112864 0.055320827229784805 0.053491704922506135 0.052274528043361475 0.050487487066495404 0.05100999967035455 0.051711359043557684 0.050277024430214506 0.049183386735360823 0.068471072521414045 0.14803956517614442 0.18020381724443915 0.23306385400134583 0.25516374474899056 0.28589141492789044 0.24410865023859163 0.21051492051617771 0.27469486401927323 0.25883899307766578 0.21646226948097191
