outputs/Circuitscape/Land_Cover_Scenario1_cum_curmap.asc
ncols        451
nrows        316
xllcorner    -6.222126966401
yllcorner    49.837925530693
cellsize     0.011777559530
NODATA_value -9999
[rows 76 to 94 of 316, columns 258 to 300 of 451]
0.22720100584111336 0.35731153914233332 0.23270716410041339 0.22217806396379386 0.24288670740230967 0.3717136150280555 0.40160863832014748 1.1953037557544599 1.1969817964176421 0.45224268356201125 0.43626904998384974 0.41591516995041516 0.41205063950844889 0.419330166269263 0.37147982146715652 0.36384883136751978 0.35039706150907329 0.34312408242769288 0.34436893232982579 0.33947909731636028 0.30662259227761057 0.33456006219298695 0.32233495063989853 0.30833902979491307 0.28286187955641895 0.26350132253636471 0.20720191077201688 0.18665782956056892 0.2265802052671152 0.26601322846836339 0.28125569613572915 0.30768884803795449 0.30743971776354728 0.28977844334152913 0.28306247080102165 0.27479090174761212 0.26091577211563743 0.27058545914005172 0.26683896649106698 0.24901775581926971 0.23052804957515219 0.21431933636615982 0.20769689935052352
1.2581422206464279 0.39717102027500528 0.40557259641804866 0.37527365467666152 0.37286680684255719 0.36811623665133258 0.40396405814602671 0.29785480615677218 0.43309167224431877 0.52526913803538966 0.37148904548522366 0.34866925474190974 0.33693382145285428 0.34634489561582682 0.36779375498434985 0.32202878315253114 0.34927345120640702 0.34942782840363956 0.31877005087026816 0.3527540700647584 0.35658429865823815 0.36399409300197866 0.35230605937287307 0.29256017715107541 0.32964097736780473 0.50100951794486237 0.27058289591682561 0.24816591273945107 0.37927721772880024 0.33292286129107829 0.32731588517062904 0.31594313053774642 0.31942653390678299 0.30704642658375825 0.33244563711399944 0.28576455732594364 0.2768247585673953 0.27791721413337805 0.26853663982401632 0.26090587129005555 0.23650838630351523 0.21397199832475763 0.20606323523663489
0.23638229812702893 0.56427209017791413 0.4198267391111451 0.39659656552587386 0.38086787270670014 0.37266828945753583 0.49389488646714436 0.39679980741598814 0.31022893396349138 0.40942311217202604 0.33214081688382618 0.3390571545763213 0.33370093860697353 0.30536787247983921 0.3130701548551944 0.35077214624629854 0.34320056309551039 0.35009218217193949 0.35646236601267417 0.35407660398131069 0.36650296618132339 0.34845154585302474 0.49681392145479969 0.23866110702793894 0.45851198657023667 0.45053584334895985 1.2181790896973073 1.1623484997332523 0.36533353031068838 0.33350017520529679 0.30658283528488284 0.29490104238395176 0.29333637737357016 0.29984891281064668 0.33471961375281722 0.3292794601764677 0.28976644639003252 0.28556955098753317 0.31770746523141569 0.2984771548737335 0.26608238513575677 0.2081480356186029 0.18613716868065944
0.28168626360371524 0.35382529655895112 0.38501176028861511 0.37061865244634506 0.36019148474567875 0.35140718119571773 0.29402446304725804 0.28427598416295818 0.30947038390472448 0.33088652585304418 0.35677934596688488 0.33916407814989591 0.34283636350494912 0.34777601340252595 0.34450628181259546 0.34234570463264974 0.34636303152975612 0.34879007051934907 0.35174415509835188 0.35598469324721665 0.37810814347637212 0.40308025483951793 0.42143137447883017 1.292276265237372 0.43843953477677533 0.46525980881611823 0.26875336243052639 0.30599125478890776 0.57077839749235215 0.39122622788786748 0.35881127808428304 0.34495185708794229 0.33980961668940551 0.332794570649529 0.30450631600645106 0.33405519392157135 0.30528459524084789 0.29651973707962342 0.2955021655851845 0.3225785574285992 0.5045081019211004 0.24753865414835241 0.22202143612141656
0.312174437955545 0.33254765577501755 0.34876118326978145 0.34369666489006306 0.3403759811291025 0.31624403037722237 0.2937916213385634 0.2906726803548455 0.30088476563055011 0.32490807281372686 0.33868712263756129 0.34194149201898333 0.34500077609342089 0.34788180786553857 0.34549858963408442 0.34578412047394347 0.34599651306432105 0.34379774424864451 0.34251597347652918 0.34288962761574476 0.35319518186999488 0.44907605678281587 0.47789911314516909 0.27162594626669156 0.48503428591070574 0.32569318159940996 0.25315675826626038 0.27812355957243273 0.35475261794203222 0.38279997794749177 0.36591132036950991 0.35661455274157594 0.35053630661579932 0.34353772446136061 0.31366535145029129 0.33891636460227231 0.35083739285723092 0.34417352028589637 0.34585372559466226 0.36420643436196998 0.35684017403711826 1.0824112273520274 1.0633698979393684
0.31704496628887857 0.32373493016237648 0.33343952127700921 0.3280021633661816 0.29158822130251716 0.30838163008287794 0.30742011264581187 0.31278287418885814 0.31495997388547509 0.29276854133252211 0.33094704434687761 0.33903102577098654 0.34281626423785383 0.34999987160706958 0.34016341958805885 0.3622916964726024 0.35970143229485474 0.36000715004972378 0.35286713221998678 0.34186632953015017 0.32654620511132426 0.2741623751949101 0.252532658378257 0.44145875683055236 0.34493950602305035 0.33107423600281416 0.35602309193914 0.35804308501692056 0.33510455266933947 0.35167845811230775 0.35590187499736464 0.3541584947070231 0.35088253721783502 0.34904199627380672 0.34874728523973375 0.34874479586323937 0.34782831050472812 0.34593477017148766 0.34462681565554293 0.34117720405220309 0.3695328562688211 0.25115802182455077 0.28340068344428648
0.28832655939638974 0.28698300207285998 0.28993459036660746 0.32051691179629604 0.32113867009844604 0.30521709459593238 0.2796322949070944 0.28752932657552305 0.32120018963490904 0.32973931448375793 0.32898678480432614 0.33655626205349842 0.34655302853158626 0.337694914689112 0.40503164611166576 0.36436286504027116 0.43281687610562336 0.43996544305494584 0.43321799814690359 0.38789935221964922 0.39234556731778947 0.26817145352705063 0.25377312884346481 0.28521525595770958 0.35400144389655847 0.38233578915092192 0.38175152435798837 0.4032434493683324 0.37276529853746326 0.35683994395434049 0.35344600430631001 0.35047220497472448 0.35139640014812534 0.3506018797721322 0.34238386515148383 0.3140629717878109 0.33696767941730299 0.33520155604094665 0.32969268184927025 0.32063778834524115 0.2854404016481914 0.23980423056211184 0.26820206913418948
0.32899397132211217 0.32364314034910863 0.32186489115733619 0.3181434893872821 0.32054718412200045 0.31300905942305191 0.28586877702340591 0.28630351552348182 0.3170196467148616 0.33050392477485996 0.34463954507012079 0.34407783162200961 0.35123841816009521 0.40713338542504995 0.34352239651793809 0.3652484053342398 0.3537149747125386 0.37645997510128026 0.39494818794769027 0.39728781055407486 0.29985985451333325 0.41361801492329886 0.38642754704285326 0.30885003442094466 0.31388300413462261 0.35634314110856352 0.37278123483193804 0.39950436722240229 0.43756127614964513 0.45282346550818003 0.35522725547924916 0.35020831161094651 0.35357563308677159 0.35277909436144927 0.3462976769698356 0.31175984314746497 0.32812686430431975 0.32762002235473231 0.32001098930076943 0.30420177957360495 0.29293062964088268 0.27987144100554218 0.28546223029232665
0.33212805271627399 0.3308699840478696 0.32751403469710377 0.32345666191941991 0.31792802908261314 0.32441465255772928 0.29634486359114998 0.29159337429935356 0.31793499527980851 0.32755076293700164 0.33822752728724947 0.40302843326006488 0.41013852801095058 0.40620978497762605 0.42193886791180379 0.35677206576489723 0.34424634860262537 0.34281503009217101 0.42646953687668687 0.56246071252566143 0.42547128403574053 0.34549970178378719 0.34525703864889362 0.35003633948023255 0.32508451006677219 0.29242391288910879 0.24852582932911993 0.25850589731067147 0.27944617858022208 0.31341685140031872 0.41000711509955817 0.3521232481737796 0.36120420769196021 0.36257124731207208 0.35229482164200887 0.34530149529485232 0.32741341776234356 0.32515398099190074 0.31765040246796411 0.30123111926757229 0.26593575470530068 0.29119981997524041 0.30069580675197877
0.33059991430927127 0.32952409215167289 0.32766910603683019 0.32648652652704069 0.32498061696859382 0.29150449709405807 0.33076212239287167 0.33002911714073818 0.3200701395361441 0.32540428559872336 0.32916295289468839 0.32733152716313874 0.33823045818381525 0.34254484054149936 0.35073419079667656 0.37042976590867993 0.35158536812644681 0.33961642614936949 0.3017712310124146 0.34297800308399135 0.43014966122307963 0.36165446873306778 0.34663274310828551 0.34697771845821168 0.40306148613655202 0.37924169247963113 0.24685609976296463 0.24324079063613024 0.26266309216575279 0.2635116587909565 0.38689509025208019 0.34569615809583609 0.37091357793381585 0.37192256171031429 0.36569943215093198 0.35939950868498133 0.34059288231203655 0.33424186836545555 0.32155662262767187 0.30755177259299576 0.27269194309220601 0.26607085663652419 0.27618586875583773
0.32965186746400638 0.32924498661194712 0.32936415396682589 0.32493079131442554 0.33100034663776146 0.33121148958152474 0.29272690234164506 0.29468288632245382 0.32403524431741892 0.32533658459171938 0.32310111684266268 0.31748003448745127 0.32723538233396066 0.32867722671844823 0.33667806487067181 0.35028137912130458 0.41333795347277241 0.40961354451977883 0.34819842905444592 0.38839872943344189 0.40519559717900167 0.36888659081455655 0.35435451500738768 0.34753330559386086 0.34974225859064972 0.40489012506789612 0.38686588000708089 0.28014961231185787 0.26390942121464223 0.38193506777253194 0.39961934626025625 0.43927504684397445 0.2683485781651081 0.36753792744062208 0.43439696967703245 0.43399817313613503 0.42613805215117084 0.35248335964497185 0.32738171500056185 0.30847168107686734 0.30613469860048359 0.30654672989085857 0.3200126358741695
0.32907740271593411 0.32470867465691056 0.33093104349769853 0.32742495506925495 0.29931483766334832 0.33094143751506233 0.33358845944955279 0.32817439990362446 0.32432140987421421 0.32795130602167843 0.32707235271224022 0.31995095153724262 0.29534834328229853 0.32356094306130845 0.33013450371953085 0.3386688076057402 0.33853820251410582 0.34882645878959967 0.35571861861915216 0.3383921441488274 0.35131034538283135 0.36702227136506255 0.35639316361270224 0.3496494589853969 0.35224177259636974 0.3971094601395696 0.40055591786397515 0.30851577516389445 0.3991776278093232 0.40143072515458295 0.36132576934379851 0.37813727218687543 0.46970965945273896 0.36664048122214843 0.36032835823485693 0.36737345589116838 0.37062491959449212 0.386576570605486 0.34891252224843694 0.29168394863431457 0.29544817502625542 0.32072713147092335 0.29851483046569272
0.32902478741046687 0.32732028068619118 0.29684653808606482 0.32844289931714721 0.33490661697054264 0.32985270123457289 0.33454974010080579 0.33259360520044479 0.33111172195017607 0.33429127450951679 0.33577002143290041 0.33015103033527493 0.29695939584183656 0.31563629169267349 0.31786958952475591 0.32763239325645049 0.33180314794518373 0.3335352720960818 0.33505644200966317 0.33522891470632016 0.34210646908425085 0.35559534814769933 0.35314496849880878 0.34804158680136149 0.3683079241835448 0.40681022289870861 0.43019888407675549 0.42573625438002138 0.42126838392402893 0.35117648795840734 0.36119910653970871 0.36679229552059045 0.37338813157475859 0.38203796622417469 0.36500661882189345 0.35898061873539111 0.35682147423596899 0.38390247916103409 0.52865091897549044 0.26381859422852622 0.32084748756132375 0.29239895553857753 0.30462423577111214
0.3240255836200433 0.33400389623090798 0.34297236929744351 0.34780173785995655 0.35365651949859656 0.35249990762111461 0.35044487879554781 0.34820275684709057 0.34249587726509795 0.3528165379986915 0.35003426562150586 0.34134310918786281 0.33310672832848143 0.31674805720693644 0.30383874150113854 0.2780233901606049 0.28740046038376482 0.28746508561253803 0.29243455269679114 0.29827796507440324 0.303250182852286 0.30676224524860879 0.34117764014439644 0.33781406574747913 0.3354093811651927 0.53856755011116042 0.56934759768570764 0.58345588205983412 0.37402761467885148 0.36593772284527154 0.3270307210760382 0.32493842350589208 0.3217169515208893 0.36449205340093671 0.37342298327238543 0.36801274313070143 0.35540456837348194 0.31961689626740075 0.34572956712910002 1.2035384418204913 0.3388316769548283 0.32617221051396145 0.30860085372015944
0.37486402233882199 0.36475210649678647 0.4487296004063096 0.4490145888362459 0.44797907307332963 0.44547868659499068 0.44100523309034589 0.43741049077604682 0.43247107736662538 0.39296877841334005 0.3831348646345768 0.37601676557729952 0.34069661940600027 0.32345435805993289 0.31741356464600085 0.22035014695808985 0.2117037182605771 0.28422536216924577 0.29001292388312494 0.30540602862336375 0.3081118942769025 0.31600974833066575 0.30019406309312302 0.30037562779980004 0.37879861393053549 0.3291345194272654 0.35057548921956361 0.35655543814215418 0.39128098885112855 0.36462272948660263 0.3717657304915386 0.36710283178800129 0.36580206310858654 0.32153792049072794 0.33352136751835909 0.38881291894841485 0.36950920152887501 0.31059326384253239 0.34290594223233595 0.26046972850619432 0.56008222086223802 0.40341631487816443 0.36363669357226758
0.63483995776980073 0.63682342946885906 0.48215112306079938 0.4785714185963732 0.47305306297349242 0.4672236960524091 0.46196802315825714 0.44901256993162036 0.45238826023920536 0.41137102725644981 0.47673967086790786 0.50659291829048103 0.46007242177569285 0.35332673463070008 0.35070252721985973 0.35360665579460976 0.32743925410695229 0.32678783805202938 0.33403220331366629 0.32173701062617227 0.3596103512758429 0.36446497305596814 0.48033775887328811 0.26242163959193526 0.39238277593668075 0.32559192123851521 0.32110643260522198 0.32997856856061902 0.35240629044769417 0.35988642498142021 0.32800337308096128 0.33325893806611051 0.32898949853834947 0.36794502171663279 0.36776616789763072 0.3938433322133843 0.55690413373948799 0.27495808096577329 0.31854187424231306 0.27090588301894941 0.36874980091142096 0.40542765668312281 0.38200085126044558
0.47011696865022173 0.47018200318469677 0.48708265782842342 0.48398065396762369 0.47092484022228709 0.47201131564921972 0.47028657672413954 0.46124809359295676 0.38943019855651279 0.40581818758459465 0.39212608678915162 0.41893914290204864 0.64672374452020398 0.65067886718781986 0.39678978119652342 0.35726791024171389 0.33812745574691749 0.30925975692285124 0.34624812672349581 0.33603750695424905 0.36322610218675361 0.39551856331598872 0.32625700039301253 1.2402407343331141 0.35996460687075205 0.3548789526220304 0.34309690444307606 0.33820751808992217 0.31614961208072401 0.31133799139358309 0.32209955385470557 0.32608364987248317 0.35489832275950206 0.36415489575571591 0.36275419409244702 0.34107550357947536 0.34682782816968694 1.2289733858471603 0.35991801509174676 0.36110451721725834 0.32647821601984067 0.34365202433063097 0.38359499253267731
0.44846184250446963 0.45191524301752745 0.46582419947339426 0.4141030793354461 0.45961432395456719 0.46676044404937078 0.46510774474657057 0.46268121509381133 0.46867950661200319 0.39205719181708115 0.37917116940171036 0.37709178020865952 0.36631424373615018 0.47595522036248683 0.44687613893640848 0.39927425052666621 0.34448111876669119 0.37107321209244626 0.35279008612615959 0.33698177115756855 0.35769833982191857 0.37248585031925863 0.6003998546455952 0.2693690847318006 0.51734706093796867 0.37771513618391162 0.35835767960629739 0.34758826970109746 0.32182530078379579 0.34550661279640815 0.31914855589180208 0.32558522299109738 0.34696023146489308 0.31973044865784478 0.35006033229917777 0.31483762037618829 0.33582127989661142 0.24658209036558021 0.55813196662513986 0.39569431097412644 0.38146397545105942 0.37887562186887214 0.37496816488303419
0.46886104481539104 0.45163842647327873 0.46210632695134335 0.47395529919471546 0.45054357637594822 0.38873516659065876 0.38436397856780302 0.38576536370580988 0.38627546901255416 0.39151305098410077 0.37660754431634058 0.35732917986061163 0.35406318131289355 0.35801287099151735 0.65639239918756753 0.62583841430744847 0.61116126326933273 0.35016671922725934 0.37017453591656324 0.32693242207568363 0.34961546974826097 0.35776478587232374 0.30970665598627756 0.32954958778566956 0.36071987013107298 0.37855053186297644 0.36683819409058632 0.36151141759563904 0.32730628061336769 0.34733029794878673 0.32432348457083737 0.31970288206180009 0.34530161346079902 0.31260854894767165 0.30595375517699364 0.30757287484117385 0.28194413388097345 0.27790746473323974 0.31949373822440352 0.39250548523042639 0.34495411922431529 0.3400947417996581 0.37435640358712552
