outputs/Circuitscape/Land_Cover_Scenario3_cum_curmap.asc
ncols        451
nrows        316
xllcorner    -6.222126966401
yllcorner    49.837925530693
cellsize     0.011777559530
NODATA_value -9999
[rows 95 to 113 of 316, columns 0 to 41 of 451]
-9999 -9999 -9999 -9999 -9999 -9999 -9999 -9999 -9999 0.011932758715665126 0.016423172569164361 0.015678671512170412 0.015252565517893207 0.015003726615102474 0.014877101770594252 0.014865082366324028 0.014915947147747808 0.014986619424085364 0.015069124166444658 0.015157520042682563 0.015246878102786438 0.015337050250190911 0.015427409057010516 0.01551695115742005 0.015605326105213521 0.015691795320281442 0.015776020730303982 0.015857960274145745 0.015937328825209814 0.016013852671085925 0.01608746743474955 0.016158135562783907 0.016225830928103924 0.016290516362634806 0.016352158418397711 0.016410734970929045 0.016466228352211214 0.016518646542132663 0.016568038835240106 0.016614353975983619 0.016657566024266376 0.016697683631470166
-9999 -9999 -9999 -9999 -9999 -9999 -9999 -9999 -9999 0.011327381049274457 0.015909754182321573 0.015649835998276969 0.015377734331714129 0.015181971597381154 0.015084353352745885 0.015083955223680733 0.015133667115672704 0.015203299481485348 0.015285397747267688 0.015374070460916539 0.015464061646213487 0.015554570941749181 0.015644833383400409 0.015734519775152847 0.015822968499243122 0.015909497065954636 0.015993806543282991 0.016075574305676629 0.016154819772662095 0.016231320070057956 0.016304842583544199 0.016375305096526838 0.016442672034238975 0.016506916215105118 0.016567999878654628 0.01662589234702274 0.016680569420538055 0.016732020114677372 0.016780305187623933 0.016825380794635147 0.016867201136309719 0.016905769889240155
-9999 -9999 -9999 -9999 -9999 -9999 -9999 -9999 -9999 0.011065799924158484 0.01563037775614378 0.015543997046222818 0.015419769288621264 0.015310187522103414 0.015262521777639919 0.015283780015291589 0.015341210803429046 0.015415393023816858 0.015500168127769332 0.015590814038967707 0.015682539496477247 0.015773907382271649 0.015864872998233769 0.015954963701252666 0.016043509182431234 0.016130224260172216 0.016214630665638927 0.016296495640238554 0.016375571927060215 0.016451886994759263 0.016525279186111283 0.016595579516234645 0.016662664059703704 0.016726500705369792 0.016787047071354564 0.016844270081257422 0.016898145474575181 0.016948648730475996 0.016995826059963325 0.017039664650882677 0.017080089752725153 0.017117099577808041
-9999 -9999 -9999 -9999 -9999 -9999 -9999 -9999 -9999 0.010916463595962534 0.015460667802149285 0.015465845701476109 0.015443070136868527 0.015414687362573147 0.015418986162175359 0.015467771202821969 0.015540375413552064 0.015623891964095082 0.015714033787155926 0.015808184199373344 0.0159026279828485 0.015995680845599089 0.016087634895825428 0.016178242974503612 0.016267132589706738 0.016354138848464903 0.016438682860502752 0.016520668872815579 0.016599780494959492 0.016675914335848412 0.016749047086358992 0.016819076054461167 0.016885918241288114 0.016949386270874302 0.017009435661357306 0.017066024508115889 0.01711911979233393 0.017168692919685383 0.01721476815104889 0.017257367057994581 0.017296398379246611 0.017331844023764226
-9999 -9999 -9999 -9999 -9999 -9999 -9999 -9999 -9999 0.010799535106491429 0.015334168105585449 0.015416265036310979 0.015479400894401042 0.015520310269690857 0.015568300809697257 0.015644590868063961 0.015736376405286506 0.015831890352207879 0.015928914585855245 0.016027417041069011 0.016125024431203033 0.016220197820975224 0.016313307941347308 0.016404705831239517 0.016494038106352589 0.016581232013831548 0.016666140387672966 0.016748178141350323 0.016827449911142066 0.016903593201580355 0.016976525832290847 0.017046241595429092 0.017112638586224475 0.017175699945459297 0.017235289269600648 0.017291278626832489 0.017343629111998098 0.017392305846292266 0.017437310383254585 0.017478672849903683 0.017516310367442212 0.017550185054081006
-9999 -9999 -9999 -9999 -9999 -9999 -9999 -9999 -9999 0.010669380684722138 0.015208575438525076 0.015389314182684445 0.015548503902097083 0.015655851902452295 0.015733940028224425 0.015828084978642541 0.015937474057257851 0.016043967363767116 0.016147488684088745 0.01625007265145452 0.016350727534104877 0.016447955148564043 0.016542269015837913 0.016634420557984485 0.016724475460390933 0.016811919797058067 0.016897047985714772 0.016979344153779427 0.017058579140646301 0.017134837142685606 0.017207776271718555 0.017277242767973371 0.017343301586464521 0.017405845562244199 0.01746480251001159 0.017520172760147515 0.017571813482994407 0.017619624807614562 0.017663585885389445 0.017703738404785715 0.017740006306038943 0.017772327932929776
-9999 -9999 -9999 -9999 -9999 -9999 -9999 -9999 -9999 0.01047814827120807 0.015049021784040172 0.015393510008416567 0.015681475294019292 0.015858164016295632 0.015949365268070743 0.016037706610410526 0.01615228342987728 0.016265350600640365 0.016372681633728563 0.016477803627866109 0.016580680965262641 0.016679526782374266 0.01677503937741958 0.016867798546540819 0.016958363035546896 0.017046165829904616 0.017131381315852599 0.017214143418019339 0.01729356135820451 0.017369718230295799 0.017442696735886533 0.017512190181032561 0.017577974991391267 0.017640093686502795 0.017698554892050654 0.017753195553295173 0.017803930788318417 0.017850811746433954 0.017893761422950072 0.017932730372590688 0.017967650422298333 0.017998434255920265
-9999 -9999 -9999 -9999 -9999 -9999 -9999 -9999 -9999 0.01014186553622794 0.014823981578876041 0.01548591561576591 0.015948427256475994 0.016165120123066316 0.016234127061729459 0.016288043871992203 0.016387101141111183 0.016499576852239323 0.016607152066229869 0.016712138490403452 0.016815426254429004 0.016915174986457997 0.01701148816565369 0.01710476062007937 0.017195737431187259 0.017284319783156605 0.017369677010306325 0.017452428636474497 0.017532356784979112 0.017608655757783288 0.017681467407032143 0.017750905282472758 0.017816698026096318 0.017878593540756743 0.017936530541320161 0.017990540070841277 0.018040601852079268 0.018086568782172158 0.018128336941199429 0.018165929396329709 0.018199432621222474 0.018228701930734666
-9999 -9999 -9999 -9999 -9999 -9999 -9999 -9999 -9999 0.009448531310161528 0.01455083822351797 0.015899292318410956 0.016490725869925456 0.016601631856633076 0.016587861133988205 0.016580009271459153 0.016643882202715878 0.016746964411693419 0.016850328657404948 0.016952750266893572 0.017054998007270464 0.017154893604106571 0.01725169727363363 0.017345655073957016 0.017436937514779628 0.01752594778626685 0.017611939326908375 0.017694744883344535 0.017774803050162061 0.017851583219887369 0.017924555234545888 0.017993804997864488 0.018059394669525154 0.018121159419070425 0.018178891268751381 0.018232457889020046 0.018281784399849867 0.018326819606049857 0.018367604757755483 0.018404108806193576 0.018436228378914014 0.018463837580019498
-9999 -9999 -9999 -9999 -9999 -9999 -9999 -9999 -9999 0.0075817027480872172 0.014942633909681004 0.017470322113519773 0.017315837780051795 0.017121710021218355 0.016973831998364729 0.016893174895236049 0.016917483410989847 0.017004751463976814 0.017100363580451496 0.017198541505935958 0.017298850555003964 0.017398502561322776 0.017495591259793837 0.017590119532101003 0.017681778240481907 0.017771166013619007 0.017857960315013549 0.01794116682190636 0.018021233521621226 0.01809832172568936 0.018171736850910586 0.01824114999432944 0.018306565681873343 0.018367995958149679 0.018425430479621602 0.018478707054948185 0.018527586907195089 0.018571991379160692 0.018611850979069429 0.018647125918018377 0.018677829358189464 0.018703906152241611
-9999 -9999 -9999 -9999 -9999 -9999 -9999 -9999 -9999 -9999 0.01705988198181739 0.019317278771819962 0.01807259780093453 0.017598356337529996 0.017335424976322684 0.017200592374444088 0.017195994622471459 0.017266851071142571 0.017353934091733438 0.01744760302732146 0.017545908584794281 0.01764533299398121 0.017742772737209925 0.017837966226969978 0.017930401010078555 0.018020243330234564 0.018107632525245106 0.018191724643817211 0.018272006913089958 0.018349092973735888 0.018422920765499791 0.018492735064249342 0.018558337388307363 0.018619641692870025 0.018676710853270505 0.018729488143703284 0.018777865587782803 0.018821723859481124 0.018860855828379177 0.018895192786443329 0.018924759552926544 0.01894944154223838
-9999 -9999 -9999 -9999 -9999 -9999 -9999 -9999 -9999 -9999 0.014011338711920521 0.019284885871501827 0.01841238421991629 0.017914081518049765 0.017624332080809709 0.0174784180924022 0.017465999295649008 0.017525977031166519 0.017607102998039265 0.017697773685895087 0.017795000820282788 0.017894779458076607 0.017992950966387703 0.018089086189010659 0.018182659212575617 0.018273145102093845 0.018361090427908015 0.018446110234828495 0.018527269698236874 0.01860449549133314 0.018678294497017398 0.018748532441887334 0.018814491585468902 0.018876013945499141 0.018933006768877741 0.018985396030239996 0.019033223714160524 0.019076370983032793 0.019114698077652169 0.019148147479084061 0.019176632453099911 0.019200048311194887
-9999 -9999 -9999 -9999 -9999 -9999 -9999 -9999 -9999 -9999 0.013299012107210968 0.018679781117229611 0.018375855664882 0.018057730818290194 0.017830044437314799 0.017717447482055546 0.017717762005692837 0.01777630522306161 0.017856663210065689 0.017947408872296539 0.018045304665095262 0.018146378707664786 0.018246010645240531 0.018343490170597113 0.018438374092330578 0.018529963542345478 0.01861861776454387 0.018704423225315601 0.01878658082624142 0.018864612001493974 0.01893853853108679 0.019008734871478073 0.019075082709429658 0.019136915876647599 0.019194072518288575 0.019246453053286233 0.019293968265772586 0.019336510769813221 0.019374074090393822 0.019406574941867309 0.019433870760686887 0.019455941208135354
-9999 -9999 -9999 -9999 -9999 -9999 -9999 -9999 -9999 -9999 0.012990212759176676 0.018349272793294784 0.018248801813645923 0.018103932080009034 0.01797718712949645 0.017922702029993506 0.01794791266760986 0.018015463894589384 0.018101355780115288 0.01819597804085904 0.01829665925476023 0.018400085836873352 0.018501939217156354 0.018601210774641701 0.018697695149135354 0.018790790317001482 0.018880339673010983 0.018966858978008889 0.019050040562287492 0.019129036753282598 0.019203736057835069 0.019274048062465448 0.019340326995538268 0.019402494252393335 0.019459915484633702 0.019512404036364069 0.01955985854847573 0.019602169988684505 0.019639217323424121 0.019670890609297411 0.019697117347970694 0.019717937124469967
-9999 -9999 -9999 -9999 -9999 -9999 -9999 -9999 -9999 -9999 0.012813207515171825 0.018147533004502676 0.018154304983611501 0.018128318934456079 0.018096518767854088 0.018102592537282629 0.018159991020989235 0.018245388314146058 0.018342439207057571 0.018444391464051808 0.018549684348305104 0.018656300680731784 0.018761014393407546 0.018862454206411351 0.018960741015179517 0.019055510293859115 0.019146340550049809 0.019233699634130831 0.019317770003329737 0.019397855475210408 0.019473470412602299 0.019544581476933651 0.019610993161359974 0.019673028974540839 0.019730694841437899 0.019783408448855663 0.019830918443455831 0.01987311160608252 0.019909854319976848 0.01994102176815938 0.019966505885550618 0.019986289887216912
-9999 -9999 -9999 -9999 -9999 -9999 -9999 -9999 -9999 -9999 0.012674351621624813 0.017996660317347604 0.018093497107623979 0.018167970483146608 0.018217036197636524 0.01827421394561228 0.018364273128486149 0.018472364167856397 0.01858366115525795 0.018694763126369772 0.018805526512379548 0.018915847636791043 0.019023729450338873 0.019127567026332976 0.019227784874381808 0.019324346154364964 0.019416759121479943 0.019505145675112405 0.019590013995311094 0.019671170118092281 0.019747834191904932 0.019819870615823763 0.019887116521454199 0.019949410864294952 0.020006879801872365 0.020059657798642307 0.02010734624398099 0.020149542687414972 0.020186103806372716 0.020216887859440445 0.020241758010794232 0.020260681607712702
-9999 -9999 -9999 -9999 -9999 -9999 -9999 -9999 -9999 -9999 0.01252014986584955 0.017847079080783042 0.018059468474420609 0.018246320904214089 0.018372486643326393 0.01846490814770194 0.018576489717699051 0.018705681722462408 0.018830583570824868 0.018950205508104757 0.019065972554739088 0.01917977722149785 0.019290721843521298 0.01939702152774183 0.01949916863853534 0.019597456774516679 0.019691511322317834 0.019781233172464142 0.019867015497782539 0.019949126546523907 0.020026986122318312 0.020100037876910868 0.020168232446080257 0.020231347454061507 0.020289247507581775 0.020341873825381836 0.020389389623435346 0.020431640782976771 0.020468156507090277 0.020498693848057435 0.020523100500414691 0.020541290663521651
-9999 -9999 -9999 -9999 -9999 -9999 -9999 -9999 -9999 -9999 0.012294485402980995 0.017657924214644367 0.018062260187861015 0.018400008099318625 0.018607013059193215 0.018714812423482878 0.018819740450534153 0.018954955735487378 0.019088384293899693 0.019213721009060519 0.019332798471450655 0.019449109994894354 0.019562581360354454 0.019671074655386676 0.019775025551529185 0.019874993676101502 0.019970758145514429 0.020062070365394452 0.020149019517084917 0.020232027584060154 0.020311005162859733 0.020385217015373484 0.020454459714966941 0.02051853268217637 0.020577252537326347 0.020630471979756451 0.020678038711642255 0.020719963459466886 0.020756272942427517 0.020786661012986124 0.020810757241925083 0.020828379343463651
-9999 -9999 -9999 -9999 -9999 -9999 -9999 -9999 -9999 -9999 0.011898874355450971 0.017392256750633953 0.018168816113884344 0.018711165733952317 0.018964889371022014 0.019045900516060584 0.019110175899220806 0.019227825218686274 0.019361147983998246 0.019487448745814873 0.019607286003935187 0.019724646020425299 0.019839694680341271 0.019949945102297067 0.020055518315009208 0.020157105953466665 0.020254619493120896 0.020347569393458238 0.020435965220258753 0.020520053131912956 0.020600064232172859 0.020675538051648283 0.020745926227829285 0.020811092045021819 0.020870776471243978 0.020924821096424656 0.020973061575088648 0.021015329690606408 0.021051463765263144 0.021081395165025048 0.02110504182728758 0.02112217900120528
