outputs/Circuitscape/Land_Cover_Scenario1_cum_curmap.asc
ncols        451
nrows        316
xllcorner    -6.222126966401
yllcorner    49.837925530693
cellsize     0.011777559530
NODATA_value -9999
[rows 152 to 170 of 316, columns 215 to 257 of 451]
0.44440210971007343 0.33669638192706119 0.47557611069047973 0.54042095502260734 0.50520897126524433 1.1104046688690812 1.1695823160277758 1.0599511807262028 0.69777378705033644 1.9091928036640411 0.92896093888008169 0.57469310069230939 0.6263150149209864 0.5133477490292081 0.51472477495065361 0.58383788853935314 0.59252908510165225 0.58494796889895739 0.58393301371634809 0.75846516788231289 0.76009310481817272 0.75811251693322856 0.41500353799739043 0.42700643356884738 0.25513740311011446 0.25322145806402024 0.24641435023770353 0.25656930726111099 0.26579240662300463 0.34103071039803584 0.32933861307553064 0.33322872637743117 0.35122928565046974 0.42257965597338953 0.31029357051684014 0.35725391453701671 0.41376211947144464 0.42984137925974886 0.60490222084543777 0.84926292377844659 0.77231559529916061 0.41514263916659816 0.63372060423145427
0.61297895051838402 0.6904077880869911 0.60812911091817834 1.023422992401462 1.7430188628921481 2.1415241480944855 2.711968416554027 0.98259384825290108 1.7275603074256725 1.5920855570810786 1.4362971445149806 0.36217008733472456 0.46086332340392006 0.45668221650362822 0.46923827097560755 0.45018183356385438 0.47841683411232272 0.4587747548230694 0.45001934541617428 0.4971522744463277 0.7935489209478167 0.7453253174525678 0.38564239278491075 0.25976853331900496 0.23335561565801971 0.20761981878520619 0.20543756758864359 0.22890241685395699 0.33312528887499204 0.34051106091668565 0.33621278226304685 0.3431087225511838 0.3597550692555635 0.35646113815059693 0.32323300931750404 0.61258453434293147 0.55030555857861385 0.58500029141502885 0.64767943004809059 0.55942207001488198 0.74810642466335242 2.0611492757120531 2.2307393616257207
1.6455747151462279 1.9646263524919525 2.4945985285615979 1.1232310986726337 2.0536951075083625 1.9945830371053899 0.70602179091497874 0.8210647872489234 1.7360356639704657 0.62200529676557947 0.40170872867486651 0.5637191755805121 0.37590610390914614 0.34192892482458043 0.26949504387991602 0.27947601260666921 0.30594659672815983 0.4379827205867165 0.36473329527228293 0.53591246900454415 0.77750597129068333 0.72355150719918893 0.5722243776859125 0.46771529503405485 0.47533648347638252 0.24639546862671546 0.24103900046917331 0.41016999642920643 0.41158805375933544 0.34176644889707519 0.36684728690740726 0.39337053952066714 0.40742959161131959 0.42628883023662534 0.66245793921269047 0.55908234168461723 0.59487815569204472 0.61213351405740957 0.6562697360404034 0.62993645806502663 0.87316043229412399 0.62297266838321619 0.59925087118700127
1.8992682232794356 2.1672868151347329 0.97204654772704902 2.3768390322494422 1.8220412941374644 1.4969109511026801 0.40144165482934524 0.68590654507772086 0.57246430210379473 0.69686252071533461 0.60171282489212141 0.42151835462449061 0.50091278649471227 0.3811996559734836 0.38282963281945248 0.3915496342553817 0.48351379164707176 0.67130280535862819 0.30031130213433871 0.60480598124959584 1.6445435181543564 1.4819454495733426 0.44081711570335497 0.67740110569690337 0.58835956905487352 1.2145987421231013 1.2536797495539871 0.3310021107451373 0.42423535131652146 0.45828707794510093 0.56831363368163723 0.64184738391600393 0.66542689008973965 0.70547604294671962 0.68927307878236754 0.70753766892386194 0.59044474697901661 0.63630598354845547 0.74156703575206029 0.73214100280964134 0.47306723459798639 0.90546795874407349 0.56647598447600056
1.6414885386988731 0.60928758779042969 0.8632628133084741 0.66944172498491228 0.74689431195405964 0.59367624366125749 0.73033156453582615 0.62014556569308477 0.59247664884990292 0.62460469668210905 0.65978951412405362 0.75424161591684635 0.54152114423268183 0.62317520653125391 0.66467432789417535 0.70298797923435097 0.71275084249460452 0.62099264298614343 2.0775091433121942 0.91828711323205414 0.71479213226075555 0.72475897938801859 0.52908549162799701 0.23132484613809334 0.53075626453272251 0.46031461391478212 0.50178382836488766 0.87456997026974381 0.70797672956558366 0.45051470300164159 0.85807997250541235 0.69676273077344764 0.72506181761575927 0.70734059833652285 0.7024349346593638 0.61565156338871785 0.70748992928899712 0.75701650141483934 0.69564480833284958 0.76668159777899725 2.0298915936731636 0.54906634484484051 0.5118345634928203
0.56360508660939834 0.53797388369774457 0.52778171744933544 0.55480256828343 0.57396828182901638 0.57216631577608512 0.60881839017154071 0.61832396734459671 0.62288107232096701 0.64018999096500173 0.66139234201974351 0.60687119589657457 0.80692343791928733 0.64943146855954237 0.74572215088021754 0.76745778922283681 0.78360773608281675 1.0194938291430635 0.39188173411195876 0.84482335620346938 1.8684226551865897 2.0037439382791011 0.88055463693454494 0.44116079306196554 0.73997665947173141 0.83861571346624464 0.64612822155744443 0.9013269583425163 0.80310145982958536 1.9067779491953005 0.58902495066630167 0.63902214425853177 0.63035420747111393 0.71834900005023916 0.70064787543451268 0.62902126808249004 0.71260937429947857 0.72665896711119238 0.69759422098039814 0.86433448921474865 0.334530198353167 0.57003387347627499 0.48370653329824165
0.40470692627850768 0.42168815189042524 0.43459288678780761 0.59690205419740594 0.61423081532784662 0.62154338871323866 0.48035984447513652 0.61252995911022967 0.63914328726515901 0.6585919778978182 0.68056081246156974 0.58950021668939434 0.78358254767336588 0.86406496885098127 0.79336777370166578 0.79024523535901126 0.80265918545240744 0.83646378605308058 0.8567440061248367 0.64665634384199477 0.91077084655088947 1.0717427680342633 1.1861515104630227 3.0589298814651462 2.5734092607822392 2.3540494139115733 2.4965373669169786 0.81020452478958926 0.77901756177017933 0.48556826974416101 0.61692557590672836 0.54147970337972406 0.72195715997673771 0.81406107370629899 0.71448536985631439 0.72204091490647593 0.6982233222607902 0.69418599820780447 0.73826012501824567 0.41750602941701748 0.4518688606296733 0.49371623930049369 0.52451042538406878
0.4795200129973276 0.36108600967076776 0.53219973419642774 0.63172556276306169 0.65374901583652723 0.6427840631003694 0.51022895713832783 0.62397246666628869 0.6461036988158374 0.66794715778170421 0.69969262799365528 0.76475751052200414 0.60909384504759745 0.77645653650508295 0.78449445180208299 0.76366475006190504 0.70568070643674585 0.86341702505975892 0.92469528935703849 2.1802727350257092 2.0274154265639606 2.326751510197711 2.7198583103477532 1.103611086439372 0.89536589127823296 0.84223662891160367 0.5896969016144169 1.4571830721567711 0.67289168932057275 1.8937983943502941 0.69170520371040123 0.66243114638249345 1.1485254874736608 0.69580736938698673 0.7227541662214686 0.67311319306129547 0.65670053818823049 0.64180435880881126 0.49723138083060087 0.34364158946512047 0.39722171011029894 0.39526515506310189 0.43220733482217516
0.48263698459982773 0.52746697933474895 0.69303266875561698 0.9106945187922898 1.731479805022462 0.6355623443234758 0.65465032863400796 0.62528400240445448 0.65126339063366645 0.67201440489410236 0.69321587070426505 0.73285148710645553 0.77048009997340827 0.67831747259487252 0.38331293329283378 0.34337566888097004 0.61748942554800612 0.59959803381100019 0.90670152018626093 0.59000966113798436 0.69522237086887961 0.74682621609300337 0.75644946327543838 0.87511028707636873 0.74738474414144462 1.0111441585907253 0.4799965446078085 0.82671729650596337 2.6806172075924231 0.92596227970291756 1.7795957017184829 1.6428341986956301 0.52424740269226966 0.6534366496759938 0.54883038369469128 0.61944107520330605 0.57585923900920266 0.45122170042769971 0.26059103484245982 0.27241010407039279 0.22992535570536027 0.23053134143380494 0.25893444588957049
1.0961787313127096 1.9787816501167732 1.8747143258879251 0.87159488875488611 0.48238366736472504 0.50065642139830546 0.47085747325268978 0.61074449010337506 0.62356263087089137 0.64273805248110105 0.66070128255676641 0.528491219665706 0.5412120330519874 0.67213082967028515 0.32611726384457351 0.3089765510477156 0.34588978860136688 0.78708671585311851 0.54314119834148444 0.49090714675336722 0.42015654693823207 0.39737677988131664 0.56143517856377101 0.70472846951704593 0.77532067822468931 0.86062122769617155 2.3744576698426432 0.8986115985960399 0.65990772475223003 1.761708441516612 1.5893140948812483 1.5464439513371799 0.49051596772783629 0.37651211423481135 0.52487597750702242 0.49080726952110498 0.45292478472243125 0.26268183206338902 0.25213222874510555 0.24414114484423732 0.23188065523795587 0.2225987020596438 0.23618941481327779
1.1273179318666184 0.36895808674204372 0.42146680137771608 0.72267524411362538 0.29491547401535262 0.41515079605922767 0.42467702977338034 0.43948865566807449 0.46559732086952887 0.47664197726522728 0.47558296659598631 0.4981356223131001 0.50758001084578974 0.49794470284129222 0.59363091685049774 0.53362135089485641 0.44287599682185352 0.38421716303622983 0.57093541664313952 0.53856943714557848 0.44299774854374413 0.41922833593843739 0.44698919502974849 0.49925543899705949 0.68931719235813071 0.7810796549733211 0.38740379112875817 1.0408282178930577 0.58740196773491937 1.6029834643831646 0.48466160703585837 0.30392009543433074 0.99244010051041176 0.65774557295573144 0.53516796344523709 0.52357569055323072 0.47519562236907398 0.42598605952166102 0.26082751367093726 0.23936526561913013 0.43021688345375031 0.50630847392556011 0.31280480715480008
0.46757064245843483 0.28746190636448787 0.17284993725675885 0.17038229755160555 1.3018880427646611 0.42608847634786262 0.42278310480287479 0.43777533706745114 0.45264233746980298 0.44836103087646262 0.46078828064643174 0.48114660026934764 0.50499010630478036 0.51134510593355809 0.56580414650718269 0.73708543755741474 0.56671808355676978 0.60526084146744008 0.5786846621924906 0.36274227829800415 0.25342187585608356 0.43790538524871453 0.45405666902769437 0.48053338603943196 0.46304264069130535 0.45391057993780287 0.41574483268587215 0.42857016897424921 2.3059947313159617 0.38541126704144013 0.34897134925038104 0.37432875184658987 0.60710175208229156 0.65661539597753593 0.70680831911366959 0.69135645732227213 0.69666638499483358 0.52647696183788717 0.26659127667065841 0.38876064583333092 0.57135779917672969 0.68590127538093448 2.1107318837010101
0.48174238857978602 0.3677827680462803 0.19598024852507254 0.25178493963427534 0.31949267106238355 0.61197174808728005 0.61366106501100304 0.58945211924317842 0.44011607271549186 0.43918830988069801 0.4616245231675053 0.48786594806492911 0.44224893135729626 0.50182407980658661 0.54832013431536863 0.71425978620095787 0.7487817244382009 0.57125390121285247 0.68866185542485137 0.24860724174470472 0.28503519300750241 0.47079973683282772 0.46430444849044616 0.29715478127121275 0.44891927051205571 0.45825897174330232 0.46616303585609786 0.59931017343222759 0.87893403118559088 1.0213690261560542 0.29816098106776689 0.61927063831041063 0.62055150312000362 0.72910733056115518 0.72278846904591165 0.75428266816396361 0.80345006802337138 1.0550303215859222 0.48816832565216683 0.47723903853658256 1.1323086453888331 1.100931007862568 0.44804229444722432
0.56945685570841809 0.32988781550464269 0.17975412042654215 0.1719298197140337 0.24481775427991509 0.36042432856427342 0.63805988333083064 0.64945507458297147 0.40985317187866555 0.38597314857363063 0.47657907326754867 0.50913717000388348 0.46896490244245814 0.50779090594036136 0.55648278502646109 0.56995672984210066 0.52158560207862337 0.57484416721268283 0.48418233300290348 0.49996008031257044 0.31097292026456413 0.31567270834722039 0.48962908328298205 0.30352021221688491 0.42475473468613079 0.44441982149076126 0.45381856479720495 0.42349023471019065 0.39710680549827404 1.7295471179780244 1.79906119556422 0.74066016863267981 0.81846390323699902 0.71773784042827171 0.68747848522981814 0.70859907568018743 0.77376222408053374 0.79879058044889228 2.1292904142746076 2.0916653654655915 0.72870818574394725 0.62407321008133843 0.54158008027389093
0.68087784497632375 0.31505737436912362 0.19038190650744791 0.18909910583174305 0.2237965940784622 0.38236525023037049 0.45679385830837488 0.62773342785049824 0.7314854298081912 0.36235374707922752 0.65927707647213818 0.50744773030304469 0.45758572428673983 0.69321462397631095 0.69325888507276023 0.4509738477926763 0.68818020901389476 0.43631095644887308 0.49420282838488633 0.49001651584276418 0.50822069444874263 0.43462479854493602 0.3992738172906436 0.48334960322487569 0.49954497018868504 0.52055064853853195 0.52938260877870391 0.54098820939856762 0.51590138914495387 0.42093672735122939 0.39144398522511781 0.62730171528957668 0.63376011281203692 0.72328380881164556 0.59080331956372034 0.40608098906810347 0.41808433529064637 0.71878104127465525 0.46806851826365836 0.41345507801262804 0.59004691261165454 0.48094913944481255 0.49440621414875829
0.43173983631454288 0.35745296399369886 0.30055276238405648 0.29184146423586216 0.33359282628480225 0.39164953493868004 0.43498591716273988 0.41288543150574963 0.39480349758327249 1.5689356734357827 0.40897188026165371 0.41044840071222577 0.45145587744633914 0.43664025319155753 0.42913801141186797 0.46149076462888239 0.42253293681197829 0.44708758624148104 0.42881026893568625 0.4391679099382344 0.43388821005496492 0.4378827537880714 0.29783570275535082 0.44943477857386771 0.54510183830877368 0.54612172090153621 0.46745370674840103 0.45955502311191654 0.4611662528146272 0.44431797433394382 0.46891004672998704 0.29766172644545891 0.3095056881512307 0.52306170351006387 0.66880094047131033 0.65116105479373254 0.51513255734863517 0.51070673150974855 0.23310850860844601 0.20465290891097232 0.23615318876161895 0.33862880297910841 0.3596375131440171
0.5794422567936296 0.42472216148419573 0.38268457799104721 0.34259703667170527 0.34740768144952838 0.39334224959832798 0.45143414684936878 0.48483859884000874 0.63958369250425784 0.37671951216076355 0.47990693750239022 0.40317346053290415 0.40840182452404938 0.40707899404895903 0.41179875676102384 0.41962310156908905 0.42164862848952089 0.43257147585405226 0.43883036753291332 0.44850826308932534 0.45005875793820871 0.30205804477782622 0.44971486767826357 0.47224783049595764 0.49369774066918337 0.48520120473556672 0.47127238968088719 0.4561644665714269 0.46910576904126289 0.4700252921526652 0.4821328258316061 0.52484941657228534 0.30285294938232776 0.27426625477292343 0.45798786334831493 0.71187308338998423 0.58146124076706041 0.41265698867242034 0.28704429604948367 0.31724257970034603 0.53641968354566627 1.0480040574124505 2.3648681512094991
1.6701172846624719 0.73908834370683951 0.99560935785366733 0.38408547511382934 0.34693037716579589 0.40661906054746699 0.48096442514179161 0.76095737236090033 0.42018352977695478 0.34408601882618411 0.36333139906060707 0.39699478733348154 0.40860105503795807 0.41349806586653748 0.41930948180193978 0.42412644833588953 0.42673914739285246 0.43049312347985597 0.51299251487869113 0.5149376387334581 0.50787367576314058 0.53698861928778896 0.45690602697213506 0.50888847975208051 0.51604754929428331 0.52419217206373325 0.46709690036932272 0.47041191380293867 0.31436456774153043 0.47320006932153558 0.51581116538231297 0.37127491220044301 0.54836962347990981 0.45594378956409415 0.21842677745189959 0.28257186824581254 1.6495097742491249 0.44768161942471063 0.52456992208362407 0.92885383618739892 3.3188610083139238 2.9101671000447435 2.5278469274775195
0.37405087291383154 0.59342440927989792 0.50585751734019269 1.7679773242828047 0.41186589299121695 0.52306328093547916 1.5235871267467891 0.25711584186751668 0.20354296893256935 0.21929227578400939 0.24878261078438463 0.39830075325715569 0.40890807941377416 0.41403284611182778 0.41901271212132929 0.42633839814686858 0.43562116111376298 0.44967114994784507 0.45403802211603145 0.45994854879489694 0.45741986311010518 0.456101375484391 0.72216269446273362 0.7179405723362926 0.74498625974043908 0.32682553893934818 0.4755994054866467 0.4695346344316137 0.33716807092895751 0.33654351967148149 0.36772305232878288 0.5898520118241275 0.60191239001711039 0.74154862611522154 0.48992194824451868 1.1560754445267252 2.2664895674986774 1.0375029245722418 0.69847610549832284 2.6712611944940479 0.74968600700088439 0.90028576452034059 0.48784828067713132
