outputs/Circuitscape/Land_Cover_Scenario1_cum_curmap.asc
ncols        451
nrows        316
xllcorner    -6.222126966401
yllcorner    49.837925530693
cellsize     0.011777559530
NODATA_value -9999
[rows 76 to 94 of 316, columns 172 to 214 of 451]
0.079211896254016187 0.079869442292944015 0.080306312032413049 0.080336627321678428 0.079582717172499318 0.079233425709526656 0.08525050761157954 0.080595463600007369 0.21882463996538415 0.24970116248604879 0.28732573240708081 0.40542079579786516 0.4556122121666224 0.45351929135143132 0.43396392743575696 0.43530362959850577 0.44417817741069565 0.38296432354557497 0.39948659541844506 0.4280529923215633 0.4882598894253613 0.55659597270068772 0.63671377576080423 0.78018368301740604 1.198226116998607 1.5414268212440332 2.2713283668931652 2.1993380993949336 5.8016513420428693 1.8193202118796905 1.272221832550871 3.5411738388394025 1.0833316412475571 1.1461571020776369 1.1035716605225832 1.0071981563788928 0.96722533001311817 0.90029537371372892 0.89216325570164801 0.61317032449925202 0.48829481100154981 0.45884748071143344 0.5199926814365774
0.080282538127072395 0.081178989796423046 0.081928247529425222 0.082343978321273437 0.081949847736485809 0.077020423253040843 0.08014525149217358 0.19404112907678439 0.22809421224952775 0.25478021214129831 0.29463652568271365 0.39174597907108477 0.42040629468811552 0.36524473134813096 0.37649762913652968 0.38507769757361188 0.38488588027437121 0.39903809859415529 0.42663514604467112 0.46104682551383191 0.50569831909266738 0.54505698304555328 0.69940486999514218 0.79305040779235525 1.1950913772863272 1.2937112686368561 1.3068489905508605 1.7564983787540527 2.0487122762462868 3.8275587623826595 2.735776199330934 1.1425081031285225 0.86198264641356226 0.58786711888147436 0.63018643423437304 0.70150063717838307 0.59104368573025523 0.57436975003175728 0.59241595262795843 0.62959141800142748 0.5362510417566404 0.47934760529547893 0.46223802647993584
0.081447166385078262 0.082659743638951025 0.083878416078647502 0.084992338903874365 0.085971614066773658 0.089254284562395897 0.096257082067983446 0.21040569097112072 0.22923552157058713 0.24877495741736838 0.29194172679566954 0.33482969940118451 0.35242416436888252 0.35131521586899594 0.36130855903728598 0.37109662189620335 0.37270511748660795 0.37898194502021199 0.46457719822024979 0.66967028168561071 0.69960118650613845 0.76146807619667367 0.65698441582486489 0.79390799782178767 0.89617973160847253 0.88367664550916447 1.0110541300691969 0.97902194109494034 2.8870101360625382 2.5737806620311185 2.1321421561210618 0.63618517018811538 0.60696227558469351 0.56582198230852299 0.53097824229978396 0.52373594751197383 0.53849754937132865 0.53143102246804452 0.55893673045693093 0.6075583004084194 0.57935939407126624 0.49498337213499338 0.43154293758322387
0.082634379628835145 0.084207016988099459 0.085993451903658008 0.088033196761075239 0.090114994408005661 0.095841739562467484 0.20202724453223619 0.20979087692349133 0.22266965936288616 0.24346262524916285 0.27114207640993887 0.3639174514436222 0.32293453381143628 0.34031275356501756 0.35319666708113751 0.36662988378297084 0.3781347013557893 0.40232160628407165 0.51820989626529201 0.54215670808584915 0.56442335521433729 0.74663919324373218 0.77639186192020249 0.83733212218526309 0.92515747236111068 0.98463534409131348 0.88858666242941298 0.96905810684710447 2.5394824450566795 2.4387883862272339 0.71981692487369442 0.74715044379498885 0.90689340633712701 0.58225232594602971 0.54655749312532753 0.53130022150162559 0.5305659326191301 0.53630950282149281 0.55347227576565616 0.60445563501325261 0.91870558395661628 0.48227759264109316 0.75165240677132727
0.083691557104342854 0.085617468155905097 0.087994898454714102 0.091119266317187378 0.095690875756986732 0.1099762436535158 0.19778226884863753 0.19565735012420621 0.2139456317360286 0.24130012365351572 0.27865051358854859 0.30812833301142939 0.32980492417185786 0.34190854401370041 0.35020930659221539 0.35726268098020231 0.4399356825937103 0.4721473465873518 0.50442544200937212 0.53959234173020298 0.58763822970750501 0.60973379097226699 0.62054040923721021 0.68675781352181742 0.78661167252002029 1.2725799819020076 1.2244220887158483 1.0998860101249848 2.3304752823637331 2.2293098294038098 0.53468151833797195 0.5356452784696828 0.58410084953956898 0.64206543022520068 0.55800530051952857 0.53515076835841957 0.52613297597945641 0.5251048018078035 0.53133353795785598 0.56007163271507787 0.57142912493551323 2.0368291923179376 0.80810492508994192
0.084504412383977864 0.086658600890521853 0.089412721393939992 0.093289046743836271 0.099790669961764472 0.12035908919810309 0.095628962240593168 0.15504483692902768 0.20438557841884794 0.23320980929976595 0.26918407446594317 0.30363883494435973 0.33174936685917039 0.35449619823220774 0.36560311820861724 0.37522836927346642 0.45282780306174064 0.46858110698435662 0.4969539850441026 0.53819898621542772 0.58261263502657457 0.51807842020401829 0.53788495303745176 0.54779001739678312 0.99012344157608512 1.2898040531543038 1.6993068045350133 1.2797425611266249 1.0447473624484109 1.0205882557395862 1.1787463123037742 0.67085100065220304 0.59385744618303027 0.57526025053519603 0.55258329392292282 0.5282422456863981 0.51570933748850956 0.50858258346365592 0.50316938444809312 0.49370877398939439 0.50858619896078416 0.42194744031202558 0.77395346386812924
0.085037378061407182 0.087266384293952726 0.090043654101677764 0.093671724418695299 0.098752736258880675 0.1002547864833748 0.1012223455345303 0.10544829238994574 0.14914569105278239 0.17373965589079687 0.27748559338358098 0.30559742479944346 0.32840650595935644 0.4194414884412288 0.42182432960252314 0.42416682223098634 0.42697956266296277 0.43705292759347525 0.47079848507902056 0.52684981995980573 0.48679521119529795 0.52700618706522118 0.54191074272955531 0.468523860954218 0.37459992100463746 3.6140820287326334 0.53783850749628326 0.78494466558996234 0.9381209466389262 0.90774593221887234 0.81348932652080719 0.6949410725087557 0.60641813460540017 0.5646200667873621 0.53795952970433802 0.51744921534628752 0.50289449443658407 0.49183895966278679 0.48033229643121111 0.4669981169968549 0.43576627849460858 0.42952254967290926 0.52998064226782216
0.08527583201826569 0.087408413240161437 0.089920829257960175 0.09282998834769407 0.095569461548738757 0.097372819781274128 0.09576389047965489 0.091174627440703912 0.20313798874110162 0.19895849389417869 0.2188123933359622 0.35894140666108176 0.36718995264783055 0.42627184742633972 0.51783113094094657 0.39970255048677339 0.34805843739068132 0.37099753219315512 0.40077042106985378 0.43854819822789148 0.50870852855278248 0.56165812339112087 0.60697534791282448 0.68170276109615346 1.0717607738610362 0.93521999197391548 2.1213071173404821 0.93564196008387446 0.93435186471589649 0.93343395013575536 0.62154456954625104 0.61771893924491361 0.58992870273542786 0.55466938705818059 0.5268109862068443 0.50651356194914166 0.4907810156756478 0.47844345988432446 0.4662377894039888 0.44921105748838963 0.46025411209446954 0.53396295600035693 0.55083968838713671
0.085316494630833573 0.087274542822353279 0.08949211603422183 0.091884969736690414 0.09428548842853901 0.09647039546570646 0.1002601955916583 0.1253726629204229 0.10461768927083208 0.10107090503994418 0.18672379519762555 0.15972721783156593 0.85066421182948315 0.96835899982639551 0.22417306252586058 0.28005137619124171 0.32735010901539413 0.33733517609797276 0.35588134991932902 0.38484517156361536 0.47714277495544311 0.79828570193489123 0.63111692923164631 0.76412288298823672 1.1505737310550459 0.67127778822903594 0.49317678667463261 2.6301645698791969 2.0673444791014903 0.40581383746298783 0.52563148664257053 0.58743607051221169 0.56842484098449497 0.53561199928277781 0.51442650605267826 0.49601626102541069 0.48092028468671066 0.46897099669729214 0.45680761571376993 0.44504511153231568 0.42962349206600403 0.67255627860560763 0.66548575113913577
0.085493532448005366 0.087279888384689919 0.089271519224076362 0.091451358865439619 0.093816051291058952 0.096642247351075725 0.10128340186106724 0.10340296123185966 0.097672001438788125 0.10224722449338555 0.19502755363115404 0.39610904842080036 0.41736946662300123 0.43048757212190547 0.4697851599328412 0.34729287769122974 0.28714475793209937 0.29860778287115181 0.30261480460098339 0.32062625487269619 0.28683547408905846 0.31914533382543875 1.8376852681615907 1.9438998605636946 0.46057295214698946 0.81950635727101506 1.2809032422983313 1.2683713952108524 1.2284967234676123 0.86069819785166346 0.63486424694172805 0.70104939754124485 0.55332343656803729 0.51312807391539572 0.50164087238711463 0.48501332970961419 0.4715948608027275 0.46074883265509103 0.45745684164527645 0.44302894624522604 0.51981870935190888 0.5363455156414535 0.56186394555732389
0.085763004378148738 0.0874425650407121 0.089296029653410602 0.091332537923246804 0.093598079112651208 0.096217723751058665 0.098821231722219738 0.10051994303228651 0.10296665954066417 0.11788933164144071 0.1547085481461663 0.33629418303368913 0.39252308870482433 0.40413926937498912 0.39024859061905898 0.34980625167854962 0.31526902264823431 0.29842424021005343 0.28526546187652646 0.25081316540272436 0.39693044421809687 0.83617619244867314 1.3991324047638756 1.1540612726021924 0.77132389841261995 0.58853572114885044 1.0355517340003701 0.94240955158796713 1.054197091985573 0.79461749326032938 0.60272909767718452 0.96123068376865584 0.61497618346054128 0.52076948514739563 0.48980305146606129 0.47427292305577828 0.46906852288916778 0.45908616301970306 0.44990805581243459 0.52422776241735602 0.53458683408688379 0.55329792802656053 0.56104961584767366
0.08597311493445739 0.087542859433078199 0.089263888764946481 0.091149442941348302 0.093214912505266326 0.095435406656215971 0.097703437217101813 0.10003784726542397 0.10303088777939914 0.10321276109670985 0.13390575149390685 0.31952388610519206 0.39282619987809658 0.41553353560708017 0.39877554152055378 0.35562647904510536 0.30847865433898325 0.33373852656554731 0.3347556996477864 0.35438272391406944 0.8981714970764858 1.8287853318527261 1.4334684165657625 1.6429865289943106 0.42160568101240814 0.60244795413343977 0.77848330774331176 0.84903445185903359 1.0819150586732096 0.97304961602301121 0.6236964729528951 0.65686996112470275 0.89537239490704601 0.809935778902374 0.55145271247224947 0.53419020937342843 0.53538692236316476 0.52966825795424632 0.52290618345120432 0.52704812769779341 0.56862048155694178 0.58416676632701137 0.58538469972038387
0.086094310955802208 0.087551178871331264 0.089125128102347045 0.090826182725584279 0.092666713541653747 0.094657798969409152 0.096841335604373538 0.099336506150137435 0.10182581918391356 0.1022120962683731 0.11184663699628397 0.26112764504748187 0.39696354463089284 0.50900327119295818 0.47887872187254921 0.3612316263728389 0.37297921366534453 0.36154384271749823 0.32590759014232534 2.0175312813768702 0.92185982032831382 0.59770555556040394 0.66086050899519178 0.69427198740629958 0.79608547632221582 0.81803796389396521 0.86924005159499573 0.95815379307769466 1.0288775826709213 0.78292615920282382 0.66744227650104859 0.58766302421357886 0.78527000694600912 0.81828439567185063 0.80142440728242548 0.56971454554778045 0.55232807230747138 0.5445783141142958 0.53576954902813179 0.52936161552753302 0.55135535412252645 0.73498181240585225 0.71244904606057569
0.086123025693442531 0.087457760908985008 0.088877867806568159 0.090384904848691369 0.091991525729904558 0.093738892656228132 0.095744668352630125 0.098262864681753131 0.10183975240160673 0.10827194907593488 0.12208417840490796 0.12722689960491082 0.49548675019753557 0.57114265016086363 0.39622209552955734 0.35867818046984234 0.45799724416723697 0.52190772967618571 0.87612023949777351 0.67352696955401337 0.60639891691135217 0.4826974593819463 0.6174718983911206 0.63153987713944848 0.66599265385854811 0.6980150788018149 0.72559281816504106 1.0080370241886092 0.9925532354896589 0.91171836922433913 0.81550727677096457 0.58025672712556831 0.60074279577313128 0.63987164927489681 0.64252645487811622 0.62184926698321685 0.56777798882240949 0.54960123968415298 0.5390213041456039 0.52531478849742697 0.54436358506103677 0.74508470781095215 0.77110507775074899
0.086080877250861304 0.087292284375696166 0.088554797843913097 0.089860462767608257 0.091207173307314648 0.092618371911177264 0.094219555260736457 0.096432024577934372 0.10026575319278526 0.10958989073905677 0.12795094496875381 0.17735185962218825 0.2572163721945519 0.71262702782265153 0.42396715263846635 0.40743700261690352 0.54310323965482443 0.59644343942330513 0.631699017514184 0.62292675723040403 0.56758897556474075 0.54605609861819593 0.55062373750744453 0.56635551364630909 0.58351616129409156 0.73373248693209858 0.77175165430268278 0.76514965804240775 0.96681681049638812 0.91303358836598325 0.66440213842798401 0.64782548510004667 0.62022717303332109 0.61863491976002172 0.61172884289656249 0.59364489043400881 0.57175151364133336 0.55322730372522422 0.5401607618438351 0.54146692482216785 0.5462319085226166 0.73707574111114837 0.7476286274681615
0.085986451607608858 0.087081343562484079 0.088195026376163471 0.089305986309838492 0.090387017048231613 0.091415741022777067 0.092402669398546244 0.093556619862747784 0.096301583807934577 0.10070485869804442 0.13068571082007391 0.17079848535110201 0.32759180315226732 0.602834732926252 0.53695672804255445 0.51224332818397889 0.55445032042875153 0.58333917511085953 0.58799149074408752 0.57382489644364043 0.54940574566807232 0.53131214060117471 0.52942366386770767 0.54320413212012408 0.55467200028168573 0.65484729042218037 0.90959896733929968 0.9213187215913401 0.70466642934538959 0.73757261899460347 0.70682343779740675 0.6488211681872994 0.62934105742367286 0.61714113793815217 0.60385074149799234 0.5860651148665923 0.56613148914798062 0.54900846012865578 0.54957882622404908 0.53408831939623047 0.70029164391168863 0.70978704376594604 0.73740062182374122
0.085860141643244514 0.086850974786381901 0.087836776692887863 0.088790367020784217 0.089659239778090524 0.09034002139497857 0.090637708747272575 0.090242357832888795 0.088923504312985902 0.095502365506179743 0.12308363176424239 0.36413817917655172 0.45697579686601808 0.51840371494728132 0.53328779718651109 0.54170726395867463 0.56685333628047851 0.58102386904619452 0.57046198851708141 0.54582248644855003 0.52142246247268864 0.50545984328433247 0.50015088679321884 0.51402700134828305 0.65579023242004442 0.72000934932713578 0.75781660266507511 0.7510293346099286 0.75714747025832363 0.71158310532130997 0.67535872011510956 0.63450151400885935 0.629098375649213 0.620304446033346 0.60339172866925961 0.58208547533501798 0.56058892562073548 0.53731084401242002 0.51877652333068869 0.68367230938400891 0.67298989170677403 0.68907686677397739 0.72960161030486104
0.085721381934904001 0.086625843518677165 0.087518355683149252 0.088368625448488891 0.089111328250035635 0.089615848703992834 0.089571862805453289 0.08822157954621572 0.083319959726882165 0.091284753829466755 0.29554484649558616 0.38048923401835588 0.42065241587643609 0.44943380780071795 0.4908753489087162 0.54675054337335627 0.6029142941908805 0.61094758816674144 0.56888324622567699 0.51466517110478305 0.49080806607315564 0.47710558416703497 0.46662253810263449 0.52015840840412952 0.70173699245578047 0.75026404006185521 0.71677575506921709 0.66434332712720312 0.64712547738859982 0.89145236704206621 0.61541374927245518 0.60769054126796029 0.63761148510909726 0.64380557283807482 0.61164191470319529 0.57683082916149431 0.55303411822245852 0.54060929108737088 0.53962257169683459 0.54250180522196578 0.55208373491061369 0.54678409249373616 0.57668712383697018
0.085581778959536656 0.086419865070342675 0.08724714804728835 0.088041944200568892 0.088769116236240148 0.089350866135901513 0.089568039202474733 0.088927973920783582 0.086195252529888466 0.1243097303216501 0.33497851769446185 0.39544126934757473 0.39714720163903883 0.37242170373857297 0.4743591303955616 0.54990432425706581 0.65856754587734345 0.81708062445661467 0.50588146223607544 0.4649094873444567 0.45927329495041236 0.45470781559015438 0.43824133208969202 0.43988137255738413 0.83619288756286836 0.88059281725880822 0.63422060028790073 0.61913266252976118 0.65925843609416113 0.65910532692509805 0.64119587530412825 0.58889159408247571 0.57421581759615681 0.78345623649809504 0.78171898701699272 0.56615139785133861 0.56115171426860466 0.55642507477507652 0.54704577729085813 0.54000484871099264 0.53628028171534559 0.52517223847274463 0.52992915468868762
