0.0 1.0 2.0 3.0 4.0 5.0 6.0 7.0 8.0 9.0 10.0 11.0 12.0 13.0 14.0 15.0 16.0 17.0 18.0 19.0
1.0 0.0 17.41091944484868 13.237315448856204 19.30402684085507 14.054058033135203 13.785086469311477 10.397258549498943 12.20212415486008 15.6752793393943 14.405659121991672 14.719393060516675 11.142986250293873 7.379349588427784 18.16956175524239 13.554057543052892 14.475963230049775 10.770212184292458 12.137778274377478 13.404779295505712
2.0 17.41091944484868 0.0 10.539507631687602 27.26224116689829 13.924585390061686 12.542333096394902 12.974524044571767 9.103869246258753 15.520747890292427 14.236887870980897 13.41044981722293 20.218289772972966 15.424323500728187 26.99623423337168 12.527451804319464 13.092452584980151 20.20054565289771 11.570313547883547 13.660640267607507
3.0 13.237315448856204 10.539507631687602 0.0 23.076095108871584 9.777403394648253 8.361353000250038 8.743110310866472 6.278503082748287 11.368416950364757 9.791576407982356 8.980200881037703 16.04302775685679 11.242922815781196 22.822318140543135 8.452612657936362 8.603516861266556 16.0255166237026 7.524956201969341 9.689422955979849
4.0 19.30402684085507 27.26224116689829 23.076095108871584 0.0 24.176313025664598 23.76288678860294 19.95377674910766 22.05252971254777 25.79119404514858 24.119696728253764 24.644239064696443 21.028165042548228 15.200629598152519 28.066511032669116 23.56378480336228 24.382290901326233 21.177567085051926 21.9047954563612 23.18456834947933
5.0 14.054058033135203 13.924585390061686 9.777403394648253 24.176313025664598 0.0 8.30627146282044 10.731750588725525 8.850842865302635 6.087345934048681 12.457783818503277 9.759119532956536 16.742851177670914 12.335787953347511 23.398519806434557 7.954018767328154 9.79626907028897 16.74959812137348 10.108468326864362 11.781753643492703
6.0 13.785086469311477 12.542333096394902 8.361353000250038 23.76288678860294 8.30627146282044 0.0 9.878893497269267 7.546060537916868 9.881622502827314 11.30316504752144 8.251675557005461 16.54998732767112 11.925942512881093 23.276867142935757 6.894595223619836 8.24444934982471 16.54088679259683 8.995222888678992 10.810993407375282
7.0 10.397258549498943 12.974524044571767 8.743110310866472 19.95377674910766 10.731750588725525 9.878893497269267 0.0 7.769475664294998 12.338986847712441 9.23771769896932 10.605989125642619 13.263819723765637 8.090217867293198 20.145609122765926 9.77728050735292 10.288499104733305 13.231624056290638 7.32868098228116 8.855379534730918
8.0 12.20212415486008 9.103869246258753 6.278503082748287 22.05252971254777 8.850842865302635 7.546060537916868 7.769475664294998 0.0 10.451300904874106 9.189106017618176 8.52218978151979 15.01412697367894 10.210985091915717 21.795190101512315 7.439481398619483 8.232582932227114 14.99552621065655 6.202938549026259 8.196429685961547
9.0 15.6752793393943 15.520747890292427 11.368416950364757 25.79119404514858 6.087345934048681 9.881622502827314 12.338986847712441 10.451300904874106 0.0 14.054165283258104 11.310049044966034 18.34990500885885 13.951445678037945 24.997649466815812 9.57018100475647 11.356520576933853 18.362210912306537 11.71050756139935 13.390482597908893
10.0 14.405659121991672 14.236887870980897 9.791576407982356 24.119696728253764 12.457783818503277 11.30316504752144 9.23771769896932 9.189106017618176 14.054165283258104 0.0 11.81331369316574 17.2363711693894 12.293221738618598 24.05643528339062 11.321504919291538 11.433890827094693 17.213268956447177 8.997911299879673 11.234554338698036
11.0 14.719393060516675 13.41044981722293 8.980200881037703 24.644239064696443 9.759119532956536 8.251675557005461 10.605989125642619 8.52218978151979 11.310049044966034 11.81331369316574 0.0 17.493021362337366 12.813954769060745 24.23559037104447 8.807120208684044 6.701052848145974 17.482078310968696 9.747139574001967 11.668650284115152
12.0 11.142986250293873 20.218289772972966 16.04302775685679 21.028165042548228 16.742851177670914 16.54998732767112 13.263819723765637 15.01412697367894 18.34990500885885 17.2363711693894 17.493021362337366 0.0 9.443602729407722 10.98446103551554 16.317389027340713 17.2548641127701 9.599490885882693 14.979787528563888 16.267762421788873
13.0 7.379349588427784 15.424323500728187 11.242922815781196 15.200629598152519 12.335787953347511 11.925942512881093 8.090217867293198 10.210985091915717 13.951445678037945 12.293221738618598 12.813954769060745 9.443602729407722 0.0 16.47967616015183 11.723527055816845 12.553517226050452 9.50466524944142 10.056159858480914 11.320692036719185
14.0 18.16956175524239 26.99623423337168 22.822318140543135 28.066511032669116 23.398519806434557 23.276867142935757 20.145609122765926 21.795190101512315 24.997649466815812 24.05643528339062 24.23559037104447 10.98446103551554 16.47967616015183 0.0 23.0364980184114 24.004164735835925 16.69414451856886 21.79665192353183 23.09448455480959
15.0 13.554057543052892 12.527451804319464 8.452612657936362 23.56378480336228 7.954018767328154 6.894595223619836 9.77728050735292 7.439481398619483 9.57018100475647 11.321504919291538 8.807120208684044 16.317389027340713 11.723527055816845 23.0364980184114 0.0 8.738603636103011 16.308632988584932 8.918288335469017 10.654949248876235
16.0 14.475963230049775 13.092452584980151 8.603516861266556 24.382290901326233 9.79626907028897 8.24444934982471 10.288499104733305 8.232582932227114 11.356520576933853 11.433890827094693 6.701052848145974 17.2548641127701 12.553517226050452 24.004164735835925 8.738603636103011 0.0 17.242816225293137 9.420105219875946 11.372468671496266
17.0 10.770212184292458 20.20054565289771 16.0255166237026 21.177567085051926 16.74959812137348 16.54088679259683 13.231624056290638 14.99552621065655 18.362210912306537 17.213268956447177 17.482078310968696 9.599490885882693 9.50466524944142 16.69414451856886 16.308632988584932 17.242816225293137 0.0 14.95511514196297 16.239620326083475
18.0 12.137778274377478 11.570313547883547 7.524956201969341 21.9047954563612 10.108468326864362 8.995222888678992 7.32868098228116 6.202938549026259 11.71050756139935 8.997911299879673 9.747139574001967 14.979787528563888 10.056159858480914 21.79665192353183 8.918288335469017 9.420105219875946 14.95511514196297 0.0 7.85043809498489
19.0 13.404779295505712 13.660640267607507 9.689422955979849 23.18456834947933 11.781753643492703 10.810993407375282 8.855379534730918 8.196429685961547 13.390482597908893 11.234554338698036 11.668650284115152 16.267762421788873 11.320692036719185 23.09448455480959 10.654949248876235 11.372468671496266 16.239620326083475 7.85043809498489 0.0
