outputs/Circuitscape/Land_Cover_Scenario2_cum_curmap.asc
ncols        451
nrows        316
xllcorner    -6.222126966401
yllcorner    49.837925530693
cellsize     0.011777559530
NODATA_value -9999
[rows 114 to 132 of 316, columns 344 to 386 of 451]
0.33889204013171653 0.39991415166964345 0.40346037692631176 0.48182150147642411 0.3292624273094048 0.37300012081370226 0.64262567443082874 0.4583782128088969 0.44706044503944586 0.45713294670442173 0.46391234964322386 1.5225871671059492 0.4548337721748954 0.44337910679169867 0.43110445593977093 0.43327547695304064 0.44722478113735348 0.48882596178807036 0.73026393035244874 0.4027650277714081 0.33859327574038689 0.41856490144310504 0.40361728883335524 0.33600269737568422 0.33084961536111723 0.37901938396595902 0.38734776302384949 1.4697078743087724 0.3889507537906815 0.42300551681279619 0.43055750988342206 0.43942855662674218 0.44732409197917378 0.44883519467540794 0.43163389920633188 0.41295176159558444 0.39674623202065584 0.38357384549246887 0.37222938811952222 0.37734601336036661 0.38320349331420145 0.38335667440376853 0.37263625078464974
0.31561081357432214 0.37516809743376606 0.38538035162301476 0.35566447544423552 0.29922896258848525 0.33628065192311896 0.42057019074746216 0.44285070959402567 0.42456861562603587 0.40553699768250384 0.41897887559216296 0.31511535662275031 0.6937570739929213 0.47830617937816783 0.44376120794131269 0.43462789615277464 0.4375292850943896 0.45899539185811977 0.48426332061885657 1.4539570740196548 1.5005618099189553 0.55327375003399615 0.76441731157630022 0.32361832926444312 0.38158447009658242 0.37659240140970407 0.36431782067090768 0.41526989156754124 0.80046434635516939 0.50990254375298005 0.47567501458709316 0.47666444778343819 0.48505671470562495 0.49555241501952685 0.50541737592914415 0.4183618374598686 0.40264753477779863 0.38488012729177445 0.36758794962695379 0.3555857875483161 0.42548531903418185 0.40770239243687278 0.39366332641266516
0.38827662276056618 0.37590773397064586 0.37256359458989174 0.35756226178710632 0.34596516197430621 0.35915299506817983 0.38863028448571563 0.40714037055148095 0.40569154530119017 0.39220413354863265 0.35415070708383189 0.35887520467887007 0.4452229141162955 0.46683093144103321 0.44129120934767196 0.42666427787565542 0.41699334541664468 0.4089802438936172 0.46135224938232355 0.34193477409527961 0.3989992451257916 0.77473260035645852 0.55303232376226408 1.6556558716519354 0.4552351771247492 0.43707961325713562 0.40204209018883985 0.4663514664610427 0.53171455432856496 0.5422488516477858 0.51470343429742049 0.51364895898357388 0.52296295636060408 0.53598939373391874 0.54121387727810888 0.52930458595871888 0.50825596928271721 0.39609924718213663 0.39402155041483378 0.40494617996657911 0.40322886204387393 0.38723990051142215 0.436417563601324
0.39558135943885775 0.38760424911005864 0.37902744224582741 0.37195586990121987 0.36857191694010927 0.37450370637548241 0.38662612143821046 0.3961280724977807 0.39776710713507246 0.39009557197297673 0.38221276799382298 0.39228766769883805 0.41768112820854808 0.43474081895293343 0.43099135574064107 0.41529354058259738 0.39752552048186862 0.3852836131066717 0.34551505285647133 0.29569292425464927 0.34796514572977827 0.4396818303748562 0.43541647236767822 0.3947752009797364 0.78279666318784291 0.51362421051224183 0.47893738032076832 0.49301598153523818 0.52132172262601972 0.53818285559023971 0.54166144145805628 0.54608627864366155 0.55934879647735447 0.57147285406665616 0.57622516347541675 0.57110824290005269 0.54385362617627919 0.49888670418062742 0.4704713559458169 0.47049494687169724 0.46276775764190436 0.45873712738780614 0.44339990087795111
0.39863380230034445 0.3942376252632116 0.38865847819791488 0.38426013727972919 0.38258570531215608 0.38492928348485489 0.39062558682580245 0.39637205753531785 0.39915394979628843 0.39851599195304138 0.39866178444769551 0.40499914238451995 0.41731315062810131 0.42884104205901985 0.42891204191773236 0.40813871632124588 0.38060428759616483 0.36637481218936541 0.3546331882665536 0.34827931055098499 0.37045561413640388 0.39589670368347502 0.38432250676220459 0.43160888544053128 0.51570423571071555 0.53597484043787857 0.51818619335769778 0.52489068575891851 0.54134683915401338 0.55641005080519046 0.5669746737110376 0.57949949521669408 0.59658296087820695 0.61493068038568766 0.62450630920043115 0.61855798804069606 0.59236563638126827 0.56264626412933305 0.54531347987054957 0.52996761372405954 0.50988295862721278 0.4862054124683195 0.45941302703322917
0.40685554211337183 0.40214819335083363 0.39789590920793266 0.39460502545276316 0.39282890026212547 0.39316671834591621 0.39530819230464581 0.40043670150261418 0.40652219418831737 0.40732258230460661 0.4067582311758392 0.4110348272967197 0.41926277394961597 0.43159596889861168 0.4525398051712286 0.42890309114922992 0.35313393112559416 0.36476067825348185 0.37964021514277951 0.37857102101098167 0.39195569407203956 0.40664080566846317 0.42434935194276824 0.45440099464077505 0.49186182663181321 0.51955677284370294 0.53397540814232081 0.54755249829637309 0.56536140950770619 0.58396729548746362 0.5998962496776854 0.61858388945730092 0.63818074296709615 0.6672372555480558 0.68790979772408267 0.68886330983583588 0.66325752186484466 0.63903612828937184 0.6238201469442235 0.59560012847997357 0.55852725045448048 0.51921676469454181 0.48779869279015486
0.41541985749440924 0.4105777063807422 0.40670084804330875 0.40356551364634674 0.40115297887578533 0.39951127431637179 0.40082928115266858 0.39815804502676155 0.41471455927969175 0.40924833161566909 0.4112272622751616 0.41373824092965023 0.41950511942495949 0.43019275399666917 0.45930586095837378 0.6514207323050285 0.31722513270579566 0.46528083790095648 0.40189384133680639 0.40518094013164818 0.41490914663914802 0.42834437771753581 0.44628937707858085 0.46969356598374401 0.4959967268058163 0.52095646198585666 0.54325578462439461 0.565153218736406 0.58896318544692905 0.61468242666512229 0.64051371662678358 0.66371516236022077 0.69487464792940912 0.72866744532933436 0.77137890962548783 0.78948257840674019 0.7668156862063682 0.74236183112498155 0.71955892222111728 0.66996563452584912 0.6109126738662457 0.56439734223832483 0.52106453385655904
0.42283536348772344 0.41857140458944292 0.41493988471867771 0.41182248130484911 0.40890762675959208 0.40520840504281563 0.39833782559812303 0.41372097415208209 0.34468785731055657 0.40940606616648834 0.41255053862104407 0.41463091768598148 0.41785605311324714 0.42235730413226408 0.43022815714459206 0.43565957540010969 1.5186734173753895 0.43963120728514138 0.43404958377281766 0.43291200909274308 0.4385607831606198 0.44842456638791484 0.46244028785912833 0.48145103911220755 0.50377019430241621 0.52767629491893087 0.55279041657167982 0.57984025178369047 0.61039914454399691 0.64503089999862739 0.68365360090554605 0.7243244755692162 0.76757482290303702 0.79424803631550434 0.88124768472821102 0.94296580541069863 0.93055337757431467 0.89280793401397507 0.84301628899159631 0.75602728292805876 0.68262654964311331 0.61214811401244074 0.56284769930708556
0.42977956735216427 0.42607051491625814 0.4228156529377915 0.41985973364428919 0.41700911188875295 0.4137097195076066 0.4016965208239911 0.34821330099720638 0.41468480023468846 0.40507133681935859 0.41364187442341221 0.41590408833584114 0.41679225645687029 0.41607917605463457 0.41433046499833531 0.47957190594868626 0.33429903796716326 0.64979118269790304 0.47172587749299644 0.45823940605377511 0.46233026857836357 0.46632185064627824 0.47432604518793653 0.49022551040378121 0.51057261826447486 0.53434085954988264 0.56117991282714819 0.59177864467129693 0.62782789165184749 0.67104439984040465 0.72370084933557977 0.78748385456768644 0.86285821533781926 0.96757822143156913 0.90049401758260716 1.1713561549828728 1.1781701015436659 1.1207381534805574 1.0078137573278994 0.88552391627969751 0.75507759566930988 0.67095894141057544 0.60266810413933614
0.43653180173302064 0.43335907441590821 0.43052699457939575 0.42782982290698918 0.42536522107899188 0.42384458273141068 0.41781277078103951 0.35758647394463217 0.40961245570406962 0.41763908992880328 0.41784115884553596 0.41893797520407677 0.41811255835633127 0.41522943641506183 0.41383716270703808 0.39194800340475888 0.36303875859771612 0.42066580369446938 0.45158445158831306 0.45455538690481223 0.47467317270798148 0.4744567939992777 0.48201807465503654 0.49547874922631929 0.51460548363849956 0.5382816578761882 0.56633923287862875 0.59943592378744004 0.63929099952954682 0.6889132766242323 0.75278416329574871 0.83789827227407288 0.95608910598822461 1.1228566338226234 1.3765958416623618 1.5253739785760783 1.6335464895991707 1.5074771694144664 1.3126585700898183 1.0040785093263593 0.83866879778014125 0.7189614863670557 0.63100179461825689
0.44316701863455382 0.44058585924881422 0.4382002851404434 0.43572725639389775 0.43330459555605905 0.43168606983895369 0.43040563671961585 0.43585329375117421 0.41728019001414379 0.42269406677937971 0.42418818127894886 0.42395436263825009 0.42205182869313801 0.4184494672559993 0.41223219760594715 0.40601603911768008 0.40521155400348785 0.33552112989830879 0.34727677149985242 0.35903488044814358 0.38645495665979934 0.47088167251134205 0.48625656492039293 0.49999353597176549 0.51878107597752399 0.54180334946876996 0.5693863454145105 0.60260929255047124 0.64342007326637551 0.695112884126456 0.7637686427587157 0.85992398904619649 1.0017413852624721 1.2249907733342384 1.5975088921766432 2.7356297833933851 2.7378390357605924 2.6831559469117963 1.5012997444319618 1.109866710133415 0.88421324020454284 0.74008185741350996 0.64146439504135822
0.44960063120952948 0.44777673134869611 0.44607410200441638 0.44382292444298643 0.44075772372895378 0.43751844976081672 0.43683859987466944 0.43610073575755748 0.4321690831630241 0.4306252756166698 0.43164502101071323 0.43106994976664054 0.42825829223752043 0.42364972196293799 0.41916077516591688 0.41809294898866955 0.42047561078322632 0.42649796427588993 0.33898899851046965 0.34735155087045877 0.36918743481928817 0.45750870549132699 0.489436265787346 0.50675915064479338 0.52660804319428289 0.54975477609980594 0.57717619239415519 0.61037766975427421 0.65151748265868425 0.70416939929608469 0.77488743940304783 0.87458272220778199 1.0234388179906075 1.2656193813666961 1.7326469394585322 2.8094370765734897 18.23769809437567 2.7454505447305575 1.6328703095533152 1.1551413695244919 0.908000818359461 0.75692466008139303 0.65473402529014124
0.45571299418855393 0.45492464686538092 0.45454395802230063 0.45315499909109414 0.44889569964703979 0.44201075613882879 0.43608893213440642 0.43429949822597436 0.43622606476651343 0.43918809679277049 0.44116167043159132 0.44066429450062705 0.43684869286855671 0.4305941987699885 0.42484420049550203 0.42294044687141386 0.4288801059163791 0.43848508844424405 0.45020909456254288 0.37106242736886358 0.38297223953462145 0.47040976775728438 0.4952444130219914 0.5150612691701516 0.53608449879807341 0.56018751070031736 0.58851642057300535 0.62258940849733757 0.66469356316060957 0.71854031158859177 0.79007879077556387 0.88922610256634194 1.0336362268918944 1.2586237199028576 1.6506262714236553 2.8252247900707159 2.8201953530963908 2.7524445399594364 1.5626040313472229 1.1458162759523143 0.91961336330378884 0.7748144956482772 0.67362212592362725
0.46121405828115825 0.46168607870048994 0.46347242928586896 0.46586158686647744 0.46216252654745499 0.44601540395529471 0.42988709289022703 0.42943778232270063 0.44039744099076172 0.44910016682744547 0.45330557802347493 0.45411939855604944 0.44933564117491998 0.43871848874476604 0.42671149007134623 0.42114406491194567 0.42741659441139868 0.44421669738175928 0.46187681508743189 0.48156300531509444 0.48625948748427034 0.48722708146307803 0.50565742846337058 0.52344403415276286 0.54410022858101237 0.56808373649751664 0.59602271202230739 0.62922977940608271 0.66964929741574031 0.72043592276981883 0.78639686674662523 0.87464834885793707 0.99604196895575148 1.1709846497960033 1.4784044221007582 1.6674223748986901 1.7522712813889751 1.6032443077304985 1.3793453732806611 1.0674181343620803 0.8824476821961198 0.76384464682712006 0.67422695113947229
0.46569270045073707 0.46728745841774522 0.4714143477707381 0.47968558577717479 0.49747894891020056 0.47115946732997982 0.39994901001571481 0.42215698207334468 0.45640330920301408 0.4615809392783512 0.46837671123565361 0.4737700289072822 0.471332190268899 0.4522789359458278 0.42449472903867297 0.40907483595079086 0.41681841800798014 0.44453344381990278 0.47594834969069155 0.49788620166227587 0.50664589812171923 0.5090854721537581 0.51640582733926432 0.53100423131955854 0.55028463167281949 0.57293459038753769 0.59912033313350399 0.62932986725186513 0.66516991160203964 0.70864974478648113 0.76275474937998411 0.83132721181586611 0.93161828814072323 1.073572449569564 1.2061788994410874 1.3073243806231967 1.2944528943155198 1.2220771822669982 1.0991207824217619 0.95483308558696278 0.82636114437873476 0.72843413835214843 0.65835687121555309
0.46865211212151037 0.47087388969371674 0.4764265023145432 0.4872274237104095 0.51641530728331564 0.71667307354562926 0.36216172807461522 0.54247294713386629 0.47064383344764016 0.47696469533172919 0.48446119146572886 0.49606058503918649 0.52051861549989686 0.50495670240976454 0.42535956751727505 0.38446554478393824 0.39260504972764432 0.45575434982839452 0.50539559824109226 0.51093579715100468 0.51626513449602984 0.51934815328155326 0.52391677379529289 0.53537847837858488 0.55417508404704141 0.57618321818042939 0.59968647902758487 0.62528151795844022 0.65431182258906939 0.68768842797128205 0.72600793060360502 0.78242456933265303 0.87311076589129133 0.98443801978764178 1.0899697129003072 1.1246186363028201 1.0670852074009005 0.99528184410798515 0.93262640745354852 0.84464499898938372 0.76324226127902972 0.70308092789013898 0.64549189043617883
0.46949082667894559 0.47174946776230409 0.47883703222080365 0.48705480500931614 0.49881086752435816 0.50857274660999463 1.7377072028324063 0.50510742715740076 0.49935880978033959 0.49370726560829048 0.49730175011531164 0.51035289043715626 0.54841684581020023 0.8032992507699972 0.50172518390834941 0.56339758036142984 0.43731091502230468 0.65206001944769953 0.53265743064670035 0.52827353516353082 0.53014321083293647 0.52950412705409156 0.52543350050966109 0.53442579668454482 0.5561152105670959 0.57982871958829951 0.59964719686560075 0.61879472133484803 0.64030800480771199 0.66269659439141582 0.68405220001557154 0.72317102783943277 0.81201281110991486 0.94295035068119648 1.0590348877681599 1.0608382743185767 0.96544702690938977 0.84852913382648265 0.79591632678105062 0.75102261497445943 0.70391831111041825 0.68859910444868755 0.6614775439093834
0.47026690221409323 0.46390078140455671 0.46814671783216272 0.46432836940205674 0.46598468886423561 0.53819838821730315 0.36216267403048408 0.72786861744006059 0.53035455817680466 0.50480330238551019 0.50304833308765529 0.51123056367069597 0.53285037506908783 0.55494613751557542 1.741885419223161 1.5140507692478742 1.7667689072821573 0.57091388548395539 0.55748108638206029 0.54388934638557296 0.54298067482480683 0.55434904025464138 0.52685195771857041 0.53299979774905171 0.56933626060198961 0.59612383582158224 0.59983485720171914 0.6127438211692795 0.62673001715222798 0.63970636599552932 0.64563740030344563 0.65426085290005154 0.65624502636145587 0.99430204494153696 1.0824409409235134 1.2941384204460014 0.80678487260313569 0.71377466615753771 0.68458415291740216 0.66245636490558502 0.62648258140949853 0.61454604371299748 0.91746629173554084
0.46334798591817822 0.47150653241735108 0.38329061763337602 0.38195582389412835 0.3830502334182227 0.36191709830754537 0.34801801777425639 0.48617567792282668 0.51922289302194702 0.50442546297047353 0.50176359397085368 0.50386261359261675 0.51153712997996215 0.64578406317419756 0.45778344204291499 0.58138111595484299 0.51643637871149828 0.80489041472230916 0.57698105841060654 0.55153741028957937 0.54770794289175395 0.56060632803249721 0.73393871815262812 0.5098692584671618 0.74538949401844767 0.59800301086912633 0.59970276796351429 0.60882798082135681 0.61750648724651991 0.6231193746333813 0.62563613667290774 0.61273378931564637 0.55444216546815694 0.49465591044154333 3.1936536253927437 0.44411798898138227 0.52205023411434759 0.6108498746061195 0.60720435492041469 0.58590372999811446 0.54584467093933475 0.50107582842112108 0.4148697566639804
