outputs/Circuitscape/Land_Cover_Null_cum_curmap.asc
ncols        451
nrows        316
xllcorner    -6.222126966401
yllcorner    49.837925530693
cellsize     0.011777559530
NODATA_value -9999
[rows 171 to 189 of 316, columns 294 to 335 of 451]
0.35769733144361471 0.30434706211706108 0.061311784630665819 0.063202550569884941 0.046807601633695642 0.47515605698072794 2.6627344502585402 2.765915314065309 2.4663857275982677 2.2747450223695753 2.1451494652563916 2.0447510306579084 1.9602636343801576 1.8860281609095644 1.822265731896453 1.7622102490316729 1.7028590118899121 1.6512483966352725 1.6054684105248724 1.5561363578353431 1.5026805836820381 1.4465639137229591 1.3940381242893227 1.3470449913696747 1.3051458550721973 1.264922578778763 1.2250526272924787 1.1866917932729577 1.150519594767125 1.1161859090730029 1.0843169566518567 1.0550294658462214 1.0266526511958263 0.99898863633410329 0.97235905069379669 0.94681622524566733 0.92259324626636863 0.89926975277113652 0.87707876706333232 0.85634318219729055 0.83686773189815111 0.81864609823611612
0.09465941193974084 0.074637214647235842 0.16519160792405643 0.12576618041726242 0.17142757205502229 1.1174380920243128 3.039475273842231 2.7904125130217645 2.5120646227658288 2.3513147615454901 2.2383924315918553 2.1446980451712019 2.0606174934997452 1.9829925467924792 1.9204059500712471 1.8571785652563406 1.7941081525104356 1.7389794115813617 1.6879728965959533 1.630368140421806 1.5666191121692143 1.5017363017999346 1.44392065827604 1.3926239835620955 1.3470834842885213 1.302967003503674 1.2597212524961154 1.2184102674758046 1.1787714356509822 1.1420060838726531 1.1087635536629279 1.0774451263908085 1.0469809125036695 1.0175913342628382 0.98917124136773871 0.96185739756430277 0.93564274268700121 0.91076771124828793 0.88754582456568554 0.8657879241855313 0.84550819755336204 0.82648681401567736
0.16950160640223888 0.097771434544241781 0.11969489704241229 0.31105791817915035 1.5638857059426967 2.3520020685710064 2.6574365138797607 2.6345516700065472 2.4958093071433183 2.3985601544124675 2.323426154104653 2.2475298696417756 2.1685619683235711 2.0935109397882066 2.033273741173288 1.9711227361772901 1.9034807906200752 1.8437968066466661 1.7850873378551249 1.7146626942968284 1.637135521395068 1.5647980491850642 1.4985392835987674 1.4434472661268343 1.3930048892642541 1.3442691343742952 1.2969073670898084 1.2517530180792309 1.2085310512805889 1.1696234769857916 1.1350853058900543 1.1017048506010341 1.0691418674036224 1.037404617766279 1.0064047786455954 0.97676757205929443 0.94858316933672993 0.92233574021265097 0.89787454961467272 0.87524047904854596 0.85416834207350001 0.83406911900997494
0.18557806818862568 0.29204136876733922 0.56956476285146251 1.8324503636340177 2.0067534991535014 2.2241828271258504 2.3934789945702395 2.4783812216708205 2.4780184411525221 2.4503421921157069 2.4158587284501909 2.3616841991219943 2.2883500706020179 2.2257698429954362 2.1680595945192365 2.1094540100984891 2.0378240203833835 1.9728131142994925 1.9012431465694237 1.8104203349522079 1.7196036676587068 1.6334345480150754 1.5603209950300325 1.4993350571644373 1.4431341407944172 1.3889502433490728 1.336890231461703 1.2870396948238876 1.2412612990748495 1.201223869367793 1.1647997857349435 1.1288274450012292 1.0931776905454991 1.0579410777388654 1.0240036257072449 0.99166408158259722 0.96167490527424793 0.93396546866669128 0.90851825447390511 0.88498587565666698 0.86261808642036519 0.84144205587247234
1.2162558940389925 1.4258142378710514 1.9693346922753798 2.097198027261324 2.0945200273801099 2.2083776758121703 2.3496278543729825 2.4539108921934085 2.5194641959415667 2.544246136534464 2.5424902736468313 2.5006427479362494 2.4392495365372069 2.3820358844099818 2.3387679809428494 2.2916202465408104 2.2193542772665058 2.1426596293184721 2.0461023147552782 1.9271434017932769 1.8135563556730399 1.7129584758021059 1.6309570506082316 1.560705497493335 1.4968574177984553 1.437191358545983 1.3803261310973813 1.3263939803005416 1.27977899249925 1.2383469684733976 1.1988135660893919 1.158526297995647 1.11822726698547 1.0790185419002576 1.041632771335955 1.0067853973236396 0.97510190076282688 0.94616761443053743 0.91954955250019965 0.8944392010900255 0.87071038413921653 0.84819955867946817
1.6180343798822523 1.768552808449287 1.9785740137467895 2.0734982063175544 2.1206699761591494 2.2435702626913914 2.3984492632260861 2.5667428062102173 2.6728168303060373 2.7385981890688855 2.7490371399897819 2.697522695369484 2.6233636483355425 2.5731580998277943 2.5767008891651288 2.5517147974122634 2.491847517750712 2.3906940465874236 2.2422590240496532 2.0790366810148369 1.9228224093411634 1.8018096342414669 1.7040230424953489 1.6237777039055916 1.5532564973965288 1.4886021371944242 1.4282641278691184 1.3724188060601397 1.3240897469566044 1.2802113740637591 1.2352407593684622 1.1892667122172094 1.1438261880149239 1.1001592670461224 1.0592628763946714 1.0227335180764601 0.98931812538603092 0.95890307064483693 0.93045550382535025 0.9035790531161163 0.87820307357168781 0.85427200234269074
1.7679484877131966 1.8480188068357828 1.9595368574975809 2.0600597703194468 2.1526180019067032 2.2908584155034171 2.5025391763092806 2.8094937494825682 3.051384839667465 3.186326945486873 3.1536511375332519 3.0127463792612179 2.8131317343980085 2.7863246241842501 2.9104901407043471 2.9968869246679195 2.9857823452503309 2.8132557290134281 2.5675609181577754 2.2373104602731875 2.0347355783040921 1.8869450116697504 1.7735033365799577 1.684751134598129 1.6134717817948101 1.5474381349066082 1.4846794193520609 1.426810146274188 1.3751278469826334 1.3257149072569647 1.2737128131632658 1.2209034638217251 1.1692397274555311 1.1207231371251134 1.0780118862823178 1.0388482283695897 1.0037377276759054 0.97108045692042699 0.94036544035370728 0.91158880501785533 0.8846789087849426 0.85963404631807006
1.8666525219613126 1.9226811494438762 2.0005255464524221 2.0928731057664964 2.2019312705012544 2.3463912902729356 2.5795184589997255 3.009526611129365 4.187453983135736 4.3160496315305741 4.3325163752216636 3.2428845678727098 2.9576559015538018 2.9233602090844002 3.1592998887387522 4.1857735004760439 4.1366928096620867 4.0060333788626714 2.7960013753214366 2.367004040691481 2.1187521289166549 1.9576603648690769 1.8395860200456111 1.7503566070121219 1.6823736379056391 1.6161592609079305 1.5504169257952718 1.4882960655503314 1.4323720316718345 1.3756207518464278 1.3146425784263573 1.2530765291866035 1.1945674916231288 1.1433906861659495 1.0965013132957191 1.0552441008027729 1.0171683018473723 0.98165691332634353 0.94887538479852107 0.91851726629372232 0.89037915529861344 0.86423918602165328
1.9451327711242596 1.9809902122908492 2.0426529306366565 2.1258664539240284 2.2362064231188472 2.3913724340558118 2.6367668427907871 3.1181718149298456 4.2783244583967956 19.773957393167983 4.4222498344160641 3.3790939298206952 3.0173112249509622 2.9872709251306722 3.2940150885536306 4.2840336174923594 19.618136184044239 4.1010706325390087 2.9368259557202965 2.4364044180668905 2.1758443875603755 2.017174192233969 1.9051116776038497 1.8221024307608906 1.759012779489926 1.6957607042706799 1.6267943824821436 1.5614875065139611 1.5000640013006046 1.4318557887007333 1.3583526198343967 1.286051067477108 1.2230326474108599 1.1652361982077175 1.1156291510483718 1.0707481732022042 1.0293002342759034 0.99133647856433238 0.95658446248181095 0.92486266175289822 0.89569098392342827 0.86892817342740536
1.9949570813106832 2.0212330627720307 2.0721855599859373 2.1464589240600516 2.2495603547962415 2.3981350257230902 2.6289879507018061 3.0534773342297492 4.2485508999627299 4.3637393922299825 4.3772706932462668 3.2937637252911056 2.9920048888323199 2.9682900170288042 3.2054612981177737 4.256571186173554 4.2070726265028515 4.0814163440457865 2.8808563694012723 2.4424827077391091 2.2092149397099172 2.0638128184809474 1.9634789513756243 1.8970565823687282 1.8455351539823472 1.7937244942835959 1.723118877687265 1.6540910796412671 1.5839958785926072 1.497681477094974 1.4054136430428996 1.3245062949130637 1.2502609772780162 1.1894669972705463 1.1345354259955633 1.0848503340730069 1.0404831298347439 1.0003613314381079 0.96400566598353432 0.93103833018587623 0.9009135809654325 0.8733526640999103
2.0217558815194838 2.0430625508417664 2.0846118846628956 2.147176066489624 2.2338180914995713 2.3549643368835493 2.5427262731395914 2.8550854947717541 3.0849522891503134 3.235352521797652 3.1969112304125757 3.0469928825074089 2.8577130011555321 2.8223678886470989 2.9830010894777157 3.0778760701243324 3.0960632822265151 2.9337336921586448 2.6870184076739969 2.3826565495235763 2.1954858895748224 2.0867305336043027 2.017350561509331 1.9812126459623305 1.9549867737073314 1.9291606521913331 1.8627940278494852 1.7858247066369026 1.6951391460416614 1.5745549435405923 1.4641616291736173 1.3629688380397003 1.2828211480638503 1.2126141304400861 1.1516607990762064 1.0979183338153906 1.0504786121776752 1.0081141683251136 0.97025812508102416 0.93607593528213806 0.90520067541140259 0.87736491624132373
2.0309623207933161 2.0473623164439028 2.0794254398554233 2.1277891248569691 2.1933817744746897 2.2898452129336175 2.4212743955742289 2.564511045831066 2.6865955387698213 2.7424771758586739 2.7523988143392932 2.7163358965044124 2.6458120593580441 2.6404289258418663 2.6568553768064174 2.6694573577161766 2.6215138926508015 2.5351586416143421 2.4144232750471337 2.2683897762463499 2.1627511506583876 2.0968514616370308 2.0725089412529303 2.0811335644781837 2.1277428415763526 2.1409927256416119 2.0942179161957997 1.9968935461795079 1.8476466925164101 1.6857415131767168 1.525264052482507 1.4081460231867564 1.3133143771059181 1.2336272507602994 1.1659419359707919 1.1077923001791494 1.0574868442807177 1.0133664045039406 0.97470999516299317 0.94071393377794787 0.90991437910772044 0.88226523937758117
2.0290478652408543 2.0405226013902444 2.0633926761544901 2.1002941357551723 2.1535225897814758 2.2217937933160563 2.3071419261324295 2.3940653520442305 2.4511194793661577 2.4765990998296745 2.4906937315904223 2.4846038854671484 2.4677186903838844 2.4539818411295125 2.4532662094488753 2.4281665713009426 2.3750640139620294 2.3168835672084525 2.2470218574963301 2.1736844747998352 2.1152782345428891 2.0945534631508367 2.1174339956144048 2.2045198573853106 2.4097832583379004 2.543294809407838 2.5534425237111256 2.3705485678439153 2.1319519278681049 1.7940173793756666 1.5930729010067759 1.4476905385497052 1.3355952803769326 1.2465014416861668 1.1739270067840175 1.1134978227294872 1.0630148914797843 1.0190191070521442 0.98040374921304285 0.94641102871286065 0.91549427347685031 0.88727360752678486
2.0225653068447071 2.0292058708544385 2.0467999911514667 2.0756710601507917 2.1150415082599752 2.1649912897199242 2.2195091218664937 2.2667189778287375 2.2962257212225259 2.3076674149740848 2.317126685570202 2.3186464574259427 2.3141930227665091 2.3078585278732104 2.2999275843386422 2.2687970870547534 2.2222387722532115 2.1791146438837146 2.1366575383748909 2.094006973167835 2.069562665947382 2.0774549402340488 2.1345117884771208 2.2839091378849625 2.6122089228759151 3.7055802933241195 3.6558436154956668 3.5314551099538471 2.3154208888642382 1.8837116078635423 1.6319679120800017 1.4648193198227921 1.3455646091519566 1.2538241361358975 1.18041421011021 1.1198249545385621 1.0692354868738609 1.0251265519711041 0.98607483297151122 0.95105750832438662 0.9193999099536031 0.89049667555440826
2.0151175116493558 2.0194551817103257 2.0318316063382209 2.0533334537329235 2.0811005869643986 2.1134901710819172 2.1451109092008052 2.1693988984888626 2.1841393585935953 2.1911853810067634 2.192690043335118 2.1938260965263794 2.1900092453783833 2.1870027343587535 2.1752076464111427 2.1474812520552389 2.1111201749448347 2.0770123146488246 2.0497894455332126 2.0294624972696043 2.0232470332322121 2.0439934230451362 2.1164682889302826 2.29484970138666 2.7068880718349484 3.7423301193307186 19.102919308858375 3.5729029824811578 2.4159450313482891 1.9118872226832759 1.6389254651235392 1.4679335698258125 1.3489051849299292 1.2578193807654756 1.1848727150077072 1.1243398387479204 1.0727546624038211 1.0278831112832842 0.98826140911217086 0.95284444537768453 0.92081562824116991 0.89159897090154039
2.0092131087611635 2.0104872834224246 2.018877543771759 2.0328596552786413 2.0494604816721238 2.0669900754638366 2.0832674869812369 2.0935172549559957 2.0999227941831546 2.1022444193943386 2.0999098563283711 2.0957639080622998 2.0913525548140166 2.084813805000211 2.0707463288504266 2.0479338267007803 2.0199172674891219 1.9917052905234809 1.9720282397714 1.9630900219097018 1.9679863369288029 2.0005497280059892 2.079386320776389 2.2453601581939147 2.5775584344321789 3.6923350894496783 3.6496759042782063 3.5303972366240983 2.3250409077588428 1.8838803185195436 1.6325181406720166 1.4667153613298929 1.3469607412949454 1.2547205803987664 1.181542958988927 1.1213238941613466 1.0703505663029032 1.0259616518253478 0.98665982566947541 0.95142705023237328 0.91953259519225217 0.89043318414193107
2.0044613165942273 2.0035436036973682 2.0070349561712413 2.0133694438250451 2.0201577468361891 2.0271125110044657 2.0319446921971149 2.0335089546864769 2.0338020481218555 2.0336938239299842 2.0277830095981093 2.0190850438916921 2.009673185738257 1.9980544417796495 1.9824188667781881 1.9635626111828972 1.9416862152785537 1.9203789967047478 1.9045696765615403 1.8982921826714638 1.9068186450870335 1.9387397808476776 2.0027020404980691 2.1143811180934042 2.3568126237662854 2.5003927677129782 2.5358035863989059 2.3698218521884051 2.1257637446676814 1.7985306425741434 1.586983031599676 1.4440762716395046 1.3331119777739837 1.2447116891652046 1.1732355706964999 1.1136337648320178 1.0632985257129954 1.0198802294270883 0.98156685484563666 0.94717528099780224 0.915900586011 0.88725705752210327
2.0032485421050659 1.9986483933434394 1.9968786830900114 1.99594937432532 1.9949314790677892 1.9925940455760254 1.9890811999138136 1.9846667879975031 1.9819168900262962 1.9772227692338782 1.9683341323486081 1.9543716655502616 1.9399561146256616 1.9249705362081564 1.908350184538663 1.8908755539391304 1.8734244116461278 1.8565722972163528 1.8418611064339716 1.8350395064289844 1.8397604381764452 1.8569274943911336 1.891276918719484 1.9641428382187631 2.0341113698998701 2.0846970572338277 2.0536299697901939 1.9692759744623958 1.8389030019563557 1.6703516800600158 1.5227287324962715 1.4017484759892165 1.3039006108760103 1.226239289904834 1.1603212287262488 1.1035146511648901 1.0542883612843572 1.0114396330364857 0.97393832696841998 0.94048420791151488 0.91014505787818245 0.88221948609669831
2.0057096434165382 1.9974179759959418 1.990086227366513 1.9824152836935283 1.9735689219380568 1.9632156151897597 1.9531941070194327 1.9453986467200106 1.9382365473728256 1.9296841945135306 1.91718203996043 1.9009702387884102 1.8820732309103878 1.862745550740122 1.8454536469478013 1.8286660930446368 1.8134783026767156 1.7980080713843156 1.7831170119727793 1.7714936140223263 1.7661764195851564 1.7682949564159673 1.7866170630474252 1.812843477131745 1.8448245933716074 1.8474524692271721 1.8010740708288062 1.7402788556292093 1.6637438948994241 1.5594985456199419 1.4488480589117931 1.3541685752126105 1.2737428978190759 1.2037641631167477 1.1426577602601566 1.0895136895485886 1.0433174394450939 1.001943385474567 0.96512673508794578 0.93218703679673387 0.90262894507362168 0.87554526383163078
