outputs/Circuitscape/Land_Cover_Scenario2_cum_curmap.asc
ncols        451
nrows        316
xllcorner    -6.222126966401
yllcorner    49.837925530693
cellsize     0.011777559530
NODATA_value -9999
[rows 209 to 227 of 316, columns 301 to 343 of 451]
0.98659493667459386 0.99047879855017062 0.98819003134738526 0.98146669918939411 0.97015188264442598 0.95545990319157614 0.93820500485811786 0.92024864564224851 0.90248077993025988 0.88425324068502142 0.86607362574284086 0.85018388262706712 0.82984969977861611 0.68196843583236078 0.79848563074873546 0.78854079016825074 0.77581110647672835 0.76914747396415539 0.77218363750722185 0.80058474334685792 0.77267826656628424 0.67819837143849726 0.6474477280912756 0.68079144604595676 0.72832891938276711 0.81413841311924495 2.5030506432525654 0.55269060863341057 0.48265997196226562 0.41916622600601094 0.4227343051374044 0.42546691595291114 0.42642562081010854 0.42381240146967558 0.34914095510138216 0.34568119047363094 0.41179013219927113 0.40940005621450931 0.40636261800651452 0.40527430108588208 0.40463553918029105 0.40354784639226382 0.40106457891036285
0.92981340490582909 0.96515328354196939 0.97658035642528573 0.97593929817312275 0.96846150345717619 0.95538082500697574 0.93863453230026717 0.92086434954599938 0.9024774368171945 0.88298670807959356 0.86260829660645078 0.8403554148516067 0.80355121500454385 0.80756346364000864 0.79602075568287822 0.78443578522717972 0.77073186128233295 0.76335047691048219 0.76145795656917548 0.75647601222472005 0.73518326785014398 0.70307056719191807 0.68129975911435758 0.69853480214272023 0.78616746836756013 1.2466537236352626 0.75616932036560702 0.66985782481727885 0.46185314768191077 0.4518153527340158 0.43872939228124158 0.43325199918716584 0.42802041259063567 0.415411463139433 0.41088933448051268 0.41156654854865804 0.40835203818234689 0.40804744313697133 0.40524160282238264 0.40361663371011108 0.40244749658905971 0.4010124822429541 0.39856582121982914
0.94079811372089772 0.96504994445666559 0.98057519699255591 0.98146238631604776 0.9739939586602 0.96079773136214008 0.94352586827409768 0.92512855324514143 0.90539741067395463 0.8839391748327915 0.86108860038526613 0.83701462780130609 0.81776379960343182 0.80464367043554041 0.78991457376224539 0.77425545678040819 0.76191906504282725 0.75249408940240392 0.74533403805976883 0.73881689047826782 0.72828441625481544 0.70734435439975152 0.67484749180449732 0.6908662458661694 0.76866964633169022 0.77180874366577701 0.69756417804593052 0.5910897215315789 0.5174307803156255 0.47216861869243254 0.45381501868896862 0.44107344634650653 0.43167392156857476 0.42407392718316178 0.41780496416721952 0.41379391203470545 0.40928214498749693 0.4057839153184235 0.4039266701606955 0.40233376352807959 0.40089516249428303 0.39953689697631711 0.39903431842644432
0.98366412840057982 0.9948288614845191 1.0046260961123761 1.0002684696959463 0.98849057150275477 0.97240837240203737 0.95373061900809175 0.9339465317901734 0.91171829569695806 0.88739563244763531 0.86210390988507291 0.83715292395179786 0.81491292603607779 0.79584861083368019 0.77875434973610591 0.76349689168236734 0.75053700655188582 0.73967408744650864 0.7302953556412084 0.72237295341835184 0.71033613496851145 0.58189720392369826 0.57862312770708479 0.70167398272786918 0.70474392329120894 0.68375017924925885 0.6368900665048427 0.57763173320997896 0.52524735976221648 0.4886249868112672 0.4642548680877025 0.44820512276136598 0.43294424174359641 0.42506951747956645 0.40690319589207835 0.40854742880652423 0.40618825662803409 0.40422912293199809 0.40297548267282091 0.40159234146680839 0.39972071746715643 0.39795572248963629 0.39861488376791016
1.0832185180692833 1.0530593948299962 1.0471125721067827 1.032938890731631 1.0114397099167634 0.99089552767509936 0.97122243574277189 0.94848439736066537 0.9222085889557553 0.89361341969315133 0.86401836803847898 0.83517603718773925 0.80921880144949254 0.78678833386581981 0.76735815520266404 0.75093300840598032 0.73755525681436418 0.72639640783734649 0.71602383708312412 0.70348544853570516 0.67368220281403213 0.66709084460097856 0.68818946282268123 0.68716918188292042 0.67049210136146919 0.64337349586624359 0.60757241755771374 0.56576856092212646 0.52570202762743967 0.49308102970090517 0.4690780138559737 0.4522572949626259 0.4326558152490621 0.35219690064169074 0.40287522173494339 0.40588182322108529 0.4026724818829831 0.40251986868751538 0.40320388462067253 0.4022377705809197 0.39895225539641177 0.39489835233573339 0.39344053600669099
1.2036896761223097 1.1302296245966177 1.085084779691865 1.0690211972432342 1.0298513044673958 1.0237591735623508 0.99843889189888002 0.96989113115869763 0.93674573707146425 0.90125498313096475 0.8656342398725313 0.83190270241481235 0.80143252463814774 0.77550532447599252 0.75396154079977984 0.73640438074309122 0.72290782698210754 0.71271175480138305 0.7035308859680951 0.6928474006783667 0.6828516608305788 0.6802565363246359 0.67839381801402077 0.66456637725942036 0.64324443411341337 0.61769939791226225 0.58746853000443222 0.55442240965840239 0.52191709772484041 0.49294610818912316 0.46928199076080512 0.45055228815239218 0.42560496460065811 0.35187480835765778 0.40412972613912024 0.39879380202312981 0.3966797579992154 0.40293207751687599 0.40805496800983326 0.40606269360947644 0.40037073255193195 0.39031009736878897 0.38163501285178703
1.2645772968774978 1.2041870906334102 1.1664373119192701 0.94268655607344187 1.0993009830587406 1.0698250106366431 1.0362079557699682 0.99803543415647056 0.95448429123984313 0.90954277046450704 0.86671199710034297 0.82648508941079535 0.79096010895391644 0.76119694899270596 0.73709347336354325 0.7186234792083056 0.70591807187231104 0.69832091676003438 0.693202335124667 0.68827838648419459 0.68304014757734111 0.67648958788101954 0.66623449944546209 0.64974228602480233 0.62740580961838566 0.60139127990379493 0.57360884727230332 0.54517705126522065 0.51746855114231427 0.49196690188757741 0.46932603742965229 0.44913753072625018 0.42653762188277183 0.42612875109451742 0.40927621339158893 0.38172904073057834 0.38175676345735499 0.42300832333602922 0.43042029258815839 0.40469716721620796 0.39268503463941762 0.37284012665981725 0.36072430251331533
1.2597573316638684 1.2568249743395881 1.2142451282454243 1.1855839610814209 1.1442423898651728 1.1277233606392272 1.0847867477936186 1.0317733117154 0.97433816544355922 0.91849995383780592 0.86686982648303157 0.82100332210282878 0.77964313309110866 0.74449177595264759 0.71662472177514203 0.69641678071663793 0.68501251243846806 0.68246066843880415 0.68436324640294166 0.68648533091921271 0.68509201822794374 0.67723215362822109 0.66269985651436847 0.64256581396677159 0.61853372755180669 0.59253460938709923 0.56579516849016609 0.53941608958624654 0.51431986775620786 0.49135405732144433 0.47080214708817963 0.45252659219265995 0.43896059750753957 0.42929176112425171 0.41500527664426756 0.44983744158383515 0.35568805016614335 0.63165145057510408 0.43120295824787225 0.3943178058879413 0.31573555119762914 0.30240638462881875 0.35343532187129473
1.2945661504192634 1.3174283213180786 1.3141333601025857 1.2837558735509971 1.2456831533733863 1.2048206357939417 1.1448948201447633 1.0699582675854096 0.99645191160571267 0.93141990715991663 0.87291236047721199 0.81858184238705833 0.76944949577883293 0.72675940492763824 0.69250178007055285 0.66879490946448916 0.65819220488347718 0.66379172972449607 0.67795731359007438 0.69155126499060526 0.69594970502936293 0.68595662992609585 0.66523560334262188 0.6396950685268139 0.61284805333796621 0.58596796002687834 0.55987944143346557 0.53490483306845527 0.51150905305043648 0.49023529952920597 0.47149139678357205 0.45579003102406712 0.44384509877468115 0.43553960146257614 0.43083518665428777 0.41793494984863289 1.4764020504371709 0.40254733578049584 0.3981264203639906 0.37597343737504163 0.3686859493726562 0.36051446484302091 0.28361674097674144
1.3518389515767379 1.4153783267154449 1.4452073394520413 1.4195819866626411 1.3781723887728945 1.3184028829724179 1.2178499200300703 1.1150841745040199 1.028255032434402 0.9523760450423302 0.88583677293750895 0.82267025537530447 0.76149889669867032 0.7062444290263219 0.66183385373566672 0.63132896739657562 0.62199182153734989 0.64003589461848098 0.67827872029555158 0.7128137850993056 0.72797052823678299 0.70750174288273704 0.67229800821677288 0.6390992571783527 0.60853573759553092 0.58027732215055661 0.55404342680046259 0.52981953953627059 0.50753678097784283 0.48746332828381345 0.47002198727970984 0.45572989811080955 0.44568562854639415 0.44267848803207188 0.45951889834374771 0.64632492965353927 0.3411061494307473 0.42601566883668585 0.37832319852130591 0.37642045031685334 0.37343822170721797 0.35782856382660178 0.34611546018496853
1.4339293146473873 1.5630462934241771 1.6582128918872057 1.6584718170667008 1.5980950858932252 1.4766306753279073 1.3207464757866603 1.1701050548404723 1.0648948963969533 0.98675869102729541 0.908555711115418 0.82811988713630091 0.75317585924685271 0.68018522290749106 0.61736055762234687 0.58626227516693841 0.56950955215666044 0.59932450339271626 0.6951771735365514 0.79962812054945265 0.81527411295912322 0.73288160857794493 0.67850742972746692 0.63743884162706999 0.60369011717882182 0.57435624531941909 0.54806843589856624 0.52417016056290189 0.50240470007973703 0.48294983534342034 0.46605471735800047 0.45217427937931476 0.4423224517835927 0.43895845489010377 0.44898718787181113 0.42519414011096041 0.3633955857966279 0.35064296818364488 0.37198713690544022 0.37471727765508778 0.37416583811073928 0.36876635613071751 0.35790439203580982
1.4902862382749045 1.780811520373432 2.0207457672310123 2.1161221709268281 1.9667515276765095 1.7097775221701885 1.3921179925752858 1.2017286549870438 1.117661713543709 1.0274496292362605 0.94038014916240853 0.83840813986106133 0.72325469068522985 0.65185209995650695 0.53778628331493172 0.50982730456682146 0.59388592373802918 0.6882672963677452 0.74855489288867993 1.4143698604110269 0.86174572756142997 0.74000808010579733 0.67476553202909595 0.63034415153718315 0.59591318380796021 0.5668167669168297 0.54107847888264704 0.51774569590459751 0.49637920485774134 0.47695237862573336 0.45974244121250946 0.44520200430899237 0.43374139715567545 0.42540830048571232 0.41502751689257816 0.39523268268062089 0.37412957119900514 0.364592585922628 0.36978370160839863 0.37829800791021539 0.38324841997929071 0.38409341477884928 0.37804156120943011
1.5907620654379957 1.6178066155900106 2.783621165234003 2.8881337613475315 2.7237654440221144 1.6637242005060844 1.2754563150357567 1.2937056700095944 1.1621838646595395 1.0633651362505447 0.98243353616434814 0.90282920351917251 0.74555385076765468 0.46405123147491695 0.65282944501838824 0.53796871158866677 1.9085879729479811 3.5464555200556571 2.9022196319525744 0.94003242866783954 0.82332734161570875 0.71503535831307063 0.65637745506318224 0.61645234357908496 0.58450314813279836 0.55714530633765302 0.53266324360158945 0.51013052324217989 0.48911110622354281 0.46960736384061119 0.45173684367126327 0.43575997131562572 0.42187174825694362 0.4094130859552163 0.39675232916499464 0.38409280587456707 0.37450175860437102 0.37184593274607902 0.3769826224152879 0.38709614372178769 0.39895669621315394 0.41129579069448224 0.42148804711605725
1.5881646713627322 2.0776775801766658 2.826595024355675 18.462237546742802 3.5192588942993548 2.1367736202625411 1.6279813033196597 1.3295893328894028 1.1755080017515402 1.0816167781054717 1.0256502918848747 1.0021031862568117 1.1889461676398856 0.47892649305856999 1.9432148226315753 4.1382080141077235 1.920443207898936 0.65859656323036408 0.61546400288409386 0.89605502068819287 0.71182821907263327 0.66403361300280084 0.62688420211462093 0.59676267872982425 0.57040784797610511 0.54604540403767132 0.52315763317929742 0.5014848735140417 0.48080207933300634 0.46100008464579789 0.44230556432313467 0.42493162690084796 0.40893404512956755 0.39423901175143994 0.38111268858384906 0.37128801646203569 0.36718569290498948 0.37059363580497129 0.38132849885654291 0.39738464696572062 0.41683526079152056 0.44160332085913601 0.48527503877475309
1.556035437473811 1.9197627757753266 2.7684147998026285 3.5733392792019201 3.4359630744157896 2.0680660873063079 1.5962651551439471 1.3287581224997473 1.1695876800822023 1.0829662271690177 1.0477372402726635 1.0862544609246036 1.1806197937399394 3.8592154689767391 1.9344784841818843 0.49888837708305783 0.60866462285587353 0.43217422922164023 0.41465630376469903 0.55902247562713503 0.61937845754435761 0.60951459921643236 0.59424562383491064 0.57514219261776001 0.5550402125956384 0.53444236649687715 0.51367215955633372 0.49286438850735526 0.47213841903212378 0.45168334223177131 0.43185622173617488 0.41309792371358578 0.39566594889177575 0.37914342425191511 0.3640458693039279 0.35337897850199668 0.35233354632563418 0.36278667528055719 0.38282829359602405 0.40808849932722324 0.43384102655607149 0.46275330697630823 0.51585767353191525
1.4609708912888453 1.6877491081515432 2.0467684452623001 2.1405470880662776 2.0289232401960113 1.8108301666831235 1.4679229847582791 1.2783855862846067 1.148479193464492 1.0672765438536604 1.0309669369980146 1.0635027570627278 1.4759740180732561 0.61277735669855304 0.61278686053004661 0.45010627810429632 0.44697998619033696 0.46452959041796743 0.47363481429027593 0.51652330486031395 0.55580520119348131 0.57099208272549018 0.56739603569276265 0.55574548857645334 0.54055464049627977 0.52342524398986878 0.50488883063985857 0.48514404647773679 0.46417570510209982 0.44231835917615836 0.42067219743017786 0.4003649227515324 0.3819116592346809 0.36466360448927565 0.34572510819023017 0.32856141941172246 0.32643303594347917 0.34780004573887063 0.38626427744434733 0.4252004978941481 0.45423583677701895 0.47017719700273086 0.49384744315947982
1.3212958232292509 1.4524355984271564 1.551070346183115 1.5852190408764311 1.541440226085351 1.4425294852192394 1.3080568087313387 1.1789841610537266 1.0903906002163302 1.0228447456049481 0.97541277688637418 0.95718723710188369 0.85751993901265944 0.61519909240332749 0.5245999074187585 0.49484064661269023 0.46694831527060843 0.46865367597399565 0.48852159657580596 0.51603551672590597 0.53990656001413984 0.5509678594598888 0.55006012503905255 0.54140921991899549 0.52892776374873496 0.5143407771823062 0.49791724375654334 0.47933496560566075 0.45803831739059098 0.43406901862349118 0.40898471299050237 0.38595352910169051 0.36709609396867199 0.35125533748402116 0.33582647127673398 0.29995959555955126 0.28365698789353549 0.3296919289658789 0.40974276936906223 0.48249279696064473 0.49522220370295883 0.46643625544399658 0.44655281341289926
1.1988629887774946 1.2515365821777253 1.3016057638257439 1.2991946917168731 1.2783569515822981 1.2290845876848422 1.1515887105300744 1.074352077752464 1.0114279079346413 0.95818453165593698 0.90656477822382098 0.83901809962319951 0.74826020418469841 0.6453188412137596 0.5633189101040057 0.50406277383511933 0.46288263922988793 0.46061174731724597 0.49457890881707689 0.52866580394489093 0.54352859471537363 0.54516751389866969 0.54058128225139723 0.53195170243990308 0.5208012811704863 0.50811157741866786 0.49401394727386394 0.47756170795151953 0.45675784775082295 0.4301967162051894 0.39868572386734097 0.3685861385890683 0.34867607912214127 0.33908453500060304 0.33067074832241383 0.36107058871666975 0.28925502029136924 0.43760223451929636 0.45917902992768778 0.79836219024482402 0.50433057969177408 0.45060475210943324 0.42313339619271073
1.0912664833324288 1.124093494097858 1.1398160431454447 1.1274013056546379 1.1122161880242996 1.0863069370815479 1.0336068145066319 0.9807524383499866 0.93478993099558827 0.89129919206994346 0.84496992376814517 0.78942730520805404 0.72634202332573428 0.66526329398383888 0.61609522098299629 0.52722561125856593 0.41776147743022141 0.42357077711024071 0.53327109736796507 0.57481073147195116 0.55701625248675912 0.54602973928787357 0.53581785721149644 0.52560453888036351 0.5151421122120019 0.50457811683658904 0.4935478965830814 0.48116634374702982 0.46527799334268605 0.43893568439530961 0.39443915264992468 0.34501052650908959 0.31987689699659322 0.32634014913342324 0.34560591925840661 0.35250418529184735 1.1073230256299866 1.1316092927891388 1.5290481038538184 0.49475400400771746 0.45934091369187319 0.41861242003183868 0.40074854424141038
