outputs/Circuitscape/Land_Cover_Scenario1_cum_curmap.asc
ncols        451
nrows        316
xllcorner    -6.222126966401
yllcorner    49.837925530693
cellsize     0.011777559530
NODATA_value -9999
[rows 38 to 56 of 316, columns 129 to 171 of 451]
0.048104970732890107 0.047813825694687881 0.047487438860940055 0.047130248990696198 0.046748122871295365 0.046348674180682947 0.045941259158075162 0.045536542147600834 0.045145419441824111 0.044777198092830282 0.044437001602785221 0.044122912848033893 0.043823651660826225 0.043518436918529274 0.043181428691840065 0.042791116563969792 0.042338817688442797 0.041828175774568654 0.041263069557891149 0.040640212692652146 0.039955815017232284 0.0391866675451224 0.038194526350211977 0.036588938182734024 0.033957000528389097 0.030671178507556345 0.027982746957571254 0.027814329983914227 0.032249581416004133 0.040998022305183741 0.056259222268051745 0.072568857082494581 0.082685879957330025 0.11246141441010897 0.12790788170980855 0.14269460573080259 0.15731265650551257 0.16871865543814699 0.1796363568687992 0.18351091743265741 0.206627500059543 0.23238780714891952 0.89677224653929266
0.047643248357538942 0.047331834032769027 0.046993215698470592 0.04663259590299549 0.046256194049655842 0.045871214012033999 0.045485584495233856 0.045107455676029889 0.044744292991464388 0.044401568529453331 0.044081258628656431 0.043780393862345286 0.04349038282601711 0.043197590061613299 0.042886205183540714 0.042542187547931411 0.042156100217717353 0.04172232936831359 0.041235334798075229 0.040685589050237697 0.040053311037934643 0.039291488734385899 0.038302038405824149 0.036963062707046371 0.035285657404250187 0.033607465245469745 0.032620164948581325 0.033128095803944865 0.036086681854790609 0.041157017259991532 0.089564705412839535 0.10817782566178007 0.12199493652475778 0.1182451693387908 0.13205912360551234 0.14687280629867322 0.16218820072744838 0.17994716812089423 0.1879896051041558 0.23031082451626497 0.24425307972426849 0.26300304976935801 0.12860843242133607
0.047213346691042275 0.046877377706613876 0.046521296058634663 0.046151024282063663 0.045773120469383075 0.045394528724305355 0.04502226974521311 0.044662881888660085 0.044321699180859236 0.04400202245454865 0.043704277970883804 0.043425465993433304 0.043159128805896896 0.042895984616162591 0.042625438315076578 0.042336982446713453 0.042021033283327021 0.04166829667795667 0.041268390991723559 0.04080742622269902 0.040263729458113122 0.039602659012522433 0.038782973198332855 0.037797967597508086 0.036752380790848881 0.03592739929453731 0.035768639420427878 0.036778454887516271 0.039048354014615407 0.043392381347237288 0.03584613718353459 0.058582939111451168 0.10508024370485827 0.1254286197714764 0.1384102162582099 0.15180717636890423 0.16661576606786654 0.18586254620760906 0.23589397643490417 0.23558629735824074 0.24052761342404166 0.21782647270880112 0.20092328549165439
0.046808991510463131 0.046443250679147355 0.046063755430608769 0.045677256633159552 0.045290791227097713 0.044911422798667409 0.044545773051365596 0.04419950474144857 0.043876737593184598 0.04357948653951723 0.043307302771710618 0.04305725699740362 0.042824321202511138 0.04260201925604791 0.042383027846632254 0.04215954333855168 0.041922434147469941 0.041660550480824413 0.04136056571601518 0.041007839422704556 0.040586434812276174 0.040077276740039587 0.039462191835095459 0.038754337118923565 0.038057398991446403 0.037603362637476795 0.037742979621947781 0.03888078322027734 0.041649067904124981 0.042472493934803686 0.085438899083819825 0.11008660608294049 0.1219160792412782 0.13561610244714734 0.14846492566881761 0.15950680354504065 0.17091183884549405 0.18564974357896996 0.19293212639462601 0.22626691655427655 0.2291994106336929 0.19651055735574091 0.22261214377203126
0.046424789955694906 0.046023040559442251 0.04561336047337379 0.045203484845782814 0.044801289722686183 0.044414345380605451 0.044049437949055227 0.04371199432604455 0.043405506024346292 0.043131123949625982 0.042887571414337716 0.042671602161952128 0.04247886940561918 0.042304672504794971 0.042144921109382422 0.041995037643126981 0.041847808293759184 0.041690552880681853 0.04150546786646786 0.041276007026475423 0.04099513765806221 0.040662201764308896 0.040261082048517305 0.03974795871267911 0.039153031163419873 0.038709261573386319 0.038711043426251299 0.039613042751672364 0.041698646990995354 0.055056961058376236 0.11136853827799578 0.12306386491649088 0.14330157692424597 0.15207691142484872 0.16078450533402683 0.16919176610815118 0.17815006688281715 0.1788002246547005 0.15555170688828926 0.13785009109938223 0.15283368349805199 0.20513002127131352 0.20202065370918171
0.046056059528518399 0.045610927893547371 0.045163221174005744 0.044722000279957264 0.0442963318178193 0.043894831395335399 0.043525060050401826 0.043192811673199487 0.042901425778845093 0.042651303885685887 0.042439953115972345 0.042262934376642747 0.042115127902625893 0.041993103007404511 0.041896256659160636 0.041826060139953061 0.041781002522355136 0.041748198944539933 0.041698472091731928 0.041600012905904586 0.041452348423589178 0.041300518982719525 0.041168757712124845 0.040916746531877365 0.040171452488475298 0.039233101356300912 0.039058315015253177 0.038739853337136657 0.040660846390874521 0.069760214357761419 0.1007669429127452 0.16202371903758306 0.16509867770021239 0.16896203324263881 0.17388119549454836 0.17955659751043207 0.18294682935117434 0.19078481780186907 0.16232962506817317 0.19869278050278394 0.19988695372971085 0.21373626849095484 0.26627909414931472
0.04569879135810373 0.045201530079886705 0.044706652540975222 0.04422485882687642 0.04376690445616311 0.04334307244823539 0.042962423024000204 0.042631872950527124 0.042355172638113295 0.042132035869479709 0.041958045268353131 0.041825599642095077 0.041726794095307281 0.041657329737187131 0.04162053505111566 0.041628570921697652 0.041695758273956787 0.041818604019101736 0.041949651309105704 0.041995370504132934 0.041918529495528219 0.041869080827929554 0.042097599291552559 0.042536026259139069 0.042216342882141177 0.038537935993581331 0.037529494358173397 0.042256966094265422 0.061928668768646167 0.17106781439855431 0.2018784874237155 0.20162802560444856 0.18852637708560432 0.18369219576492543 0.18586223124224244 0.19190093166818492 0.19478012374529488 0.16937507317923595 0.28454159294383097 0.27755805572524517 0.27958445506946505 0.19186220898101944 0.1918193167391046
0.045349642832930741 0.044789917663014545 0.044237051630604304 0.043703754247343622 0.043203014002556911 0.042747513765842411 0.04234875766371049 0.042015871035947616 0.041754010585509656 0.041562705816293399 0.041434482121786666 0.041355853263364419 0.041311519636768219 0.041292054000144185 0.041302050469500487 0.041368202503690249 0.041540429021208108 0.041861225893713258 0.042282354160747965 0.042594588292180283 0.042433386808948412 0.042071484853463403 0.042546556308934669 0.044483812482896595 0.046867914779468695 0.045356220911594941 0.045861887410231256 0.083420280499091032 0.19634967083935384 0.21332668230803306 0.22854609777017143 0.22942856805470419 0.2121529848596494 0.20270742724025842 0.2094532063378301 0.2129235487661621 0.22126947011360187 0.26260953174595991 0.20251844308064545 0.18133102379737154 0.18284377168918181 0.28687653897160292 0.26644490228903495
0.045006351548222329 0.044372023613261424 0.04374834792151297 0.043150378783312973 0.042593857625213026 0.04209474437692301 0.041668208373465118 0.041327162595336753 0.041080233753852897 0.04092827049394495 0.040860702134169924 0.040853540517538832 0.040875757607238244 0.040903612122892542 0.040936344615836055 0.041006211797035078 0.041214199904271193 0.041740328212578427 0.04267531020797586 0.04364438583275556 0.043867306418533467 0.04120889434871125 0.040727636996743047 0.045715725800779705 0.053283729795557358 0.063779201293554952 0.15361463965544345 0.20910597817174811 0.24532646769538885 0.29104709012557711 0.29126773097732561 0.25133397902567878 0.24930152891473462 0.28274820480666718 0.2757557382122271 0.27273871750745576 0.23208776913844925 0.24875083389421793 0.179133487817767 0.1645283919900582 0.1722696831438752 0.17826397210078676 0.2512347859427751
0.04466732223324392 0.043944132340447237 0.04323459589888444 0.042556122131781775 0.041927538897989468 0.041369188250780384 0.040901485276899088 0.040542887967419249 0.040308282928892672 0.040205138239498187 0.040223662474857813 0.040323851184657783 0.040442000989015001 0.040520632075728619 0.040544434598799216 0.04055064699087714 0.040582158175022018 0.04107543776619945 0.042764286582548688 0.045562094919756213 0.046927784980992225 0.047018933616349089 0.054454295843779393 0.078966487485639822 0.090951939376418101 0.13402136343375948 0.21736913849012299 0.27131555090302784 0.3285700638363333 0.3297846119078412 0.31091483297738554 0.31425565376159492 0.31168203040601633 0.29854403205875435 0.27506926682244137 0.2169006379090456 0.21741384367074057 0.15704731149202847 0.17342783058223085 0.1664876759333711 0.1589923531131634 0.16868372507196588 0.24003179685915782
0.04433234943603475 0.043503892741887297 0.042691402686785118 0.041913824487221252 0.041192217377525139 0.040553005113623634 0.040025170358779109 0.039634794237670412 0.039404139727263088 0.039355609358529602 0.039498345036001345 0.039780473931369804 0.040067243449039405 0.040211199518954736 0.040183241852332977 0.040049732437854299 0.039910955587443703 0.038985699433458747 0.041240727171520171 0.048006622412290506 0.056134571814248656 0.075201326079009326 0.1929227817786083 0.22256580603826465 0.25285452115107349 0.26930835271106113 0.21762852548286238 0.31193605223337872 0.37804546013813844 0.33877162898415919 0.31131035797160994 0.25546747455088104 0.2416730206946486 0.19720395145487224 0.1808244093400827 0.21454517276117863 0.21129086991484619 0.21453939255783844 0.18485896514349737 0.18831787911487402 0.16739136824143636 0.14715996711906326 0.19109768121870649
0.044002713664201859 0.0430500160996782 0.042116596602035608 0.041220686691231613 0.040379117569108065 0.039624877855494567 0.039012897869453139 0.038576939129519726 0.038321601883110616 0.038298783775043227 0.038605101207694781 0.039222658601978364 0.039879440184353306 0.040153453580743168 0.039876096100197891 0.039589000368130914 0.039159180245945849 0.039710129304276046 0.053869314990940026 0.082770009919099496 0.11013847984298158 0.20838048797376796 0.21318117727954175 0.22205865055548196 0.24146440991185081 0.28813743710206091 0.3055486576286387 0.48466751884233567 0.33189450819296173 0.27785686222769462 0.24912888201386438 0.24059792912494737 0.22389418208209855 0.23750646360283584 0.23520408602033832 0.22832368993611413 0.23186648757464301 0.23813638901593381 0.26193544050215684 0.27366929639264148 0.32789832988576351 0.15648096471920148 0.36362830759500492
0.043683130863189347 0.042580637328672517 0.041507820867964743 0.04048432727087882 0.039497177585723839 0.038561468125736735 0.037805133190962723 0.037361980235875711 0.037061509654851811 0.036878750581229441 0.037288060341608857 0.03857010174383458 0.040117860980179637 0.040902151940366401 0.039896090862841918 0.03790273471581531 0.040304482763089407 0.07104043123089164 0.20110650254970444 0.24000190857584622 0.28520185202281984 0.2973255736401389 0.29345755922368105 0.2981726934639462 0.32167849547797639 0.33726969896035919 0.53394578747364474 0.45425271116076327 0.27640051019046291 0.2627557381763817 0.25186824000656044 0.25017734937560776 0.28793371018027025 0.2501063176821281 0.24833076539353746 0.24508691130545796 0.24673500052702077 0.25810041536192702 0.2786137891889664 0.3068729023017619 0.29896470909651618 0.95459595632807126 0.30792635058663592
0.043385058146640419 0.042088845166122664 0.040849169666186472 0.039714527731798982 0.038629804872518048 0.037383283459545016 0.036199379608560296 0.035805220387940498 0.036240435871269953 0.034802979277228405 0.034705608494549789 0.037782809480190103 0.041204250448882061 0.043256981412914786 0.042945277933302731 0.034028453630652711 0.068470953308884294 0.25316110616981236 0.2912583510438278 0.29160615866928596 0.30423365834284261 0.30971855703526496 0.31138934135829099 0.31826751200966585 0.33139881119591041 0.36647984449422222 0.31791167965329331 0.25208907276719011 0.24907659302438534 0.25875165163850117 0.25877518850876069 0.2626524083978391 0.24575578578549123 0.2499662634158635 0.25056240185891876 0.25125514553047351 0.25562167958848547 0.26684151730107952 0.28557226883458298 0.30915766454684612 0.4246089683334332 0.14828367621794986 0.34266071878980442
0.043147016034947486 0.041569978401637633 0.040062603851663096 0.038879751502567873 0.037881140351369816 0.03671982188624201 0.033766223464411868 0.03257534507863602 0.036121839151878832 0.039928992325227793 0.044944922592041275 0.063076536234264874 0.071255716844719832 0.079555708535028788 0.087018575423649089 0.093527220029196681 0.16776284986417034 0.46935118087797517 0.32278278904842195 0.30236407605974691 0.30153000654243856 0.30495470074266134 0.3087782056079037 0.31386776103207609 0.3206163345107309 0.31691429881562755 0.28555790561425343 0.25511083330872347 0.25157559692125286 0.2591623858070059 0.26257008415574407 0.26196035860240313 0.25575280847162674 0.25269827767025782 0.2533596798541245 0.25377091389531592 0.25740047969274094 0.2673012366135652 0.2883752051377127 0.31306892065024106 0.28630708538532362 0.20795955915033321 0.25260871861399059
0.043147029486020491 0.041196373666813856 0.039015167018245048 0.037578541266584123 0.037714584986228483 0.036424625735842805 0.036889563187912588 0.040799457424099309 0.060484505513222431 0.083400230004104153 0.16574556155639089 0.18468695083960693 0.20978635191994544 0.23942523626056383 0.28313785103383859 0.31981097646645551 0.96050281211966504 0.31396086013595698 0.30872749749141526 0.29840153935095093 0.298359275709357 0.30103151920867266 0.30408363046370035 0.30725119655401523 0.30938841898782055 0.30587817133919992 0.29358805139412325 0.27721040253439128 0.2652400018469272 0.26153743411210673 0.26669281922524019 0.27255753721876452 0.26857309521380512 0.26058766558575197 0.25544031725392963 0.25328595076946653 0.25343157671859123 0.25795297879103518 0.27383964185718784 0.29391277613003247 0.25933914596776003 0.24368350594817337 0.24635784369828223
0.043529474946902985 0.041965948909235162 0.038338329943004762 0.033999080617915171 0.037240977676259987 0.044557616143765383 0.058022885438240107 0.14868190382799468 0.17593804391310053 0.2120737665169018 0.21350107068688101 0.22321711464352073 0.24377863857281923 0.27393890428944434 0.32027335503891929 0.49264953651493548 0.20012181679045987 0.22865334718059302 0.27159762011995037 0.28698051613881442 0.29370039315030205 0.29740348143613282 0.29916286109166346 0.30026518779475669 0.30242727053815338 0.30845979849347627 0.308071379387167 0.29052895544040358 0.26983021053359313 0.25730529733122365 0.25899646270601867 0.26952750929993347 0.24947537989999899 0.23371802795332294 0.22635794429940403 0.22243197329586561 0.21920674844360422 0.21650772685058819 0.22051353689051517 0.11983482760652184 0.099531170963595081 0.10783392899929409 0.21695178881406196
0.043861360346856296 0.043644038118876738 0.045648261328490994 0.039721353025233774 0.059553536848279465 0.087685663268825154 0.19087591918533595 0.19605279007846027 0.20780442878693062 0.22062435388806087 0.22487601176736161 0.22991229369564206 0.24387987620407295 0.26466008928700691 0.29280350413427458 0.28230387155290687 0.22769850516453988 0.20563492198358652 0.25569890446266685 0.27947710343770904 0.29184740794633446 0.29618965604042935 0.29465821884561461 0.29251979313496479 0.29250734013297236 0.30277384980287797 0.31172976597204033 0.2664624592579149 0.23696317196552757 0.21709726621619962 0.20993743361747505 0.13218350279402688 0.097791119157955519 0.091703515822937925 0.090320369720929564 0.089879482792361451 0.089465357498763345 0.087551934025857286 0.072298387795635896 0.071858229538688173 0.074783474577496678 0.099684764584543839 0.096880268864180594
0.043405213396702225 0.042701979391388666 0.054216655311120313 0.13112144911326318 0.17278764069446739 0.21624313049680799 0.21858988670967144 0.21401354114951943 0.21392873375638705 0.21835923422067982 0.2230742354110381 0.22886405898207129 0.23762016507661432 0.24886878698971523 0.2557743397808826 0.24894126640607642 0.23718996898898226 0.23948779627256717 0.2591356595729013 0.28055989959221583 0.29746801785894517 0.30322986130552215 0.29106103535291428 0.27731057181922092 0.2660506817881268 0.25242873637937119 0.1404017583866925 0.10205620303878529 0.093279495338379217 0.086848862156218676 0.069769235448911185 0.062705653619107002 0.062439074878812964 0.064282272504336421 0.065723713862310323 0.066766007527915283 0.067467390671860791 0.067151078074513149 0.067131573870399697 0.071116971746297553 0.078657855623240056 0.084648142705726348 0.086243303178236877
