0.0 1.0 2.0 3.0 4.0 5.0 6.0 7.0 8.0 9.0 10.0 11.0 12.0 13.0 14.0 15.0 16.0 17.0 18.0 19.0
1.0 0.0 37.1740138932516 33.49663547288284 46.43554664358253 31.399776725276368 33.49652834751061 26.540731464901114 28.399137582607736 35.26476221226405 34.940617941191235 36.649703820193146 28.405597921826356 19.111002031933992 44.672096522380215 32.570841248107925 36.16647148434653 29.567510677352942 31.466039229436348 33.8555955505798
2.0 37.1740138932516 0.0 22.408672177066272 57.01336374549122 29.311785933463415 27.250654979531955 26.978933456835428 16.017993570314086 33.20841800604408 29.64335026999013 30.013288025219303 41.50012944517375 30.443305040516567 57.0418108658614 27.08269491076728 29.19437042254676 43.6183861762794 24.938619443956597 29.320920021789775
3.0 33.49663547288284 22.408672177066272 0.0 53.25775389550784 25.71107935123142 23.599143268183564 23.10132722621902 15.848207687119746 29.596691024188402 25.15129732255729 25.65007583172033 37.8104208147396 26.720401729631355 53.35887983612936 23.68228761979803 24.66107043453524 39.93174538677548 21.57780196446076 26.18832897753647
4.0 46.43554664358253 57.01336374549122 53.25775389550784 0.0 52.418581748899 53.847019508699006 45.143798753453424 48.25202112910671 56.270055124379255 54.13421213326935 56.75833251415261 48.118490419327486 33.78786659467056 64.47504866206985 53.05634325443023 56.18554055704817 50.788603869966295 50.970244565821936 53.495632705330266
5.0 31.399776725276368 29.311785933463415 25.71107935123142 52.418581748899 0.0 22.48628655850436 25.113041726179098 20.690952882320147 15.952845717824093 29.6718795465206 26.341744228731976 35.36694038898816 25.69937096647945 50.52224854566869 21.609938534756182 26.393402365645883 37.52009516550644 25.83214015659265 28.625641928422326
6.0 33.49652834751061 27.250654979531955 23.599143268183564 53.847019508699006 22.48628655850436 0.0 25.06248969526527 18.81308999770767 26.35540124788937 28.50067398059145 23.864758041599316 37.73693404486307 27.22127632010019 53.14023834801321 19.941570251578955 23.822175815614294 39.85745554753472 24.72381536819354 28.065560595299438
7.0 26.540731464901114 26.978933456835428 23.10132722621902 45.143798753453424 25.113041726179098 25.06248969526527 0.0 18.215472592620173 29.00548455757308 22.289891144417883 27.546828980132716 30.971700702754966 18.57134437167322 46.82552798259606 24.537197104826824 26.796094515041773 33.096027013074576 19.87916184637162 23.05732852959729
8.0 28.399137582607736 16.017993570314086 15.848207687119746 48.25202112910671 20.690952882320147 18.81308999770767 18.215472592620173 0.0 24.59485765774263 21.231749547655536 21.861075034482077 32.73827543071042 21.665498484503857 48.28501244394232 18.444757660785484 21.11926182183429 34.85458157773328 15.782023372661133 19.953210696531492
9.0 35.26476221226405 33.20841800604408 29.596691024188402 56.270055124379255 15.952845717824093 26.35540124788937 29.00548455757308 24.59485765774263 0.0 33.55794296790506 30.15148925743567 39.11429751366046 29.55429439279132 54.210903095799054 25.55464131768568 30.22216756892916 41.30178083775418 29.733013014080253 32.544151908319776
10.0 34.940617941191235 29.64335026999013 25.15129732255729 54.13421213326935 29.6718795465206 28.50067398059145 22.289891144417883 21.231749547655536 33.55794296790506 0.0 30.298279611958847 39.28488186120927 27.69255752127046 54.95444806352539 28.349519305268636 29.331898430565516 41.41202452466301 23.17621847656663 28.25325726001212
11.0 36.649703820193146 30.013288025219303 25.65007583172033 56.75833251415261 26.341744228731976 23.864758041599316 27.546828980132716 21.861075034482077 30.15148925743567 30.298279611958847 0.0 40.88669048482717 30.194898262623884 56.331296885102184 25.18426601024842 19.844421479272256 43.01266818394417 27.24833153154922 30.978766100354186
12.0 28.405597921826356 41.50012944517375 37.8104208147396 48.118490419327486 35.36694038898816 37.73693404486307 30.971700702754966 32.73827543071042 39.11429751366046 39.28488186120927 40.88669048482717 0.0 21.60041903858442 26.455712447703057 36.83299207220937 40.415581557386275 24.4824293047325 35.863830339797495 38.319893598847244
13.0 19.111002031933992 30.443305040516567 26.720401729631355 33.78786659467056 25.69937096647945 27.22127632010019 18.57134437167322 21.665498484503857 29.55429439279132 27.69255752127046 30.194898262623884 21.60041903858442 0.0 37.975760704678066 26.399253950392286 29.640384510519535 24.003158331918662 24.39210722975075 26.834703906020668
14.0 44.672096522380215 57.0418108658614 53.35887983612936 64.47504866206985 50.52224854566869 53.14023834801321 46.82552798259606 48.28501244394232 54.210903095799054 54.95444806352539 56.331296885102184 26.455712447703057 37.975760704678066 0.0 52.22125778985104 55.88199334500078 41.15975354426873 51.509481993718 53.97665823168372
15.0 32.570841248107925 27.08269491076728 23.68228761979803 53.05634325443023 21.609938534756182 19.941570251578955 24.537197104826824 18.444757660785484 25.55464131768568 28.349519305268636 25.18426601024842 36.83299207220937 26.399253950392286 52.22125778985104 0.0 24.961841570458017 38.94695607365673 24.32570423336771 27.382874148299692
16.0 36.16647148434653 29.19437042254676 24.66107043453524 56.18554055704817 26.393402365645883 23.822175815614294 26.796094515041773 21.11926182183429 30.22216756892916 29.331898430565516 19.844421479272256 40.415581557386275 29.640384510519535 55.88199334500078 24.961841570458017 0.0 42.5413369207586 26.439766313559957 30.290736076353667
17.0 29.567510677352942 43.6183861762794 39.93174538677548 50.788603869966295 37.52009516550644 39.85745554753472 33.096027013074576 34.85458157773328 41.30178083775418 41.41202452466301 43.01266818394417 24.4824293047325 24.003158331918662 41.15975354426873 38.94695607365673 42.5413369207586 0.0 37.97916019403158 40.425007247853046
18.0 31.466039229436348 24.938619443956597 21.57780196446076 50.970244565821936 25.83214015659265 24.72381536819354 19.87916184637162 15.782023372661133 29.733013014080253 23.17621847656663 27.24833153154922 35.863830339797495 24.39210722975075 51.509481993718 24.32570423336771 26.439766313559957 37.97916019403158 0.0 21.984059458874082
19.0 33.8555955505798 29.320920021789775 26.18832897753647 53.495632705330266 28.625641928422326 28.065560595299438 23.05732852959729 19.953210696531492 32.544151908319776 28.25325726001212 30.978766100354186 38.319893598847244 26.834703906020668 53.97665823168372 27.382874148299692 30.290736076353667 40.425007247853046 21.984059458874082 0.0
