outputs/Circuitscape/Land_Cover_Null_cum_curmap.asc
ncols        451
nrows        316
xllcorner    -6.222126966401
yllcorner    49.837925530693
cellsize     0.011777559530
NODATA_value -9999
[rows 152 to 170 of 316, columns 168 to 209 of 451]
0.0806383777826883 0.082952075357153557 0.085166743278582827 0.087289269650822718 0.089325750594024464 0.091305402085789855 0.093257054091858929 0.095218543958661014 0.097254369754448011 0.099356685070943182 0.10153248572941911 0.10387196472591798 0.10631853869805521 0.10886980481068817 0.11155232077413092 0.11434575702114172 0.11724701238704022 0.12025369783040102 0.12336793678255749 0.12662966058345085 0.13002191415080194 0.13355333797056634 0.13721338635612965 0.14095840306150278 0.14475406505442293 0.14854849389227109 0.15230985950092502 0.15600162890064767 0.15959707635722148 0.16307592594828327 0.16642374234560545 0.16962654617879885 0.17267524751821445 0.17556601230245783 0.17830559379834876 0.18090094357279751 0.18335156112613457 0.1856646699438938 0.18785363395330473 0.18993485353590933 0.19192674494093859 0.19384726635837513
0.080187156960240188 0.082537217052283007 0.084747227005282449 0.086823472055624948 0.088787989846710727 0.090682135389558702 0.092567872481034971 0.094492818806687612 0.096438692691841313 0.098496221802047187 0.10069863904423923 0.1029888157964437 0.1054030768996064 0.10793835918079739 0.11058941931262284 0.11335540915656614 0.11624162944897096 0.1192822769176908 0.12249685850798545 0.12590190025011952 0.12951131114208048 0.1332823517263157 0.13717851906789999 0.14115429822893233 0.14514206404202945 0.14909961246515668 0.15299423441430235 0.15679885560174922 0.16048848570628121 0.16404157126885988 0.16743618512283817 0.17065868884411145 0.17370297158777598 0.17657241203823507 0.17926942495047782 0.18179081490501292 0.18414265469445784 0.18634385799967237 0.18841042337153385 0.19035982263565876 0.19221318874225471 0.19399389058394867
0.080015936046901118 0.08238913149251556 0.084573680867885415 0.086574392081243456 0.088435624099141533 0.090238639193616021 0.092017164423680964 0.093798888518300594 0.095714111084233541 0.097734945630515685 0.099836551686328184 0.10207991308083288 0.10444253789752944 0.10692010552121908 0.10952031784892448 0.11225544229160961 0.11518822197744791 0.11831567288542216 0.12169701167066763 0.12533209845811832 0.12917662280560516 0.13319226839751033 0.13730795784795519 0.14146478208482685 0.14562409708560223 0.14974698653414986 0.15379500367015991 0.15773683005465133 0.16154419039289467 0.16518807421858794 0.16864633150268529 0.17190328749783806 0.17495679427181687 0.17780622966649082 0.18044460290222597 0.18287627022924555 0.18511687320452705 0.18718588830230021 0.18910094538841957 0.1908938473020175 0.19259529365586947 0.19422540223679258
0.080180423071767787 0.082573802710860955 0.084694696059462227 0.086576066965872694 0.08829511329998721 0.089913875033960533 0.091500754980201493 0.093210795748415426 0.095021375045020298 0.096921215602358113 0.098959176937316984 0.10110896060061669 0.10338189704644975 0.1057894999247424 0.10833572923214302 0.11111041988987604 0.11411320775361561 0.11739901556551016 0.12097740674028119 0.12483254434561991 0.12890766573249546 0.13311867631805296 0.13742555066676365 0.14178464750972603 0.14614968911992876 0.15047269244165518 0.15471005415329775 0.15882190408234137 0.16277295531925617 0.16652844647812529 0.17006624420861133 0.1733756824311718 0.17644873992835164 0.17927402551201244 0.18185227646048799 0.1841887041559753 0.18629931777516895 0.18821306519841186 0.1899623238490753 0.19157819990748681 0.19309129216420223 0.19453155437184866
0.080752094919164491 0.083165995907607093 0.085190068731073224 0.086855084048471129 0.088296847322920702 0.089649509484840698 0.091072645261625576 0.092625983116355573 0.094276320815051107 0.09607333817287593 0.09800023056774014 0.10004675960578294 0.10221664470077921 0.10453613221212386 0.10710343606729392 0.10991409026436678 0.11303035310802667 0.11647123449483621 0.12024019325765446 0.1242837820549041 0.12853320596924026 0.13294995111792304 0.1374916416058842 0.14210325923750061 0.14672424169326737 0.15129385898678169 0.15576273944278649 0.16008464239985218 0.16420940395890668 0.16810223287197062 0.17173912391458401 0.175110942208762 0.17820189480417309 0.18100222770543722 0.18351301961964311 0.18574413500507445 0.18772121183343368 0.18946644078702679 0.19101171387504745 0.19240447098229607 0.19369027627742061 0.19490614728128119
0.081881396774495449 0.084341681256291365 0.086173647569983636 0.08745090332376243 0.088459940427677936 0.089453043063351043 0.090629536229391794 0.091979304014243285 0.093480662253388858 0.095146986892793745 0.09694328485474836 0.098871475921752161 0.1009381796441466 0.10323265633294121 0.10578354978532595 0.10865854136742137 0.11187798623714759 0.11546047259440918 0.11936129069727247 0.12354402195346782 0.12799054462819071 0.13265694949812989 0.13749050046528544 0.14241989528247179 0.14736702533677315 0.15225165197645268 0.1570077252875586 0.16158138438548142 0.1659198942679074 0.16997892412582108 0.17373731920001534 0.17717974589793622 0.18028485251241022 0.18304645965991004 0.1854796487533957 0.18759762296379132 0.18940931789765325 0.19093903082051239 0.19223834239203072 0.19336899941035271 0.19439166338065139 0.19534964861567183
0.084045266648327149 0.086522469161350105 0.08794485375936531 0.088452254177542683 0.088699810190127459 0.089245462642977474 0.090113341370097175 0.091243038512193897 0.092598759433570405 0.094117259627567215 0.09577897129723463 0.09757974663462704 0.099583098849182469 0.10182929409462022 0.10437898959853911 0.10729774294392955 0.11059037001683755 0.11424384853395078 0.11822560634675053 0.12255465911870761 0.12723033182137078 0.13220180596735182 0.13740585895935048 0.14274888763163945 0.14811456853916846 0.15339775767273423 0.15851255745519402 0.16339066600326868 0.16797484869433513 0.17223570501424518 0.17613771161589764 0.17965221217538263 0.18276552500902976 0.18549658617106513 0.18784909242818038 0.18980774902628583 0.19139291817059159 0.19265421268366548 0.19365824913229937 0.19448169676576765 0.1951957807679171 0.19585407072425778
0.084592372641744615 0.091049147830711469 0.091693158018297721 0.089617328400760199 0.088817010848859623 0.088887362135008474 0.089465999899157808 0.090396823155391451 0.091594867136089789 0.092975406672218902 0.09449962105156863 0.096189131748652776 0.098120758925385562 0.10032308721161448 0.10287040456446397 0.10577370685102416 0.1090705986394583 0.11272677839844662 0.1167705870787889 0.12124703381328694 0.12617911290154113 0.13153384111011759 0.13721824232403299 0.14309666136972288 0.14901060610015285 0.15478813267095304 0.16032131705486979 0.16555131078242474 0.17043542534482378 0.17492789621704236 0.17898883492937925 0.1825813284624474 0.18572271987860467 0.18843335804501735 0.19068265306334067 0.19245036831270967 0.19376295714484001 0.19467764318210773 0.1953049615469179 0.19574171504597274 0.19608095573957807 0.19639014404702762
0.053149860073767798 0.099338741301123107 0.094203952001050292 0.090019443076385805 0.088549612413236334 0.088247821265930615 0.088623596294488613 0.089407129276898159 0.090461219549451244 0.091711669481469818 0.093107357667010407 0.094714170840526371 0.096554541297502849 0.098698190406285635 0.10118995757097343 0.10404405720283043 0.10725241923612971 0.110849144680289 0.11492235048528418 0.11953155735880749 0.12474927736335567 0.13056827085869752 0.13687591274001693 0.14349896467390957 0.15013289987702069 0.15651463314449415 0.16250990779286911 0.16811543601483295 0.17333539523734248 0.17813904632467564 0.18237267315320652 0.18602210560081878 0.1891734091763666 0.19187642597306079 0.19406834367120426 0.19566493934454449 0.19664231282067052 0.1971048751725587 0.19721748283698098 0.19715584149404058 0.19703598328895694 0.19693732815287426
0.088601632345177317 0.089640307045448148 0.091745492887490676 0.089086056928540686 0.08765299918901176 0.087275055528984027 0.087557495017659054 0.088245312166860268 0.089199174908241058 0.090326104504585447 0.091626050282438837 0.093137836034744612 0.094884618771203785 0.096944543852477472 0.099320405285645827 0.1020407817985 0.10510123260933601 0.1085883629410978 0.11260909015042847 0.11731298296042746 0.12280528713529038 0.12916228659577134 0.13631916822560158 0.14400472520430035 0.15167894619565361 0.15876782960264527 0.16514501313493662 0.17108643003798227 0.17680134812972251 0.18206407903764776 0.1865089860681107 0.19005238077221914 0.19309099499400817 0.19585751635745297 0.19818325477889281 0.19967085964746917 0.20018546857121905 0.19996406895244706 0.19937209467756706 0.19866559312266474 0.19798866256787051 0.19741271601015664
0.097281561422745341 0.090856531184095188 0.088658448580047275 0.087222994937035808 0.086211205819541184 0.085970904659313965 0.086274160997632882 0.086930569326298376 0.087810931328009559 0.088843009711680188 0.090065908675860187 0.091479555628689382 0.093133708509830757 0.095052265307008554 0.097255753352995605 0.099749445081862578 0.10258249239553828 0.10588210288106213 0.10978921596256611 0.11450374481949704 0.120404947372953 0.12773776587689781 0.13645497434093143 0.14597598964605779 0.15472428795271179 0.16209763427823717 0.16835047906673004 0.17425959901034196 0.18076553047793406 0.18722295671387293 0.19195170364679437 0.19469370885675669 0.19709064803471876 0.20034910488789809 0.20343313890692905 0.20487217615837977 0.20455294706576813 0.203263755747882 0.20170116990441742 0.20020738708394631 0.19887374883101475 0.19775633124670344
0.095070706011374545 0.089343272579120253 0.086560087919578754 0.085094963454500336 0.084468262543751699 0.084433954184001458 0.084828187690278833 0.085488854573301354 0.086326577283096395 0.087300714512140831 0.088454232966427543 0.089784195194270527 0.091325096617082352 0.093047494244554815 0.094994691372247447 0.097163956169648791 0.099669916327083941 0.10269728709314641 0.10646135603703394 0.11144601403026869 0.11832110703404722 0.12725059015545692 0.13771072506311519 0.15182673177434941 0.16437094468408234 0.16865630274672799 0.17173811381240137 0.17665974625528941 0.18445190073292345 0.19462171958326055 0.20130484904365981 0.19919657200101021 0.19908161553665246 0.20540930049401462 0.21101074347116527 0.21226632302476475 0.20996595000681306 0.20681336031971598 0.20405194718770067 0.2016703469870807 0.19960828515947548 0.1978813780766098
0.088300022374440595 0.085555831493017376 0.083813609998060479 0.082852049943160727 0.082572857580888837 0.082777787042529513 0.083290871349139928 0.083981985787968699 0.084797995909712459 0.085743001408833813 0.086841202382200181 0.088101708155023203 0.089491967633172825 0.090976617389373848 0.092557039014075276 0.094288956723663109 0.096358205329985624 0.099034316535273254 0.10283204608856847 0.10865760907083014 0.11684399714538589 0.12791220017691179 0.14024205422228586 0.15196816672876051 0.16809884798430835 0.15226580682687457 0.14887020120701072 0.15239572071052132 0.15986717602294198 0.17435089670181458 0.19891568821200015 0.18964922680333859 0.19496298244151711 0.21178830202799495 0.22600549674950388 0.22384431071696187 0.21535359008220731 0.2099920321313854 0.20617059663245296 0.2029489016512529 0.20005338213721668 0.19763612993895291
0.081500053612425127 0.081253687121634971 0.080725306035229025 0.080487563680100793 0.080618250486096596 0.081085192715216026 0.081744442563291594 0.082490904846604221 0.083308845978822557 0.084247551477200852 0.085295908379879354 0.086498219452089478 0.087721823114839614 0.088909395343476666 0.090013168393935902 0.091155002625999598 0.092618396154642707 0.094813302378747855 0.098471063899778499 0.10502527947723034 0.11584050882105471 0.12814191472863012 0.13785893879218988 0.12188718648804053 0.047758784745730747 0.031091718994731052 0.032960915881781086 0.034541271151846735 0.036032523102738842 0.03587186745710641 0.055385895251095968 0.14775882033240342 0.1564713363059895 0.18781510923734218 0.23394454680316329 0.23130894330343627 0.21827468009609738 0.21187222126483873 0.20828179856342216 0.20406576084616171 0.20004626502320294 0.19690021059563753
0.077021649540412351 0.077513419245972923 0.077821768292543766 0.078173379592414508 0.078651552766856134 0.079395003608691755 0.080300729505325269 0.081165890484614422 0.082072780883987631 0.08296722245980391 0.083900430235499882 0.08499598004215235 0.086131294970394026 0.087008169713956002 0.087503835310538874 0.087822387274899161 0.088469094721640676 0.089882789014887332 0.092593562325157155 0.098135685748649198 0.11025808325340761 0.12564653206285656 0.053611561537554905 0.013386284070169185 0.013330162008694456 0.011054579977704331 0.012520009651343285 0.013500492594288989 0.013808309876501383 0.014644873643408086 0.02402763856022936 0.026486615668918988 0.036996901669152066 0.038598546115798361 0.068130684771497196 0.20490217204427674 0.20933005624630885 0.21476940972965775 0.21220187424989356 0.20448404322121963 0.19915630352102429 0.19550066218364184
0.073501654690701315 0.074553628863015933 0.075456686335713549 0.076091560747841056 0.07664154220063002 0.077596240169492542 0.079069735111070585 0.080376347569772688 0.081868109641925577 0.083385037495502176 0.082639982523324745 0.08378432515968233 0.084743568263033878 0.086058634725316191 0.085379685844404474 0.084240950257349775 0.084079841082238385 0.084449316389097376 0.085269064072574563 0.087518269525335882 0.095760068042214125 0.10814483656427878 0.030045285691563485 0.0091713651071828745 0.013565805006616461 0.014752757114034417 0.015485405685761865 0.015658851973693738 0.016072095141337478 0.017801438466042353 0.019116520004107095 0.018828977470377775 0.016808821635237985 0.014994373209577602 0.017465631257004177 0.033807087568539437 0.1661155890553197 0.21190624326558671 0.21432107247282361 0.20305313739462577 0.19753009545256195 0.19379626852833354
0.070298568169614398 0.072242224588683346 0.074034832477679641 0.074504302605464839 0.074270387023689488 0.075215068730775991 0.077656491083974974 0.081554869310251271 0.08398515481970488 0.082744880973549567 0.070082319728561063 0.080108245969831945 0.083546897288974353 0.084985735191512951 0.074127506800723109 0.073148935794254327 0.073483105563145926 0.073018380126812679 0.071867491463931898 0.071037464775918158 0.075870249635085041 0.088559369339121674 0.10879727024054815 0.020229918013619844 0.021086139046059649 0.01934623594146816 0.019029071121048839 0.018438388899141296 0.018356937014898968 0.018991763972149522 0.01957976771515918 0.019510802728426674 0.01893484105610805 0.018638009927722646 0.018566542998825056 0.026180099482897963 0.022887173731784956 0.082389588658201743 0.19989567200218533 0.19808172114959471 0.19679375236865521 0.19256837122676498
0.065810898629269352 0.070429803393967261 0.075189825851791681 0.074441877278810076 0.070678288947713275 0.06995680346005563 0.076881666239978511 0.080396853829269116 0.089475950386983527 0.02533213736775513 0.015813490127866887 0.024174096327832441 0.13931190270817168 0.028322900844731918 0.024755234499250506 0.032387404429133577 0.035299383239018316 0.036750901556668714 0.037566712980542226 0.038039080714328086 0.038408550562458468 0.040025489911549042 0.042425230838130601 0.065233343114208114 0.031231334776938617 0.024978736317515002 0.022671826802346397 0.02121389642594898 0.020509725711042592 0.020597928892832219 0.020897286984137755 0.020978787084547604 0.020902288940514706 0.02087877063466435 0.021417911247574958 0.020314999188304629 0.017414499133734024 0.020376178407947001 0.13439048292955644 0.18601868287563642 0.20086393004506115 0.19452806971364942
0.051322523003903088 0.069978222082358807 0.084385239934412798 0.082376627597544966 0.059397416743731918 0.057409432558630319 0.064650999264862535 0.09896493329460572 0.019331783520044044 0.027127737105241283 0.022214195560705322 0.041756539602304528 0.041320029505957326 0.053881901386354326 0.032433760278802362 0.031544802797495379 0.032827185058930078 0.033896164125186153 0.034805177588233871 0.035699043554554062 0.036765139753048008 0.0383634894321494 0.041201798441678837 0.040543618680010621 0.035571484509317262 0.029067366768386921 0.025679478731126238 0.023625141002645882 0.022568781902222224 0.022420835096085723 0.022580542780574406 0.022703466915907945 0.022782389196304313 0.022881114009825603 0.022845076680542243 0.022400891038286706 0.022860263783675724 0.03731082615431805 0.02131717518951215 0.077446052638108137 0.20044561375375627 0.19276649256440415
