outputs/Circuitscape/Land_Cover_Null_cum_curmap.asc
ncols        451
nrows        316
xllcorner    -6.222126966401
yllcorner    49.837925530693
cellsize     0.011777559530
NODATA_value -9999
[rows 152 to 170 of 316, columns 0 to 41 of 451]
-9999 -9999 -9999 -9999 -9999 -9999 -9999 -9999 -9999 -9999 -9999 -9999 -9999 -9999 0.004250676171114934 0.0060028418353079592 0.0059689547874954303 0.0059216986283396229 0.0058826681172253273 0.0058763773014188902 0.005901195046561075 0.0059376793529445273 0.0059812366174505013 0.0060290078776448416 0.0060787302848484739 0.0061295032554152225 0.0061810419084096782 0.0062330785309513371 0.0062855459185819874 0.0063385410099457973 0.0063921502505627815 0.0064463017163204194 0.006500898345121668 0.0065559893660826311 0.0066116277850607544 0.0066678699824450609 0.0067247755131511402 0.006782407222393665 0.0068408315509288879 0.006900131386551267 0.006960444156237167 0.0070218648500578332
-9999 -9999 -9999 -9999 -9999 -9999 -9999 -9999 -9999 -9999 -9999 -9999 -9999 -9999 0.0041986390624393511 0.0059454432166676906 0.005946994353005542 0.0059388472369088256 0.005930442687168188 0.0059419960882892038 0.0059755260172784002 0.0060173376524478928 0.006064252950746871 0.0061143537514746719 0.0061658974148860318 0.0062181022395110547 0.0062708876895922749 0.00632410819343464 0.0063777254769603955 0.0064318760044779306 0.0064867113492304215 0.0065421794300754687 0.0065981754095280195 0.0066547577306699602 0.0067119874071604399 0.0067699280926108562 0.0068286463845621988 0.0068882122532158358 0.0069486995480636509 0.0070102054251062734 0.0070728789559338246 0.0071368168227850994
-9999 -9999 -9999 -9999 -9999 -9999 -9999 -9999 -9999 -9999 -9999 -9999 -9999 -9999 0.0041580539238908571 0.0059033104389154276 0.0059348355170912286 0.0059601284585606307 0.0059770661959809117 0.0060026499336012767 0.0060454919982948028 0.0060945306648472275 0.0061458617375185209 0.006198879054778195 0.0062525650933259588 0.0063063385733582635 0.0063604086140911752 0.0064148046871931822 0.0064695369794995818 0.0065247997144457772 0.0065808069376192364 0.0066375300444715974 0.006694866850259315 0.0067528794958159905 0.0068116368732282755 0.0068712095780799603 0.0069316708105264073 0.0069930971554970816 0.0070555693031024262 0.0071191969036231029 0.0071841398038413051 0.0072505015419740831
-9999 -9999 -9999 -9999 -9999 -9999 -9999 -9999 -9999 -9999 -9999 -9999 -9999 -9999 0.0041114571100093148 0.0058602780870522855 0.0059302460651547316 0.0059930455419436581 0.0060364147983528365 0.0060701138326753066 0.0061158953979028232 0.006172029405282037 0.0062277366483760293 0.0062835217342593775 0.0063392499579219838 0.0063944791989366664 0.0064497213110626291 0.0065051995274326719 0.006560962014723731 0.0066172692460228204 0.0066743751105801984 0.0067322729105654851 0.0067908826526877925 0.0068502570448142914 0.0069104717845711655 0.0069716035320393013 0.0070337313273538538 0.0070969376623971009 0.0071613093718563862 0.007226966608983542 0.0072940790354295536 0.0073627572997692677
-9999 -9999 -9999 -9999 -9999 -9999 -9999 -9999 -9999 -9999 -9999 -9999 -9999 -9999 0.0040404442608149814 0.0058029605932933574 0.0059365469307986109 0.0060494470187398928 0.0061204862305046974 0.0061565191277709848 0.0061956935029861583 0.0062531813066688952 0.0063118057885441668 0.006369392249716296 0.0064264723759099671 0.0064828016671717482 0.0065389557008135426 0.0065953137077514861 0.0066519796010231615 0.0067092333137142874 0.0067673426562608139 0.0068263268182390388 0.0068861335754808383 0.0069467945769764233 0.0070083904124793985 0.0070710024631346589 0.0071347145823838914 0.007199614305440259 0.0072657938173270754 0.0073333815990736465 0.0074025560953590516 0.007473435368024214
-9999 -9999 -9999 -9999 -9999 -9999 -9999 -9999 -9999 -9999 -9999 -9999 -9999 -9999 0.0039126470296096299 0.0057192263076911607 0.005975747774141121 0.0061564416958442177 0.0062434222876878876 0.0062731615913716654 0.0062953635965501114 0.0063412303964346228 0.0063996110612901998 0.0064572250816600551 0.0065145680381559299 0.0065714189700958004 0.0066281237096244405 0.0066851246133509071 0.0067425495322627153 0.0068006289856288697 0.0068596252350532697 0.0069196073276685454 0.0069805298608721375 0.0070423975748750605 0.0071052935858776393 0.0071693024224820431 0.0072345116035656774 0.0073010127752077113 0.0073689026342502488 0.0074383156773468895 0.007509438055068182 0.0075823956020236371
-9999 -9999 -9999 -9999 -9999 -9999 -9999 -9999 -9999 -9999 -9999 -9999 -9999 -9999 0.0036462709981240271 0.005615788724378519 0.0061376525393627666 0.006368517030288433 0.0064151347981395495 0.0064143828268952039 0.0064094379864911722 0.0064370472940894008 0.0064914423218943229 0.0065470748422042854 0.0066035310067639229 0.0066602602695771656 0.0067171368690505228 0.0067745431285877802 0.0068325680072225149 0.0068913533264405771 0.0069511348238175275 0.0070120255405018723 0.0070739807906063023 0.0071369727550616895 0.0072010848431232387 0.0072664032621868541 0.0073330181197661052 0.0074010242825821564 0.0074705221418292223 0.0075416498132667587 0.0076146000595622241 0.0076895069128934427
-9999 -9999 -9999 -9999 -9999 -9999 -9999 -9999 -9999 -9999 -9999 -9999 -9999 -9999 0.0029262714947896383 0.0057678787349978158 0.006745132886409903 0.0066884620705751569 0.0066178287874857555 0.0065661436544850208 0.0065316748173578605 0.0065400632179729136 0.0065861603923238199 0.0066382701956663129 0.0066929279393066372 0.0067490242922138731 0.0068057817495002651 0.0068634102883748781 0.0069219077151051432 0.0069812979076826522 0.0070417741177058041 0.0071034889907869402 0.0071663954290478319 0.007230428670804207 0.00729567092941516 0.0073622090637800661 0.007430134949423255 0.0074995459284204757 0.0075705453481610206 0.0076432725102908283 0.0077179257043367292 0.0077946476564863931
-9999 -9999 -9999 -9999 -9999 -9999 -9999 -9999 -9999 -9999 -9999 -9999 -9999 -9999 -9999 0.0065847217287660197 0.0074576888692767119 0.0069806490733112419 0.0068023932230547287 0.0067067996331847185 0.0066506210152381014 0.0066443828967730567 0.0066813548444971931 0.006729421391089797 0.0067819609667703132 0.0068372271934609916 0.00689375279350823 0.0069515176046289423 0.0070104177962833055 0.0070703439152194018 0.0071314428084840471 0.0071939060157632361 0.0072576845299733824 0.007322676925763499 0.0073889626017441699 0.0074566287073685386 0.0075257684372627351 0.0075964810685137333 0.0076688722783281402 0.0077430801167776798 0.0078193073398949431 0.0078977059372398947
-9999 -9999 -9999 -9999 -9999 -9999 -9999 -9999 -9999 -9999 -9999 -9999 -9999 -9999 -9999 0.0054065175336608486 0.0074433533363608357 0.0071104470697797659 0.0069234077064826323 0.0068176500082096393 0.006755356038767711 0.0067430708245344584 0.006774061649661981 0.0068189172648080339 0.0068697445512516473 0.0069243168440087568 0.0069807293362052422 0.0070386635645051524 0.0070979464724452799 0.0071583779791583469 0.0072200698905337595 0.0072832116499431734 0.0073477631741494772 0.0074136337321538265 0.0074808755801424962 0.0075495764855741786 0.0076198308830566809 0.0076917396418180496 0.0077654102483403686 0.0078409770702201412 0.007918646298825922 0.0079985798242230913
-9999 -9999 -9999 -9999 -9999 -9999 -9999 -9999 -9999 -9999 -9999 -9999 -9999 -9999 -9999 0.0051289697971896179 0.007206465234592496 0.007093500148666625 0.0069765056059718795 0.0068939765738587153 0.0068420800527799336 0.006832597995836338 0.0068618134040317226 0.0069053605926892216 0.0069554668067707496 0.0070098247415992486 0.0070664300257984765 0.007124671264506539 0.0071843680813417892 0.0072453145988911598 0.0073075718382450867 0.0073713139698386859 0.007436553383623255 0.0075032213801708211 0.0075713313987262332 0.0076409726236198999 0.007712240885599032 0.0077852384202291795 0.007860074062894077 0.0079368760636312832 0.0080158530400524404 0.0080971774767875614
-9999 -9999 -9999 -9999 -9999 -9999 -9999 -9999 -9999 -9999 -9999 -9999 -9999 -9999 -9999 0.0050061785519495347 0.0070741308242086853 0.0070401346465580441 0.0069903507931724871 0.0069449162175177961 0.0069133746152617217 0.0069124627802187146 0.0069435108369973169 0.0069880239589246726 0.0070386867033797387 0.0070935272110908606 0.0071507060206184563 0.0072094324191011566 0.0072696087853494247 0.0073310820568052359 0.007393864179313466 0.007458132882671639 0.0075239858474729238 0.0075913691426618187 0.0076602578974817983 0.0077307435665916538 0.0078029235288061783 0.0078769011425797227 0.0079527861187888068 0.0080306981259791067 0.0081108472072360088 0.0081934171791571489
-9999 -9999 -9999 -9999 -9999 -9999 -9999 -9999 -9999 -9999 -9999 -9999 -9999 -9999 -9999 0.0049333260939631585 0.0069901260912164729 0.0069978682356677847 0.0069940980568180119 0.0069846960139482682 0.0069760468855194491 0.0069851609416367701 0.0070198008113348817 0.0070672725611755057 0.0071196188382403828 0.0071755399608870191 0.0072336083224746285 0.0072929581720266139 0.0073536509654780636 0.0074156333830107304 0.0074788911291447449 0.0075436156665069642 0.0076099995008787995 0.0076780123334081627 0.0077475891713660915 0.0078188219437880756 0.0078918103678680598 0.0079666585149546446 0.0080434764079148381 0.0081223807249745043 0.0082035657120593745 0.0082872300042234857
-9999 -9999 -9999 -9999 -9999 -9999 -9999 -9999 -9999 -9999 -9999 -9999 -9999 -9999 -9999 0.0048743665271729552 0.0069244712033827531 0.006967150488009324 0.0070024845163371178 0.0070260559026765722 0.0070388760634249523 0.0070556022213868405 0.00709291214746043 0.0071444445855762418 0.0071990612973817595 0.0072562775772873761 0.0073153669234021093 0.0073753740179126458 0.0074365387948521506 0.0074989614577155384 0.0075626225046386917 0.0076277393627253946 0.007694564440000275 0.0077630957186604604 0.0078332644720713555 0.0079051454020142489 0.0079788392255964562 0.0080544480897566557 0.0081320824313187781 0.0082118582803257251 0.0082939432288611122 0.0083785694297600962
-9999 -9999 -9999 -9999 -9999 -9999 -9999 -9999 -9999 -9999 -9999 -9999 -9999 -9999 -9999 0.0048088065734461808 0.0068581632509466276 0.0069453080511614404 0.0070240790044621883 0.0070803096488201 0.0071127433854707642 0.0071334662689855055 0.0071682864024656652 0.0072214141428775646 0.0072782336734338298 0.0073365323897031038 0.0073962973067208315 0.007456847695407446 0.0075183531647630853 0.0075810726272489398 0.0076450553233690108 0.0077104928178021734 0.007777638884919353 0.0078465637754296779 0.0079172298550466199 0.0079896600698670488 0.0080639535611500262 0.008140213457177992 0.0082185490539258815 0.0082990734373557078 0.008381931811933736 0.008467384073635148
-9999 -9999 -9999 -9999 -9999 -9999 -9999 -9999 -9999 -9999 -9999 -9999 -9999 -9999 -9999 0.0047152745823515439 0.0067756078159865191 0.0069361245946021628 0.0070726304210639033 0.0071608498650190637 0.0072061546809803808 0.0072268207577204386 0.0072529049560559125 0.007300793776258572 0.0073583287149079479 0.0074168602090629362 0.007476712957444405 0.0075374848070364001 0.0075991079608229975 0.007661958702156052 0.0077261477674529415 0.0077917969427682473 0.007859146295109835 0.0079283656020016462 0.0079994318143092359 0.0080723126709553034 0.0081471041923522145 0.008223907326321998 0.0083028282895789146 0.0083839795050154944 0.0084674859175599103 0.0085536269160413295
-9999 -9999 -9999 -9999 -9999 -9999 -9999 -9999 -9999 -9999 -9999 -9999 -9999 -9999 -9999 0.0045563554575673605 0.0066628059991494983 0.0069650715730961354 0.0071794881207523607 0.0072856901684241809 0.0073258253875342124 0.0073367094290320341 0.0073474850768027412 0.0073844373420235143 0.0074402391439687219 0.0074976811205209161 0.0075567999228657208 0.0076173377921199392 0.0076787972281516367 0.0077415828752216949 0.0078058377635571207 0.0078715830916651318 0.0079390421487209647 0.0080084586062181724 0.0080798221945722979 0.008153056930302419 0.0082282447842329139 0.0083054851997045997 0.0083848802212087483 0.0084665393758656081 0.0085505832121842863 0.0086372783965265095
-9999 -9999 -9999 -9999 -9999 -9999 -9999 -9999 -9999 -9999 -9999 -9999 -9999 -9999 -9999 0.0042375354425932561 0.0065276933256013681 0.0071361305132224091 0.0074076164872093975 0.0074663951361305745 0.0074709448902492556 0.0074601204017127011 0.0074531423672370605 0.0074749729143480208 0.0075238254964553018 0.0075789517336973594 0.0076365511660489785 0.0076963163353562783 0.0077573682514808003 0.0078198960459421249 0.0078840509951087073 0.0079498109541148373 0.0080173341038815033 0.0080868319678350578 0.0081583519003232165 0.0082318483197741481 0.0083073372089719141 0.0083849116727797469 0.0084646711139973116 0.0085467216198703254 0.0086311954530329353 0.0087183024907004653
-9999 -9999 -9999 -9999 -9999 -9999 -9999 -9999 -9999 -9999 -9999 -9999 -9999 -9999 -9999 0.0033941846528491751 0.0066899871228751307 0.0078225075999876128 0.0077599950503335555 0.0076822978154809747 0.0076272122111425865 0.0075870668058513179 0.0075621792258577123 0.0075688523943682785 0.0076083763456725687 0.0076602105804093323 0.0077156689356588145 0.0077741566373760026 0.0078346069253993657 0.0078967433922623349 0.0079606894890304654 0.0080264031540511066 0.0080939128840958365 0.0081633880201377688 0.008234977967806676 0.0083086489473876406 0.0083843451077539512 0.0084621546168420578 0.0085421727668038364 0.0086245019011829648 0.0087092854754887896 0.0087966878857503091
