outputs/Circuitscape/Land_Cover_Null_cum_curmap.asc
ncols        451
nrows        316
xllcorner    -6.222126966401
yllcorner    49.837925530693
cellsize     0.011777559530
NODATA_value -9999
[rows 266 to 284 of 316, columns 84 to 125 of 451]
0.011213560883564455 0.011233142001064582 0.011281631220907782 0.011408800860329296 0.011709181270742761 0.01222432619370867 0.013126157311150365 0.013997705072214555 0.021652770733180237 0.040750678462041681 0.07631129182585257 0.099329013949658235 0.12602323182073877 0.27759715688808645 0.88922073985230199 0.94240963210333395 0.88659563234495031 0.83570011117595011 0.78826322914637703 0.75304856903048423 0.73113306338449446 0.72003061343999009 0.71977475944750569 0.72296979657867022 0.72876202638053211 0.73658286329313483 0.74608279269587774 0.75705509773319646 0.76940282377650193 0.78307827269327412 0.79807925214452136 0.8144404010962436 0.8326065777445032 0.85427865759682697 0.88132025367694833 0.91262228049794014 0.94849260325968432 0.98981643103401695 1.0380850569416076 1.0959456432458248 1.169826736857253 1.2904553215133228
0.011061502961465136 0.011017714564734857 0.010972926780193726 0.010966683425262785 0.01122196155636284 0.012165909440325128 0.01257328331709835 0.015743630336933417 0.059930219586996292 0.30025591224068227 0.3992308407451452 0.52721213218542773 0.69371268438968936 0.94491311752968676 0.97800233435121875 0.91311236689563513 0.85948572122163569 0.81837680611988239 0.7884642958566187 0.76412694568989048 0.74857330484849827 0.74186516463807528 0.739638492469885 0.74073400957604718 0.74435984313645509 0.74998992776774354 0.75728301446598478 0.76602672723324927 0.7760870399502775 0.78741258614260634 0.80030277703450403 0.81588018624272629 0.83521518774539449 0.85778770125090387 0.88368097554909741 0.91318891350636544 0.94645907990310052 0.9835103783590966 1.0242785407709134 1.0759589541536467 1.1431479104636624 1.246426813560102
0.010931659128956342 0.010815289600805222 0.010657184076389051 0.010519901313568461 0.010637391388746286 0.011226110747246398 0.01660213884326785 0.061919476799084758 0.35072509912518368 0.43986225697287179 0.52565218791891133 0.6403567423230061 0.77292262395712974 0.8809142090131683 0.90246157895216983 0.87453939827939542 0.84463123750307956 0.81700935017185861 0.79428079078084224 0.77742466402606736 0.76610130716681601 0.75938549404383837 0.75629819475253268 0.75604569652299314 0.75802397542242128 0.76181270124999434 0.76711275820696034 0.7737183559022538 0.78176141517382103 0.79183826861054774 0.80460989398609994 0.8198636444951235 0.83771253825675884 0.85852644920873822 0.88260915692758768 0.91005390200000125 0.94065246999691809 0.97365080862021902 1.0146064413919236 1.0658927248565651 1.1272583773473281 1.198669451688279
0.010857309222930531 0.010670914858641346 0.010410524423251414 0.010215538918676203 0.01007912973202138 0.0096490606179888017 0.040818114360273855 0.31821629625812764 0.45105590227540787 0.50353027020543339 0.57465510829870436 0.65704871301619261 0.74013233438557058 0.80411835126469022 0.83553059884772185 0.83846138789952485 0.82759467259240749 0.81319865850798223 0.79928516695617491 0.787695010893392 0.77906604456660866 0.77335287213423787 0.77019852566018432 0.76918685055082037 0.76995354579131803 0.77221243646975302 0.7758940851785272 0.78124501213347297 0.78848642150141357 0.7975952668183196 0.80857309935374599 0.82170511696879656 0.83741184503358224 0.85611497273606663 0.87816341957641864 0.90373471109819092 0.93262444785004683 0.96874511181420941 1.013914566596033 1.0618130262840069 1.1066810744622395 1.1637320465426417
0.01088347867100267 0.01062107153782604 0.010274289076563874 0.0099738090816379153 0.0099177176329337969 0.0093842369536172327 0.084136927086879906 0.46912952763111082 0.56033460956563375 0.56592710607931906 0.61083113849010018 0.66962997646442501 0.72587101515908026 0.77121797662662384 0.79991199572573068 0.81229493673044284 0.81332975810988861 0.80853879150576913 0.8016788573426451 0.79483798118577831 0.78906674420372758 0.78477073055273383 0.78199051442563605 0.78066197077152977 0.78073568445483776 0.78223590704912882 0.7851461524880422 0.78939459518450872 0.79496973106849522 0.80191747614058095 0.81050433931744559 0.82111528772065023 0.83424565717297627 0.85044888749662628 0.87031900716879118 0.89457578752961942 0.9266414128679078 0.96862687497900102 1.0151608572244493 1.0608703219988114 1.1033533689857067 1.1374094731408388
0.011076536983708665 0.010696243982279995 0.010182858680879928 0.0098469052794719954 0.0092083696597338033 0.011885196400532922 0.20671569786400495 0.70216969200472101 0.67127082526092918 0.6368982283614103 0.64250468452794252 0.68362584280507432 0.72360598473743254 0.75767828704399143 0.78250311333847522 0.79744998014214463 0.80422539153666206 0.80552235967226737 0.80379165840143973 0.80078120196882507 0.79756885563337232 0.79477840718912585 0.7927602457335261 0.79169581768661557 0.79159787841179241 0.79242203301853398 0.79415481603847882 0.79672414109112899 0.8001789529478911 0.80467864198395078 0.81051706990723571 0.81814233299655714 0.82816782378218057 0.84133270249632663 0.85883507041082874 0.88426352774148431 0.92023433368761742 0.96480103858936106 1.0162770685920266 1.0692767756877199 1.1169551722518634 1.1438596783035362
0.011586220988865206 0.010909881063299045 0.010153134845828121 0.0091281764089073385 0.010824884551754649 0.11800125129441671 0.68977258811742814 0.76629774669530271 0.71976936276881986 0.68547855409119884 0.67745905941755269 0.69864628157427411 0.7279545508221722 0.75457507471519847 0.77595872324700321 0.7911413973750856 0.80055290743611618 0.80542812147880605 0.80719676908928895 0.80710558038547831 0.80610728193923609 0.80483113901050674 0.80362748776201687 0.80272301388262801 0.80223585789663665 0.80216258130467977 0.80247841889546989 0.80320111220938639 0.80439032515603659 0.80618918415505492 0.80888270714853761 0.8129824346620832 0.81918948153005233 0.82869199164366791 0.84469983348465827 0.86992782395240442 0.90528238419448948 0.95358879917884642 1.0143465611810025 1.0850727209107274 1.1640754097997297 1.196814189510196
0.01288083035977166 0.011242591428487487 0.0096371029069869784 0.010003782731110536 0.11389661080186003 0.64432290660558056 0.74965224075721626 0.74441812471698832 0.72653621511290234 0.7117538305569665 0.7058128356954918 0.71292463260880967 0.73560236361386488 0.75744677798376092 0.77630749673497379 0.79113177470619567 0.80178957166842502 0.80877694525523902 0.81288002496598721 0.81490904727514257 0.81554206028812604 0.81531836863332618 0.81463567643257773 0.81370310155263881 0.81264604356147807 0.8115359363696899 0.81040368984218736 0.80924342628539447 0.80805287933330905 0.8069001647527182 0.80603668631010261 0.80595036625851202 0.80760366873102174 0.81364295845192192 0.82628206743326671 0.84628785410633645 0.87718598262706382 0.92728574338592551 1.0055205617940914 1.0930116642534755 1.216626948100175 1.2310983735343377
0.01445327403297263 0.062402668932647967 0.05186021464901383 0.19112895861677548 0.65279044674410802 0.7285621608905839 0.72939622883471855 0.73051332523738777 0.72867521722905793 0.72620083143530678 0.7264772363836377 0.7303949848167971 0.74454136308275742 0.76380811695898632 0.78120729092899954 0.79574406280782051 0.80707314132760244 0.81532369602764099 0.82091083894625616 0.82432891598054514 0.82607675565710759 0.82655239832565774 0.82607134853377062 0.8248540613271319 0.82309520603587882 0.82091749157439131 0.81835398860714903 0.81534136008753622 0.81174636626336993 0.80748073826589917 0.80263045782323872 0.79771752924563311 0.79472636792912499 0.79561734662337824 0.80109926977350177 0.81293577795697025 0.83323878065571255 0.88217225359347329 0.99082470372798714 1.066300569677213 1.087630325077416 0.35528068606385438
0.16354636080764226 0.14590547382769764 0.45062825513583543 0.6361474830102225 0.71250281598929444 0.70432944380778695 0.71120971753476603 0.72259306422643443 0.73074705851300803 0.73703550055310574 0.74299550833564854 0.74942918738374353 0.75635327829937615 0.77232293706843369 0.78924058625351001 0.80379246275287675 0.8156106727174347 0.82470064663467046 0.83126228809802394 0.83559986204794312 0.83803027604148739 0.8388307164615797 0.83825495693628616 0.83654646400097277 0.8339422339191136 0.83065039891067682 0.82672692092218669 0.82203063409402688 0.81621062807988154 0.80884216869963754 0.79976557490940292 0.78990364618221809 0.78078131954325092 0.77334287599231177 0.7696137254480655 0.77159588614245556 0.77876888240570474 0.81011811558272884 0.84718866708057117 0.48869096820440538 0.35398401645431493 0.16978004344753847
0.28770151550385314 0.41529559195916116 0.5303731910962598 0.61052892276246506 0.6539932251276992 0.67509288493286701 0.69721940610818822 0.71838631383228824 0.73476588030254653 0.74788625436925205 0.75877652794801387 0.76802764426762116 0.77579318265739117 0.78335536286975926 0.79984889649722946 0.81476116929546583 0.82705764770785417 0.8367314469510847 0.84393330706471215 0.84884549515284913 0.85165653905322503 0.85251766140101137 0.85159559298355525 0.84913136343806006 0.84546074712768071 0.84094667643567134 0.83579728655568886 0.82982463670902917 0.82234658596702581 0.81248671218398749 0.79949694737033417 0.78365166448525725 0.7656115780897248 0.74747055281628028 0.73219946195084273 0.72323406595708595 0.72324933867811247 0.71751892317037869 0.63167303377853989 0.54245298538585307 0.42238686622886884 0.015766738078541731
0.40374039335155476 0.44397941977912636 0.51361411237194865 0.56882758020868374 0.61589666214600114 0.6536792129181116 0.6901280085510737 0.71880538464075183 0.7419859422677374 0.76085585994167082 0.77608290896022081 0.78805974536065471 0.79700881524197031 0.80307070482834675 0.81295859975180451 0.82847826680631631 0.84121619290269423 0.85129037109642047 0.85890085729281918 0.86420384560561847 0.86726096948957476 0.868038870405206 0.8665380135864954 0.86295505193180233 0.85779536199337236 0.85177348392178509 0.84552286667421017 0.83920128238419889 0.83164906521150617 0.82070560536910164 0.80396478023306572 0.78026381012840562 0.75082462692708685 0.71890112484904156 0.68869824883866371 0.66516199273480225 0.67805181244257096 0.7000526207549288 0.64822583598506411 0.41352947773586901 0.074674712738496546 0.012634188718280606
0.45460454569231212 0.47057292824021441 0.5089226271267826 0.55649020214968958 0.60524669622233063 0.65048947346579322 0.69034696549478647 0.72453183197898707 0.75344384558498201 0.77741511659013729 0.79659783670014339 0.81110958065866512 0.82113488827786607 0.82699826316981684 0.83166503105190714 0.84506116416858967 0.85806993984901181 0.86829972909279296 0.87613946955494559 0.88179338860487755 0.88516982281922074 0.88592433742106547 0.88368121797756016 0.8784693084992552 0.87101897226534375 0.86285341059887077 0.85560952231681708 0.85026140328347188 0.84534624766310884 0.83609326479208013 0.81645215011632255 0.7832892693306982 0.73880640585598867 0.68869795025107661 0.63910871140666148 0.59509795938606369 0.60621548707611406 0.66945340850550084 0.26811371282553903 0.047052801986923749 0.0074624897565691278 0.0080769418720068164
0.46554191829192243 0.48377050546323141 0.51835698616901094 0.56136020380855156 0.6075439783881772 0.65330681222158005 0.69640248298726992 0.73553007239949431 0.7698728261527088 0.79881269749106321 0.82184873676022452 0.83871415463889409 0.84948383511550796 0.8546570651452543 0.85530857172354902 0.86487031318345753 0.87770325391199733 0.88764079181543409 0.89546821082917227 0.90158573390972552 0.90572872430225493 0.90698041500007653 0.90417880892068381 0.89674810757810619 0.88560920290957978 0.87351839321941571 0.86414498950025198 0.8605263795917828 0.86291419501310274 0.86307888716015746 0.84472005745396417 0.79876551361022841 0.73223421293388258 0.65779025704953331 0.58354803830891655 0.51555321682569422 0.47193771728923306 0.4193269666578564 0.082557779383246266 0.014741776176191998 0.0084334466107908596 0.0082861767206095834
0.44954523841831395 0.48211151402170649 0.51991855390890995 0.56352705434775752 0.6106912656496879 0.65906436321877782 0.706574696472963 0.75139104675739998 0.79181367128418667 0.82627312922032936 0.85346570689626133 0.87259948669832099 0.88358952318553885 0.88716335977864058 0.88476387048650784 0.88864653525495152 0.90026605332151655 0.90905878357518344 0.91645936449187004 0.9233556166634963 0.9293954956026188 0.93267732831181904 0.93025535077569665 0.91987811995856694 0.90224305691058304 0.88201228500074924 0.86650661984074639 0.86333376523956096 0.87725358184595359 0.90989960579502072 0.91158293684114977 0.83429831970280721 0.72928642197042093 0.62897141128623302 0.52097712402969232 0.42279121752601956 0.35681570039000327 0.25396429166375478 0.11879513857876212 0.0098064874816595395 0.009270899929302202 0.0083939568629353145
0.43262071847966488 0.47274629467600676 0.51542014086324028 0.56219537970575106 0.61273849985224049 0.66575841316730688 0.71947270890714354 0.77168331682418856 0.81983383006595478 0.86123160242475671 0.89347321696708737 0.91498764739367888 0.92545066845597135 0.9259431870212429 0.91874682870585578 0.91859339404557683 0.92594247643841587 0.93194575182688766 0.93791193282368934 0.94583698882616973 0.95581501486345788 0.96468461914750914 0.96571652645317485 0.95201784531241074 0.92267239962896586 0.88589589260820678 0.85602526207082319 0.84703373931731474 0.87321042576868824 0.93802563133818206 0.95378548652651063 0.74959739740656994 0.61621888943567527 0.52517469530265037 0.43301265781727555 0.29429680529705005 0.25190841726183794 0.094162674664035412 0.01361604297706509 0.012912564671795135 0.0086921349826448759 0.0080983072546707887
0.41653874321734585 0.45991716636381758 0.50627904531529599 0.55690337818920099 0.61219937662771207 0.6716435473550989 0.73375482465525355 0.79597698326034971 0.85469468466826637 0.90562573921529554 0.94466107387839138 0.96894650196019627 0.97775714191186491 0.97277630241222901 0.95866796776151075 0.95329423229451971 0.95467832002108555 0.95488173388119657 0.9571240943793019 0.965546636226152 0.982110168454145 1.0040814190505221 1.0181357570090765 1.00343682843903 0.95259758439054609 0.88267642036447458 0.82265714281603608 0.79903016287169315 0.8169185094922008 0.80097685917373895 0.27293624080736795 0.13341114949416538 0.11121106519501008 0.093257201780529153 0.10215572988228924 0.16473191382740116 0.11476120224745462 0.013288028365453449 0.0050230880917444144 0.0071251304865737114 0.0078449835004399809 0.0075217232888963792
0.39931887082313894 0.44391669626865127 0.49257497379943066 0.54668470603355757 0.60725498507108988 0.6745503488304383 0.74759065695551363 0.82354551843640433 0.89738510468452215 0.96232228965568756 1.0113069744756391 1.0391867332599583 1.0445181747530776 1.0301089828853376 1.0102890781518412 0.99410039278722384 0.98630167893091647 0.97571045590818972 0.96974142526672713 0.975898070448175 1.0006747348838756 1.0454986659444303 1.1025561767823553 1.1057970335354961 1.0019386186395389 0.8662885634766645 0.75475101287766089 0.68890088948502792 0.62746923388100928 0.12676130783619924 0.0096587468876235278 0.0070715823857999856 0.0060422537518588833 0.0060226444643363391 0.011000504398293171 0.014577452951144217 0.014579169117863415 0.008745953299696135 0.0060994984372912814 0.0063536638523889718 0.006770824540147458 0.0069855105409686643
0.37957037412942779 0.42383719468809467 0.47330516942005924 0.52980386400307966 0.59524199917983345 0.67116205384290606 0.75780368539923071 0.85261541624324533 0.9488458893449575 1.0355795639796339 1.100305168291553 1.1333999657872886 1.1320978842942595 1.1015182775511896 1.0754630387998276 1.0467728032065882 1.020749482521544 0.99197945434055623 0.97031025029889917 0.96652997874503921 0.99564414465693429 1.0715954818670947 1.1904919192842209 1.188030018830682 0.90241125997514249 0.71527989184384599 0.56848947735425548 0.44280150320847433 0.097159620501530236 0.0069752382483088413 0.0058827250300225609 0.0065327398485836002 0.0062202194027457429 0.0063922720026391997 0.0062237393775560384 0.0053820900481191128 0.0048073021586683695 0.0055462538620521884 0.0060610513047595011 0.0061337581848100089 0.0063509606681154043 0.0066131151768060621
