outputs/Circuitscape/Land_Cover_Scenario3_cum_curmap.asc
ncols        451
nrows        316
xllcorner    -6.222126966401
yllcorner    49.837925530693
cellsize     0.011777559530
NODATA_value -9999
[rows 133 to 151 of 316, columns 378 to 419 of 451]
0.85815325761484385 0.79699920982621708 0.63771821859435529 0.66269009794265898 0.69374338196239538 0.48065132460381238 0.4591815980690907 0.41764471744945941 0.64940149636303957 0.65682979998904412 0.70728472710179546 0.49512879896251039 0.45475936864262018 0.4358868092633415 0.43517057981818097 0.42560376001503603 0.40228538343230047 0.3720109082287949 0.35391414426037415 0.33944070588889202 0.32665981743495487 0.31511037679379394 0.30513438239661245 0.29067618345739871 0.27949755483906547 0.26333146596069856 0.26362700068592343 0.25631774566827065 0.24866294420065843 0.24121502759629393 0.2339733736039695 0.22689475126699926 0.21993501855118272 0.21308493718204599 0.20637736522883454 0.19989298716160561 0.19375366040822753 0.18803990626900524 0.18292746062621107 0.17854756039441427 0.17470082610240728 0.17123092982258739
0.68423834035586206 0.71124079892569936 0.67618982217289181 0.6560126040869535 0.63665381110016772 0.59269435385139257 0.53665463268399538 0.54972580712780528 0.58077732913031666 0.60369624119223908 0.57421990169410231 0.52289338034986887 0.47323426600193225 0.44761906410321461 0.43019461589557551 0.41262302705051113 0.392398311476719 0.37254973553144122 0.35469684278137087 0.33987133785712703 0.32715232517587728 0.31543793496673467 0.30410337851979885 0.29391112318304891 0.2834844641166312 0.27190988833278301 0.26320956495467707 0.25629988400851317 0.24897227779133033 0.24165952288983841 0.23446745991057338 0.22739426487823372 0.22044683834637721 0.21363962350533175 0.20703037713417896 0.20069979728446674 0.1947250295892039 0.18918464420858025 0.18420156839134777 0.1797787865625084 0.17576426789737937 0.17200030064413721
0.70715544574948919 0.69878476076602736 0.67056624981306101 0.64401910096279846 0.62445744798972147 0.5992486506141701 0.57784630595038233 0.56957826852893267 0.57074405685440632 0.5653458703730162 0.54524018859493029 0.51307466485761433 0.47980056587688552 0.45232902747550374 0.43084973760145479 0.41109885536766733 0.39180992535316195 0.37214718512683775 0.35497406713825186 0.34101425947854402 0.32825245986384444 0.31680290992126925 0.30552156089849164 0.29421890911347526 0.28358901177844831 0.27377115268408464 0.26505214314582293 0.257290678085005 0.24995674285525224 0.24274825622012389 0.2356175612841776 0.22854382556681141 0.22155385724283255 0.21472030175248152 0.20812469133934103 0.20184499486384186 0.19595890039274069 0.19054146234778752 0.18564235932241743 0.18121512795920891 0.17703428544720337 0.17292210106084618
0.76087594059397046 0.71330409204026446 0.67907244485720941 0.64952543563915843 0.62572989783504429 0.60809597440796903 0.59356669147163788 0.5807333612233867 0.56728670793914615 0.55163665478942703 0.53059044839216518 0.50485025387028704 0.47834012166405293 0.45387026723292578 0.43201623390496902 0.4125661694750124 0.39410970228585018 0.37546797637084617 0.34742093253965711 0.33873707367182471 0.32895267295203112 0.32222564861206537 0.30789949315118575 0.29589214594618996 0.28525512329080838 0.27568961545890547 0.26706657821178059 0.25920395365648774 0.25182811911826664 0.24467145495854625 0.23754546105340274 0.23038424039457261 0.22325110715667232 0.21625635578200436 0.20954437692530448 0.20323454531849261 0.19739487535932601 0.19207038995027922 0.1872591637612365 0.18288203541132661 0.17876614239441652 0.1741696018337533
0.76905030505655847 0.733699886892342 0.70988840978673562 0.66301451767350406 0.62496958904224864 0.60907796298649386 0.61339911039971284 0.58884233995837532 0.56651692214103477 0.54526754119644161 0.52353579252754312 0.50100166575079341 0.47762483065054179 0.4551828470132076 0.4342683445696649 0.41483372446278122 0.39713462704966523 0.38288195749165399 0.36620511733092714 0.24981636977268376 0.33697118273437682 0.32458036949084379 0.30943186375655607 0.29755613938097292 0.28700485223912953 0.27749488661899147 0.26894029497811872 0.26122035770059177 0.25405607649026279 0.247078058757768 0.24000117950987992 0.23267373583764467 0.22522170904526057 0.21790017943095091 0.21095919907504665 0.20455898282473484 0.19874614937033896 0.19349786633524285 0.18876217405146728 0.1845353551706789 0.18086375784718833 0.17770922257270871
0.78576420777672329 0.75795664964784715 0.74313491445446389 0.72916015789138955 0.482496458282623 0.66885683398366735 0.631462539294257 0.59358993996610843 0.56623245004604983 0.54355544364578912 0.52154578668968476 0.49995548070614182 0.47869226356853545 0.45730677879850501 0.43620045133786212 0.4164051875148933 0.39889239930667003 0.38444043753019508 0.36133866526831498 0.34351967917509341 0.32313468619336738 0.3213986090248645 0.31022768907920267 0.29879520887963057 0.28828212795130498 0.27885264126050213 0.27043123791708701 0.26300297231444203 0.25636031432271961 0.24997031717144558 0.24310139596560409 0.23547673657830687 0.22738576775502842 0.21942587218322984 0.21210497340948614 0.20558492697309075 0.19980006117655116 0.19461287642311625 0.18992726584994246 0.18580152605070555 0.18248366173490471 0.18128040742980273
0.81584410070762492 0.79032240315962077 0.76647460467222683 0.70553034500246969 0.66940535297540871 0.64816319961276792 0.63036820539044847 0.59665530463115091 0.56868323339838156 0.54452726430409748 0.52281068757710303 0.50219585711955705 0.48217970101900581 0.46025916551104123 0.43724776788648945 0.41664410001870489 0.39886724994302336 0.38179225121892341 0.3649805159519191 0.34975380741999618 0.33494865976839638 0.32161264037771253 0.31052632370965844 0.29937161043452964 0.28899534743149019 0.2794838756668378 0.27105511837715984 0.26393068967081057 0.25862831369605976 0.25401233047460542 0.24784682171172484 0.2391898973257309 0.22976150844274482 0.22079123211109167 0.21278479745344353 0.20613290993889161 0.20050168430348961 0.19537054963567027 0.19066569995544277 0.18647397620867731 0.18296625718395282 0.18079530239886329
0.86505810353891621 0.83971345531293162 0.81404670661823852 0.77031542773486139 0.71774967387705113 0.66932406343360029 0.63313370104838451 0.60016252043352725 0.57399369768430308 0.55664882345861399 0.52312886797808267 0.50265579273919847 0.49399435313134499 0.46561064407879826 0.43413284483296766 0.41466326056299968 0.39743602046089627 0.38138715355141017 0.36625024551086971 0.35165759533461993 0.33732719712973802 0.32345537317842638 0.31074451207338361 0.29935057177610924 0.28894508352501636 0.27934317025007332 0.27056680409546385 0.26326870579745215 0.25895037113661767 0.26210354970962435 0.25971751223699913 0.2448436621251335 0.23371014453852182 0.22187612932782153 0.21174375346511753 0.20621441459568648 0.20099844944770334 0.19588753418116139 0.19106818418603022 0.1866457742217702 0.1826242956565326 0.1783695100823629
0.94542613575826473 0.91972741880320641 0.89332934241982986 0.83668256392098739 0.76393490030683131 0.70354742816103999 0.6445117947656529 0.60933914962852054 0.57968534165210295 0.55592755508400538 0.61048452919158591 0.52171511162149009 0.5752991202966482 0.44080155474085581 0.4268457517396515 0.41109380728089479 0.39509467826251937 0.3801319262044367 0.36686853306673906 0.35442698094929193 0.34069609171949405 0.3244383874749539 0.30974357207804998 0.29847904154663329 0.28895303475357526 0.27899912807621391 0.26897491007536561 0.26067120668043409 0.25440842654830237 0.2569205544190869 0.32735822652861479 0.2578184190500214 0.25684120491881968 0.21111788807142176 0.21005242187961398 0.20668788176817418 0.20164416475245162 0.19634471961715211 0.19130750150055487 0.18663922835881425 0.18225972547610431 0.17803676054065373
1.0808593182202437 1.0500936814708322 1.0027316742189494 0.91856060407770113 0.82832540162142509 0.72787927502423866 0.64614988906699211 0.63041206263003846 0.58707135016724432 0.53120523624374971 0.4895381040500239 1.3935682569048611 0.4372737758922447 0.42369235955117435 0.4223123726609968 0.40727393038687154 0.39157339081536374 0.37766424142685145 0.3664268417265501 0.36394224160567706 0.35440444314478192 0.32829825218772429 0.30655452567241182 0.29660837598608092 0.29344529735764846 0.27991596729065776 0.26560248968599454 0.25742180488960609 0.24859915087034226 0.23160473153115313 0.21974940302530302 0.6779817482606082 0.20521709765010135 0.20716537914940672 0.213541607692878 0.20878286904949656 0.20258530340853398 0.19666685857112662 0.19135510503968584 0.18654090358452757 0.18207907741998555 0.17794110969997357
1.313353228732143 1.2616479733796349 1.1505179153402483 1.0201631078723288 0.88667961420270025 0.56479143665217146 0.71198710077518046 0.65260062642444105 0.59917060727920635 0.56135306022105402 0.6524165392902409 0.50550252063617573 0.5755484828307833 0.45568232213076265 0.4243480100155741 0.40369266761244382 0.38635715261632647 0.37273089368077233 0.36680605307919112 0.36389598949288393 0.42281630034746159 0.36209741765012043 0.34365460806015152 0.31043031636081531 0.33084064034607319 0.26725284558283285 0.26104541744460819 0.2565974528015823 0.24869122791448742 0.2364335412886947 0.26865508414444045 0.27156386106282093 0.33139412992526662 0.24600677726971928 0.22422481721100962 0.21204345976828681 0.20332134572888705 0.19651600734407465 0.19101128583221197 0.18642146000998547 0.18176208930045518 0.1776323806837995
1.7745612428455693 1.6346932516431643 1.4308435689937764 1.1165635190282495 0.90261706404445552 0.82370047694297754 0.73475364883641447 0.66739247871881513 0.610197556983468 0.57776679345695237 0.54415495492198795 0.48987036080391688 0.47832035754147328 0.46540297944601533 0.43091641959536564 0.4011002365968207 0.37835950308225597 0.36455230658894811 0.35627991254264207 0.40223612703283956 0.30657169394267991 0.72182368944606623 0.65544984220138114 0.63043172836215233 0.26952247494210901 0.25917507588100541 0.26286797618888069 0.26134774557377882 0.2555237868109993 0.25244917772061209 0.25380287656601919 0.26948898737757371 0.28468655324990683 0.26673246773484333 0.23611130646872411 0.21154091776564898 0.20121497676071037 0.19190364289493672 0.19220315536643015 0.18610488430871766 0.18088051324394669 0.17681126354801313
2.8604213545470891 2.792480339083443 1.6072002359477107 1.2016463274773315 0.97554244225955333 0.84371440674494247 0.74550683070484025 0.66485025831923317 0.60708000394682571 0.56217357892346298 0.52343147061995454 0.49052486342150942 0.47118931939663466 0.4672582276661793 0.44929265686405817 0.39694901894078599 0.36464559403781949 0.36493839192613647 0.33813369675079696 0.31957011690369996 0.78119531067062375 0.63337947405893136 0.65397097221646616 0.69466077649644919 0.32797172049749301 0.28625898890749069 0.27738422042494154 0.27091923871539669 0.26445397257051351 0.25760273225482738 0.25205888521271463 0.25784565222462852 0.33406550088413223 0.30018875376075754 0.26146168022083333 0.23969423730748474 0.14155431518356837 0.20065286587313824 0.19425590062444509 0.18441833988773848 0.17902453183660166 0.17537136458883015
18.312802195533379 2.8160008902513831 1.7052180467752382 1.2303694895020549 0.98601649008189052 0.83727705831841504 0.73539364020307774 0.65915550773272957 0.59983035157615738 0.55295571464239801 0.51486362682191045 0.48469397162602723 0.4628322280338289 0.45625804997014002 0.54924025259102671 0.43907863264621583 0.39554343327841252 0.42375711930989646 0.3365619952116875 0.39609130748369742 0.32518708075725156 0.33062152294395347 0.33027245994617571 0.35738141728252176 0.43988320051510366 0.32702756490700718 0.29706110519680634 0.28064260218061504 0.27428809041060964 0.26578497218190078 0.24423329202264232 0.22075238203687628 0.20491990672737193 0.5654422648740588 0.59746407662733736 0.3052771053125079 0.20282215345541671 0.21279627296458264 0.18547797012438494 0.18383979707565481 0.17348405746669224 0.17145840866188611
2.8469035148018915 2.7810210003398734 1.6010800012586264 1.2007263556238976 0.97752045300649526 0.83380524207938567 0.73353467712483256 0.65901403133632952 0.60032035092643599 0.55237937165391959 0.51250513851429369 0.47905287991509837 0.44907087007037322 0.41167364568012693 0.38569519732930685 0.97723795169530581 0.91908543964304767 0.3380011562921747 0.33251456885894287 0.32883214351440893 0.29951474950252466 0.28432108108788001 0.29112247439442285 0.3146002461175601 0.33808305314942488 0.33957879270388258 0.31896212011271247 0.28241715181071603 0.26470932344787179 0.32203326944949595 0.24713325614792314 0.24806527682656232 0.23666157283612865 0.23206010164897928 0.25941812578338119 0.3202437498174393 0.66001812780911817 0.16570178444808983 0.17570043643156658 0.18743666963434899 0.18209180293355476 0.12057123832783571
1.7460298714956117 1.6105830670299395 1.4082507633679326 1.1024351002123498 0.92875162740139061 0.81000288333158488 0.72151835218286731 0.65364856050593156 0.59895971548753268 0.55189026458109192 0.5098967274715569 0.47303209916718897 0.44045152772694046 0.41598231763724647 0.47042882004771069 0.41280567977296301 0.42066027363581504 0.47196164743124547 0.35556773594591834 0.32402960992020929 0.3034266810077339 0.29045574673452046 0.28756634765336009 0.29495203020674582 0.30569331129916161 0.319301044950906 0.40358848710736572 0.28938247079045065 0.25268321092304369 0.21014898637796067 0.65014163812779457 0.20451043944672059 0.20937570230790548 0.22196783811770335 0.22864887085280639 0.2671819284269466 0.29183838578188298 0.31555208196554313 0.15449426020852897 0.20272916143596181 0.18639257918883342 0.11931460868273785
1.2683612420070738 1.2188799479761772 1.1111320545762238 0.98114216229959716 0.85186375331667441 0.75931373056450369 0.69141775617866641 0.63687946423353903 0.59197071166040871 0.54809579383219575 0.50459124137052369 0.46693016979691809 0.43802412530562534 0.41879432625562057 0.39431979351299279 0.36521804461177387 0.37158915017145849 0.38435939344988757 0.36509293092857753 0.33645732374285914 0.30594937084298673 0.28337277617466927 0.26518444679025083 0.26568750171662281 0.27152379896098566 0.27441904585971028 0.26056841005365128 0.76226025911367423 0.21864959362356312 0.24812362759331807 0.25404623569692303 0.31447932557887182 0.24149768683662007 0.23711534904574438 0.25684884970606925 0.27963215897382054 0.28916557057471909 0.25938025422556105 0.21939678679618457 0.19202438673803807 0.17741203798058933 0.16208211957597618
1.0187500214644281 0.99088578017928719 0.94543087159079087 0.85973531722228902 0.77755068882933687 0.70586758073322453 0.64833563285586826 0.60823966247540806 0.58629828076643198 0.55523671451751389 0.4924898461447223 0.45194313532810765 0.43379115306419741 0.4049055183000812 0.38498204544799119 0.37387393309825012 0.36993655189912594 0.36641716553485537 0.35702932839040791 0.34620914139355541 0.34026441480065078 0.2344102559998662 0.21396643761338791 0.19380778142008123 0.19573684346971545 0.1941089801409259 0.30609102810583755 0.30233533628640097 0.35222876518195345 0.26052170450113316 0.25214087891751608 0.25819900741837437 0.24998379087094813 0.24041637240570674 0.25569661924150844 0.35827101709135678 0.31054671645933052 0.2691090271360812 0.20505320522661946 0.19635892565560156 0.19284678982477532 0.121085027523094
0.864885887722046 0.84394106998543583 0.82360215287829364 0.77443537941749019 0.71256234224104142 0.65548627812470039 0.60816101954406476 0.56767602660297056 0.55005795159948001 0.67292432316125739 0.50783146173059801 0.49144914855296778 0.42132356452620068 0.38923823976098865 0.36490602316128318 0.36354148282323862 0.36684315454029176 0.36288580263218628 0.35133290704375997 0.34471544736976978 0.33381565595106477 0.31942066499947597 0.2996282909639284 0.17933715435653275 0.16556269619872316 0.26826438458997026 0.26776459894340565 0.27957963902051414 0.28241515796392702 0.27117062825384558 0.25631915445388481 0.24910520655800539 0.24048111005102199 0.2285184703484146 0.2112159127778595 0.23571276022488263 0.70774701321410471 0.26592377597313543 0.2016964833727698 0.20495828167011609 0.1757945202550607 0.16668072548693164
