outputs/Circuitscape/Land_Cover_Scenario3_cum_curmap.asc
ncols        451
nrows        316
xllcorner    -6.222126966401
yllcorner    49.837925530693
cellsize     0.011777559530
NODATA_value -9999
[rows 152 to 170 of 316, columns 294 to 335 of 451]
0.71989788152309508 0.70874779367216656 0.72157796466209567 0.86542411273491282 0.63511823519305766 1.6924209295078307 2.1236766409223122 2.2935385156200119 0.81589827294838857 0.55172162963027449 0.62402342076113992 0.65029798231247282 0.69714213260593705 0.68143603145303944 1.5482909311997972 1.6540650678912143 1.6377733539239301 1.6457657443990388 1.5421753801229829 1.4898894674614169 1.530328614991201 1.6262548505406915 1.5313112580475809 0.69154448838966087 0.67972721783245604 0.70238055169785685 0.68957473558156113 0.68279369444774085 0.67986142269402072 0.68022102418887109 0.70095765866980497 0.88984617702899182 0.7689967099100522 0.6814478817172156 0.70226543610169134 0.62187178145326294 0.63883641881405973 0.64231838754347947 0.62284135562936127 0.6183685597640014 0.61806735624589426 0.59403540826879242
0.69386567565300128 0.66650076298892102 0.66660045185114503 0.73174672624327974 1.641787951833634 1.7949354231157473 2.0479458547207399 2.0807816624220536 0.82041903234100899 0.6387697074961487 0.61090211589600463 0.61920179959789401 0.55738319874685383 0.58167523005194843 1.8115284569258014 0.95444552428307927 1.8696249620575207 1.7879715258245226 0.91630818009524173 0.85634299141037684 1.4775167539337104 1.5261041364613039 1.8185983573411935 0.8842338262243814 0.76902122539262718 0.73649801129114978 0.71930108901599255 0.70579391352672771 0.69381935374180193 0.67989299971300698 0.65376967778212769 0.63734028169454171 1.6452797231076297 1.6378351239865325 0.62590131787696812 0.63457605024179542 0.65431366379326961 0.6611999608300515 0.65777573464969652 0.4580166455317275 0.45792326534679134 0.65978727798984393
0.66489518007630488 0.62201156268953517 0.5985171455137277 0.70500095578148625 1.667314660208548 1.9231307653005842 1.9858108424327718 1.8514923071098943 1.8014642736874016 0.64620388978702137 0.62098774898063436 0.61427226017546377 0.65348951909281972 0.85768344108633077 1.0446495588742528 1.9875800398212302 1.830605980411359 1.6328158012352376 1.4633626589181632 1.4841661312266738 0.61017542371547484 0.7949521860230131 1.0361713350093835 1.2261483234697175 0.86790330000581828 0.78328844926767072 0.7505066748603928 0.72940798136620755 0.7107051131122023 0.68789315207757784 0.65462282057327681 0.71963191954437367 0.70358418624057917 0.7857097429968124 0.88635211845908535 0.70450869191963261 0.68121593238271971 0.67652409515383027 0.65254381770116465 0.61674281796632624 0.62425834320891127 0.61167894399762712
0.65838557006756504 0.56322956866212592 0.55645995773958701 0.6166782668648001 1.7987552450110824 1.9804879073964159 1.9791628664419565 2.033842233093448 0.75037704351048218 0.86994553460221136 0.65675186698251475 0.62815593837625605 0.72668466887254424 1.972830766051312 2.1259849449201007 1.7672520836772716 1.6795302979843871 1.8667792130331564 0.73335755782382805 0.55692684351843624 0.7575940014545901 0.90190034589648527 0.93546807758411776 0.93765436252476131 0.88611360110113002 0.81630952168724347 0.7797378680618523 0.7556780434008441 0.73423324696231673 0.71158249537403162 0.69443357277714668 0.67753397102968116 0.67165825874715668 0.70034859926555448 0.73477350399384389 0.73337355195444287 0.70698841143303692 0.68876483407459399 0.67569928240697674 0.6625397161878015 0.46562332506433912 0.63693949500451441
0.98033233652406571 0.64935880383496192 0.7959948075173009 0.84325725615813174 1.1912583565315895 2.2598087222638608 2.1197481355405698 0.91065107617872076 1.3593780296252818 0.890250663848141 0.86391072810250569 0.80997711244859627 1.3625357401723992 2.4690587056906024 1.009961316957009 0.89367362572008369 0.98295432557199902 1.0822875493345876 1.1462724767663943 0.58289407641558078 0.82631275941294691 0.85930598360501309 0.88550509681170486 0.87940794451072657 0.85460608170197117 0.82692783666865266 0.80414996996667387 0.78407711353713749 0.76344862409521785 0.74333395919687928 0.72260484818734527 0.67634230224021319 0.64279899339229618 0.6713841364675921 0.7243957852198496 0.74443823414962762 0.72760494651558438 0.70583509963667856 0.68509138996447538 0.64676345012586112 0.63816099329423714 0.6118355606208653
2.2684506915902856 2.0318322743899873 0.94279302452254943 1.9097877933383964 2.1159764049602554 2.0272567166077424 2.3333941518203694 0.88999189204657159 0.85052929541633615 2.0757483504851035 2.0523429614825752 2.3561718669226273 1.2082216050010763 0.89895285672337444 0.98620749302276045 0.87223313690461446 0.93408049992188713 0.99592853063970344 0.97451365346587382 0.88672769851193156 0.82047283603469279 0.85923944342378877 0.86914306185254464 0.86394974800814339 0.81519558756649979 0.82118353907270825 0.82604120379316204 0.81911341720389774 0.79256374895826054 0.77330662116867366 0.76498867644927437 0.73488422915558227 0.45064100896053699 0.43575281275135425 0.7531248447668617 0.76959276636200635 0.7580209523316539 0.7241008684782102 0.69099712119565559 0.66314756340316805 0.64409459744750852 0.62620598444585729
0.91047448724163538 1.1222816047731694 1.2603506160788471 2.1753690092606881 1.09641336672894 0.80766983454696262 1.5088520971452954 1.515816408796363 1.0702622159398107 2.1988177713189678 1.1512430133189255 0.87520262664276172 1.0216762035108768 0.90328901835284214 0.92924425251866571 0.93675005315532101 0.94193236513708367 0.95101463233692707 0.9369947310230563 0.90363588510174253 0.8764069749140645 0.8680278872066105 0.86982306986782476 0.87410776410845159 0.8672140064009255 0.60919080559969752 0.85668209176019416 0.84682300902797758 0.81957228705467178 0.79658481463119901 0.79022022779647161 0.7777273839320209 0.49104724532896443 0.44283100921125518 0.49820718970595257 0.81489563585278257 0.80243834540079795 0.75687822630623269 0.70664198178534954 0.6617472774172044 0.64174181985579604 0.62740813458915234
0.65251762561245064 1.9167767589029105 1.971901201991042 1.9972959203083476 0.73170863846864609 0.66693678770357068 0.75642258909768356 2.4410325148910421 2.1604566409663484 2.1682196947629686 0.87060173787764761 0.85252331707655082 0.94251053077241997 0.96240433113797974 0.95632264958784452 0.95599426702673429 0.95395939204429003 0.947343324213066 0.9330549408352915 0.91266720686935154 0.89364018848279814 0.88070058870604051 0.87323502345551685 0.87162818396171349 0.85033594622467501 0.82776810837917014 0.82867387715173102 0.87399130132936442 0.85490110221778148 0.81095387613670633 0.77708228437349802 0.73773435838546031 0.70840470294557178 0.6633413524988756 0.55423050820683972 0.82332340431892881 0.91389717887297373 0.92488310458432088 0.6822464851382416 0.65007625875497177 0.63808537085343398 0.62797169543650566
0.91307329197566267 0.96408933306399236 1.1138591019777278 1.1117199987009283 1.0704802770705659 0.77345679115205868 1.1070126821577306 1.3156128205212252 1.3785799495961761 1.1245952045728642 1.3458085604034438 1.0488512388171944 1.0091489728305918 1.0008703062576378 0.99068809113374323 0.98036718652142363 0.9701506173288883 0.95669311837661031 0.939675213110306 0.92085368700482872 0.9033658434373204 0.88866744759411354 0.8757582567109401 0.86005920741425834 0.84029822683397404 0.82091379495461725 0.83760696322892425 1.066067541749347 0.91605543818172808 0.88939842876359054 0.7112984362097905 0.70968418313356962 0.71116903493598604 0.64752649371884952 0.57760768508481486 1.7126951906318055 1.6992485316040038 0.58323880908113679 0.61511101880542851 0.63661556955108312 0.63417282726136492 0.62861297107020886
0.7937793839804026 1.0700429910293208 1.0271194306819251 1.1653313570103849 0.96541406179597833 0.92961888013498362 0.69258863726563913 2.6754400941241494 0.88748837245991608 1.0955502867529807 1.2021504056288088 1.1498806852197563 1.0813632342027562 1.0481481434089994 1.026396824311244 1.0087942009730539 0.99163686730758149 0.97185951688704297 0.95007696200717962 0.92889078719968143 0.91118376071661911 0.89661776698310991 0.88141494579618063 0.86177983867531005 0.83542342683507864 0.79828229125105532 0.74241255645616477 0.80716443833614315 2.1318373108500315 0.74364266216291952 0.65814921961418238 0.69391576331954741 0.69624440421828648 0.79821837072552082 1.0152808776427942 1.1899834144985282 0.75314468701209081 0.73763645013284285 0.64170662061387906 0.63187730858133684 0.6327036188795323 0.63005923011813458
0.73756669409737463 0.73635004090458933 2.2999571451978107 0.79274911956944483 2.4621638985340581 0.47223957571472186 0.61354359170808292 1.173911757707454 1.1403150701181011 1.3306609054218115 1.2606868744032789 1.1836248264073508 1.1307626625696974 1.0912512336533235 1.0630028093140891 1.040061515258301 1.0176689462790842 0.99274587137354509 0.96241308448769469 0.93452519705633286 0.91700414339379399 0.90683592790872558 0.89496997582059512 0.87519981445261108 0.84402905561554253 0.79808161246053 0.71683612132811869 0.7726584843366735 2.1637662284946488 0.74611631354680386 0.68986258367773234 0.70957869161384957 0.68410348110319219 0.65614530395670478 2.2225397608145614 0.838343357005087 0.72154683181728652 0.7939365126814425 0.6350174284347494 0.63255285398473693 0.63546256693815606 0.63329834835653653
0.78121065331009409 0.94656958680013381 0.94759081018248881 1.1958886045922383 1.230703932597913 1.1104822460135968 0.72068703774428311 0.82206922066834387 0.90781387430986293 1.3273543456925054 1.2759760353396732 1.2109548054645416 1.1656292616412081 1.129238963380033 1.0996979535143747 1.0738430786419357 1.0497073537207753 1.0209496809160581 0.98532385648055065 0.9188068176966534 0.90814115561047004 0.91578897360887801 0.92862655467255073 0.89937790448000932 0.86677649856727468 0.83111695313528777 0.80478529938633026 0.97862286818757505 0.95217607702172657 1.0431359625011685 0.58266611278650471 0.77480206142881147 0.76746487882135195 0.95971041908713239 0.79845134979053212 0.83701524786391079 2.0246430009316043 0.58326455140191724 0.60716533771281322 0.64166899012707168 0.64420075476796601 0.63847929992264296
0.83387418816845515 0.88282342486290877 0.96216806000401656 1.0891076623741824 1.2213891578155665 1.2683858525642699 1.1950993254131905 0.71364620479002716 1.1519697002646276 1.2147971469091836 1.2550182786424142 1.2309771004497203 1.1985515049258684 1.1666413099573067 1.1365090491558578 1.1090729267005499 1.085468730614132 1.0654484319750237 1.0156551023848008 0.9556890844572048 0.62953812503103346 0.98325050653764379 0.97425767193691171 0.92877473909492625 0.89709799727594741 0.87316312589477985 0.87400718639678798 0.88344018504944899 0.89578830690454647 0.87448373819635106 0.8439825376076725 0.80040707408563039 0.85091707569735309 0.87235723899686679 0.85516527599593606 0.96114065853953068 0.8392650987525383 0.86643005659039862 0.68231779473967169 0.67451909695461443 0.66169802288547541 0.64180658365943366
0.84201353119310329 0.88561639428886052 0.9586250823526179 1.0619972684566532 1.1713405440386524 1.2508125040745883 1.251187481877172 1.1928775180722568 1.1677244645543876 1.2508875181321164 1.2680150696306689 1.2604577433644975 1.2371834259095256 1.2070359145128353 1.1743454629543568 1.1433969384649851 1.1183155624544712 1.1104329465396796 1.1140062762321268 0.72220346671049773 0.68787720755831228 1.0014920085183454 0.99598383491605769 0.95496583608008589 0.92628659383452938 0.90470686311317017 0.88924029715880515 0.87557318845966337 0.85873385294944071 0.84317459877101442 0.8146681495250907 0.9471529707706362 0.92523828021775523 0.9991118844693837 1.1006540460567458 0.79377479138461471 0.8601157151001495 0.83328752834066055 0.79228701711596128 0.8094986424387749 0.64619133017435337 0.64095683584140806
0.8412262794577825 0.86695776276646175 0.93276953018786324 1.0552060634961034 1.1894621418087366 1.2800445468412207 1.326604449546906 1.326135163081003 1.3158518755946811 1.3169462920793842 1.3186829795847139 1.3083765212857692 1.2870776736823029 1.2539565323613711 1.2142494420071865 1.1748244713763438 1.1426738956722711 1.1213256448583002 1.0700549473774983 0.9927260594449594 0.95558579902507268 0.98244531661676793 0.99976821785017389 0.97782640330721304 0.95287059692063403 0.92847752941665918 0.90387159592103483 0.87640905562966842 0.84295496114033786 0.80923534814537168 0.86123114371740805 0.70701755000680555 1.8667361952842112 1.8572168852162192 0.77087961087448287 0.66161900059494427 0.63575184082396741 1.7062238181375007 1.7312607143345489 0.60116486110286271 0.60883549749134702 0.653676724925772
0.83200605863816723 0.8322271050749197 0.8296871083104147 1.0371432196209605 1.2506648623383478 1.4049814722495844 1.4651179400020444 1.4660228457360103 1.4313688245269827 1.4031754095009814 1.3893027804277089 1.3772265453566037 1.3540722504034948 1.3123872820527223 1.2586044040006317 1.2039260217763268 1.1591790329274054 1.1227190886677074 1.0885589550417833 1.0564883916976624 1.035966742680972 1.0275459752808649 1.0196394808006717 1.0039805148022389 0.98083141661980822 0.9538180681635533 0.92329085510718223 0.88736588147793749 0.84453239443101857 0.77633408379769209 0.71465688199984223 1.8714628030332228 1.7883514972138252 1.780684149981816 0.77987486445483456 0.64580730059275482 0.85468798543358271 0.75695274090201459 0.73856569723359311 1.0422719679321952 0.66961125486330741 0.79373218810847646
0.81470657161971938 0.7990364098579541 0.75025369828055688 0.45923330779533095 1.1667565947054555 1.5938805134759844 1.7315267983608744 1.6512670722159826 1.5223063511880239 1.4755801089357381 1.4747091284326137 1.4732143571209091 1.4474443885368991 1.3906300558045714 1.312709160304961 1.2324927061187481 1.1725626394975601 1.1373542002518997 1.1186090533446691 1.1030314262328453 1.0897988597243109 1.0751152291330421 1.0575408289008643 1.0366694261312064 1.0128098498662512 0.98566311440418919 0.95164976183323446 0.91205354880422351 0.868355670752057 0.83730793002798087 1.026462279642411 0.86842068540152484 0.88660730835592649 2.2495607983324799 0.72768584830679028 0.68573538856868799 0.72121430625563154 0.68994587182044831 0.63671911788879565 0.61718131138762766 1.9337551156943105 0.60779503049149886
0.80366900843262434 0.73517498471513387 0.69475022376631657 0.29524981465814443 0.24854590405535015 0.87154989003258598 2.0974911752999521 1.7908517775555208 1.4962045735941634 1.4922013563825032 1.597050615440156 1.6267075366544965 1.57552640438744 1.5124197643568691 1.3953929798620943 1.247791542956231 1.1078623901003251 1.1288663831396815 1.1583680978449349 1.1729110339011635 1.1505930717502564 1.1270485893377864 1.0998869607111903 1.0736689472601721 1.0494933654154348 1.0254561241344788 0.9984657442890652 0.94542509642107542 0.8737776325352028 0.82603338094581746 0.85351364155479692 0.89835475570791778 1.1171002150541314 1.0261741023606961 1.0034920824164599 0.78197085056631332 0.74353401529025387 0.72076759627605225 0.70932623929344407 0.87243252533692417 0.74131250846806063 0.77615250450751416
0.81168750908092568 0.75988766377514128 0.26549422526555 0.27666458993662746 0.21251953334822946 0.51821334931654317 2.0060496925507696 2.060232285677897 1.1106877651918157 1.1162795601149393 1.8789002819006191 1.8116641701735476 1.7504275337070809 1.6495433675440099 1.529357389492219 0.91558231560241532 0.76458865912175433 0.81838328380907499 1.2599714027337408 1.2580348492889617 1.2206379644778833 1.1858569363518936 1.1419289064650564 1.106393636459353 1.095257645885461 1.0713872305501646 1.0417536855851861 0.99407149876863166 0.59709293195263069 0.56174724087555661 0.91401291870902124 0.95875343516060663 1.0047148532385854 0.97250931874174462 0.90473719411668629 0.83846941282327925 0.78326116795534229 0.75718508524138661 0.7563472673638405 0.74719081995822978 0.71739198640697843 0.69240462494687449
