0.0 1.0 2.0 3.0 4.0 5.0 6.0 7.0 8.0 9.0 10.0 11.0 12.0 13.0 14.0 15.0 16.0 17.0 18.0 19.0
1.0 0.0 1.61687068710201 1.624852031027727 2.1496710931869654 2.136252543969328 1.8369663827861356 1.2655062589575308 1.600875604368544 2.3327445364276223 1.4929785620489537 1.8773225336099622 1.3141797474483181 0.9176883715819746 2.1133022926678064 1.8451498724973259 1.8412126703774812 1.1603454106667248 1.456318450837338 1.5255026653356625
2.0 1.61687068710201 0.0 0.5969746259490929 2.7215157135563146 1.1806984793107866 0.8525650519575174 0.9728784645565673 0.5317898223948917 1.3754823948022925 0.8116202936209673 0.9146239969300332 2.0839410835330368 1.4780807806956513 2.876832191829667 0.8612235906946796 0.8822271651260158 1.965047194671367 0.74328611753114 0.9169620836352466
3.0 1.624852031027727 0.5969746259490929 0.0 2.7291164378123898 1.2002787791406075 0.8671839658285789 0.9759426892565015 0.6616127699530108 1.3940454440588708 0.7958494967690193 0.9054505227584295 2.0918819538691595 1.4857238264181079 2.8848332887089825 0.8901261492441014 0.8666643176107238 1.9729860790602918 0.7624753147300486 0.9449977898675201
4.0 2.1496710931869654 2.7215157135563146 2.7291164378123898 0.0 3.246834192938128 2.944306064393496 2.3591748717410477 2.7054541643843835 3.442987923994661 2.5937605102308723 2.983549117054197 2.474368024835359 1.7860583791657025 3.2745489643177415 2.953363275739345 2.9470034895127166 2.3772238555328054 2.55907046926252 2.629382429971304
5.0 2.136252543969328 1.1806984793107866 1.2002787791406075 3.246834192938128 0.0 1.0368527801025964 1.5177635450959817 1.1987711443932876 0.8428462945370303 1.35591704692437 1.1726761565307018 2.5997880749702076 2.0038849387124644 3.3893914443670723 0.9966452345480883 1.1895326075889443 2.481806428579341 1.320397792026375 1.4809857044426016
6.0 1.8369663827861356 0.8525650519575174 0.8671839658285789 2.944306064393496 1.0368527801025964 0.0 1.2031776777752654 0.876513316187564 1.2284859683643152 1.0329397805356733 0.8449159044965648 2.302598419245709 1.7011315049341968 3.094075946161155 0.73627214149552 0.8530446481197724 2.1840770934950346 1.0012760833416383 1.1665542898421402
7.0 1.2655062589575308 0.9728784645565673 0.9759426892565015 2.3591748717410477 1.5177635450959817 1.2031776777752654 0.0 0.95924618420944 1.7127677104366228 0.808237289799904 1.2366679192493852 1.7328758924578591 1.1151492116117876 2.5285643449492716 1.2164518119372456 1.1981064058810564 1.613557437770679 0.8111489946989334 0.9153466058908398
8.0 1.600875604368544 0.5317898223948917 0.6616127699530108 2.7054541643843835 1.1987711443932876 0.876513316187564 0.95924618420944 0.0 1.3940809664569196 0.8124727052360529 0.9432053544136998 2.0681475841825936 1.4619587630541744 2.8611687707321067 0.8773023799185216 0.9122521608326122 1.949210265749493 0.717248649130359 0.8807354028658483
9.0 2.3327445364276223 1.3754823948022925 1.3940454440588708 3.442987923994661 0.8428462945370303 1.2284859683643152 1.7127677104366228 1.3940809664569196 0.0 1.5499067379538216 1.3593106568893636 2.7963101438960063 2.2000233986628928 3.5859627998102885 1.1973806706616599 1.3777970715964778 2.6783646505288408 1.5152436204839836 1.6763329300982373
10.0 1.4929785620489537 0.8116202936209673 0.7958494967690193 2.5937605102308723 1.35591704692437 1.0329397805356733 0.808237289799904 0.8124727052360529 1.5499067379538216 0.0 1.054571302664532 1.9606603152798052 1.3502703096730377 2.7547729396726846 1.0535116750919884 1.0127016041196106 1.841526356568034 0.7173461003105424 0.9000428137770442
11.0 1.8773225336099622 0.9146239969300332 0.9054505227584295 2.983549117054197 1.1726761565307018 0.8449159044965648 1.2366679192493852 0.9432053544136998 1.3593106568893636 1.054571302664532 0.0 2.3432798277785283 1.740368625094115 3.135184692247507 0.924109117570233 0.6765724563596146 2.2246627721650567 1.0427263844118486 1.2132132044521846
12.0 1.3141797474483181 2.0839410835330368 2.0918819538691595 2.474368024835359 2.5997880749702076 2.302598419245709 1.7328758924578591 2.0681475841825936 2.7963101438960063 1.9606603152798052 2.3432798277785283 0.0 1.2794292016728044 1.2859083974141163 2.310583188711442 2.3073474148859248 1.1165232209159095 1.9247598807382187 1.9950492198758196
13.0 0.9176883715819746 1.4780807806956513 1.4857238264181079 1.7860583791657025 2.0038849387124644 1.7011315049341968 1.1151492116117876 1.4619587630541744 2.2000233986628928 1.3502703096730377 1.740368625094115 1.2794292016728044 0.0 2.0792775906573104 1.7102065077154733 1.7038090267604158 1.1739852108469413 1.3152753335540386 1.3853086629067326
14.0 2.1133022926678064 2.876832191829667 2.8848332887089825 3.2745489643177415 3.3893914443670723 3.094075946161155 2.5285643449492716 2.8611687707321067 3.5859627998102885 2.7547729396726846 3.135184692247507 1.2859083974141163 2.0792775906573104 0.0 3.1017516867961183 3.0994476413028176 1.9115879848314776 2.718861952545226 2.7895093606540984
15.0 1.8451498724973259 0.8612235906946796 0.8901261492441014 2.953363275739345 0.9966452345480883 0.73627214149552 1.2164518119372456 0.8773023799185216 1.1973806706616599 1.0535116750919884 0.924109117570233 2.310583188711442 1.7102065077154733 3.1017516867961183 0.0 0.9259952020019968 2.192123870075932 1.011674715310118 1.172219242965741
16.0 1.8412126703774812 0.8822271651260158 0.8666643176107238 2.9470034895127166 1.1895326075889443 0.8530446481197724 1.1981064058810564 0.9122521608326122 1.3777970715964778 1.0127016041196106 0.6765724563596146 2.3073474148859248 1.7038090267604158 3.0994476413028176 0.9259952020019968 0.0 2.188681431345681 1.005784743299182 1.1778221606326058
17.0 1.1603454106667248 1.965047194671367 1.9729860790602918 2.3772238555328054 2.481806428579341 2.1840770934950346 1.613557437770679 1.949210265749493 2.6783646505288408 1.841526356568034 2.2246627721650567 1.1165232209159095 1.1739852108469413 1.9115879848314776 2.192123870075932 2.188681431345681 0.0 1.8055291325755354 1.8756306459379486
18.0 1.456318450837338 0.74328611753114 0.7624753147300486 2.55907046926252 1.320397792026375 1.0012760833416383 0.8111489946989334 0.717248649130359 1.5152436204839836 0.7173461003105424 1.0427263844118486 1.9247598807382187 1.3152753335540386 2.718861952545226 1.011674715310118 1.005784743299182 1.8055291325755354 0.0 0.7413338495600721
19.0 1.5255026653356625 0.9169620836352466 0.9449977898675201 2.629382429971304 1.4809857044426016 1.1665542898421402 0.9153466058908398 0.8807354028658483 1.6763329300982373 0.9000428137770442 1.2132132044521846 1.9950492198758196 1.3853086629067326 2.7895093606540984 1.172219242965741 1.1778221606326058 1.8756306459379486 0.7413338495600721 0.0
