outputs/Circuitscape/Land_Cover_Scenario3_cum_curmap.asc
ncols        451
nrows        316
xllcorner    -6.222126966401
yllcorner    49.837925530693
cellsize     0.011777559530
NODATA_value -9999
[rows 19 to 37 of 316, columns 210 to 251 of 451]
0.017049367443051803 0.017786028530641641 0.017293183479240883 0.016174637656905199 0.015502150858035049 0.015223619777269911 0.015249612330270765 0.015249749289327919 0.015093130660118451 0.015131153533061837 0.015607018105019969 0.016115939217105749 0.016336854650691721 0.016305630718552885 0.016180175607117493 0.015335102191856681 0.013753171489066171 0.014323303274766962 0.017203289331472978 0.023134287127356587 0.034937475512198703 0.1334988998884144 0.15234001272594236 0.1763676477885342 0.19348671991277208 0.19769020909563523 0.18001004160012796 0.12121390566687321 0.14186176059651773 0.17399723526802743 0.2247807411239266 0.21919330427151223 0.22354980372288602 0.23114848476718475 0.23973597593849449 0.24646687678468257 0.24770053316112089 0.24257847976845079 0.23457173298944783 0.22778973670568681 0.22335520481595963 0.22051798130114275
0.019874617174612794 0.022561893878184452 0.018256347867849309 0.016369935984624488 0.015509171506762514 0.014902330460842685 0.015726573927199415 0.016189316679077248 0.014876240193928783 0.014420523184027277 0.01641703544999475 0.017214367027181224 0.017121922974454286 0.01708297736475075 0.016944643091851574 0.018499181623349063 0.017083626847298323 0.023170948023595043 0.029406516547432201 0.04894673438776085 0.15493533796687542 0.12065697895912725 0.12395362786940547 0.1366267289136795 0.15304384570297613 0.21200427262866561 0.20198752037570405 0.21939351169778842 0.24577733969729634 0.27399662210911885 0.25159379248437685 0.23704817314531504 0.23406203982277501 0.23594872017661303 0.23927390367485496 0.24170370669424368 0.24159671822649498 0.23863562329933308 0.23395539620899636 0.2291516386102013 0.22520637485291845 0.22231833569745119
0.080263793971648678 0.046336836565780984 0.031901761842024964 0.02864697384549781 0.027323608292875001 0.026190824499099701 0.021639680521995452 0.029349485062971137 0.020151040137448815 0.019370057294583187 0.021371682331922517 0.016815977049651987 0.021458142653328002 0.029693922873330392 0.046401299692331976 0.043653122030609753 0.083847087148617536 0.091849108873154076 0.10494030281326969 0.14716542252210074 0.19881005093442539 0.20621787178521278 0.21378305763903052 0.22386544105192802 0.25097816700117481 0.21521131138865593 0.22525789518160666 0.23983675525922094 0.25763362492482189 0.26485145043086061 0.25658776344402923 0.24527569711942793 0.24054630642942493 0.23944776682369814 0.23977744448941302 0.23994001674448082 0.23895281954902875 0.23655096779494944 0.23312701519259277 0.22938475207553494 0.22595065474963388 0.22323167109116215
0.21042337850663617 0.14864714392816877 0.12491513596509408 0.11619454384890293 0.11268318546458457 0.1096069372362426 0.10752977987913823 0.075551823874808716 0.10334215361128971 0.10202270753283102 0.070425301659619646 0.052406215980694754 0.040705151317541967 0.13819932135011273 0.15230020068972991 0.20434086369038357 0.20958589960759227 0.21783366873639312 0.20628283932816419 0.2221864929531871 0.25331210531718495 0.250179218105618 0.24230108975862552 0.23986483616486143 0.18160363602412105 0.23660350691549359 0.23729653200435352 0.24276579168867218 0.24965007560428429 0.25314993957272791 0.25144175775041638 0.24718858560460485 0.24362738830632377 0.24168226716870561 0.24060782109166143 0.23956716680484136 0.2379699690585213 0.23559955848809805 0.23258170708611825 0.22924723547660827 0.22597844284324339 0.22317115527389575
0.25127747206962414 0.28129549782548502 0.27078880787681014 0.26307417858534415 0.25918764595685562 0.25698621860883897 0.25855969175752425 0.26887288893919581 0.25562162656814313 0.25815371065845566 0.27646822601166732 0.29209270931958486 0.13021533344661462 0.23484833539597777 0.20198110759482826 0.24277460487567226 0.25640254390497369 0.26051517784144385 0.26800967164307693 0.19073316702036336 0.3604961792321712 0.25858391492853655 0.24735046773927077 0.23639008639880266 0.2640018478508902 0.25270465758974286 0.24356670878035031 0.24293351300439187 0.24662726745457092 0.2488291710065994 0.24872087076343033 0.24701496676549561 0.24490761824288737 0.24307799576224634 0.24151528076252565 0.23989183259377639 0.2378957452730609 0.2353810829425978 0.23238079522427668 0.22905474082308303 0.22560750201612828 0.22223361872316244
0.25908631575840785 0.2799489710529125 0.28698960459425882 0.28718090018820475 0.28690891407426861 0.2872951026577108 0.29087418079903682 0.29339101713975974 0.29238249181138348 0.29655765156341929 0.31392593670357943 0.3431036472040051 0.70699157795422907 0.25273435737399419 0.23567060395466549 0.28383295097751121 0.27648234264236821 0.28466402345364972 0.30654328649887713 0.69263400493054805 0.23388576656803217 0.2598090674573964 0.24773599039485195 0.24601670209079965 0.25304950691236006 0.26266812586511462 0.23408507603196055 0.24238921097261795 0.24569937558981852 0.24743228604620207 0.24774761294795988 0.24699793555428945 0.24568486879117532 0.24416735380081081 0.24252866425870648 0.24065981607341913 0.23841129200014341 0.23569592740158385 0.23252457183100944 0.22898367063106501 0.22516693631396634 0.22105331146924717
0.25907905430591333 0.27162220881254845 0.27978073076468224 0.28420967807711167 0.28646000256010806 0.28814613170134307 0.28982824722082307 0.29109671026821615 0.29222340823383142 0.29491319643259006 0.3034700393011085 0.34564432203986939 0.174709599719794 0.40884662154779206 0.35140864300710617 0.30553330212622853 0.28665897036506049 0.28915627903632313 0.34046743371797983 0.17020469282517131 0.27282700372938451 0.24653939854625573 0.24376167977082844 0.2412796348920106 0.23691107895401892 0.17821414168264424 0.23777514528310129 0.24353041257987906 0.24630186070868271 0.24760423504337919 0.24792120341654608 0.24749525013985257 0.24657604852561732 0.24532550914123818 0.24376859927441102 0.2418338843124451 0.23942838595955274 0.23649766628978142 0.23305704878308287 0.22917448301633586 0.22493898768200643 0.22034700129640267
0.26356627964230911 0.27197367181202203 0.27872942640197773 0.28343973771617931 0.28645001004798776 0.288380309689449 0.28959430597964858 0.29017309449228557 0.29015970178454387 0.28932006941920763 0.28763580827404134 0.26536046885346909 0.23002024345018113 0.29369165891011162 0.30988230959492702 0.2965754225894438 0.28069311137684266 0.27463711620603543 0.25118626278932116 0.19934049477512297 0.21253326520287719 0.23643785325125641 0.23693989908598939 0.2364955651630502 0.23017189919465866 0.25548852882375633 0.24715692921427146 0.24701028625022869 0.24808483637270562 0.24878908420380882 0.24885325396824592 0.24845197953373407 0.24775089433191153 0.24676203089605031 0.24538484431962246 0.24349583243647216 0.24099659456901903 0.23784406488365339 0.23404994096000223 0.22970630559990132 0.22499727532065189 0.22016752874023632
0.26920827960038374 0.27502767409629147 0.28031669404248416 0.28447948868458545 0.28740314558525781 0.28921321030919261 0.29003802547098045 0.28988591169687405 0.28855167033621237 0.28527767568623985 0.27731458716906332 0.26604005219800053 0.26246061909946539 0.27034067690625063 0.27743639437281875 0.27446790317547931 0.26597071016280821 0.25475216630841307 0.2384855084148147 0.22360585861090398 0.21990439383694141 0.2256707218615201 0.23136304846280148 0.23385341209350724 0.23922939677764543 0.2493934564884005 0.25232249146580632 0.25002220547688864 0.2505746877481278 0.25070973113608724 0.25022362399491005 0.2496426338904556 0.24918136525820028 0.24858753757947455 0.24752376740245446 0.24578252478041038 0.24324972940292611 0.23986626422113944 0.23562060102484361 0.23064053098677861 0.22521996204517014 0.21986631869065032
0.27438297257953398 0.27882603255265026 0.28320714863182023 0.28684167098828828 0.2894594836320899 0.2909906849099298 0.29141834410243161 0.29067072975594754 0.2885330062010546 0.28455366489707307 0.27869755314868683 0.27262176070920613 0.26895523666586596 0.26801783075896368 0.26669364099286252 0.26185435936202434 0.25357115275714004 0.24394397471682483 0.2338181014448692 0.22588920890423575 0.22260849469464392 0.2237267460270726 0.22715333198302712 0.23141264247889551 0.23678306450573738 0.24271092446360393 0.24799338265409521 0.25209403874055802 0.25415661734494643 0.25345995323805515 0.2514528405134191 0.25052851490883599 0.25077624142798227 0.25093863296123298 0.25036034873699231 0.24887332044775351 0.2463843355100947 0.24278524074542873 0.23799618463003858 0.23215817383615669 0.22578731676718145 0.21940459882645558
0.27871622624760933 0.2828898104247487 0.28695789322466575 0.29027858766922737 0.29261385978157994 0.29385532785605312 0.29393694030871975 0.29277851749009887 0.29026646268573175 0.28635007353624087 0.28130837086456117 0.27589766586450881 0.27089422088057746 0.26628485907263688 0.26116367694798515 0.2545903921575024 0.24645145671581559 0.23762802507579875 0.22959346819997864 0.22364680815598903 0.22062174523786815 0.22055152521179996 0.22313966836712293 0.22741012314685169 0.23255928701178225 0.23820187401475457 0.24457215879059105 0.25474428164622298 0.26297316616583122 0.25765736255241539 0.24988486095932147 0.25023150772485869 0.25284225048847125 0.25409979354863926 0.25411214472073707 0.25296708756323583 0.25063776643332758 0.24693674939740357 0.24165391630317545 0.23515478560535208 0.22762079121415146 0.21937664438939017
0.28315753321199882 0.2874045517256818 0.29152599446907829 0.29473877015480049 0.29687415847151272 0.29787270061822563 0.29768059522089302 0.29624061785774886 0.29351047901447558 0.28950734511853821 0.28439510979753174 0.27847744400300906 0.27202486286507543 0.26508462841440972 0.25751102302476553 0.24925901875989365 0.24063366823006849 0.23230473265401042 0.22506605833516793 0.21960692261295489 0.21639066431638293 0.21573588473842709 0.21794755928440171 0.22247576534455688 0.22790704005054355 0.23356406309008998 0.23928976018261935 0.247184864937745 0.26249109686429056 0.24822843099757597 0.23719474710703969 0.25134017403000997 0.25632202153831785 0.25847871484480844 0.25898189236605834 0.25821769444164888 0.25622931920613679 0.25273972229040642 0.24758490414376066 0.24098696412855891 0.23157152621546545 0.21994739846122352
0.28921470639465474 0.29311956905991127 0.29709470191779003 0.30028769576769887 0.30227532445632338 0.30307686775380627 0.30267305935738642 0.3010254291134985 0.2980982526838637 0.29384832649627979 0.28829482017594271 0.28151118596622382 0.27358921897604321 0.26458125019209883 0.25470996613757141 0.24448829172860739 0.23462604862133998 0.22589260038092968 0.21882421471910807 0.21361744943035668 0.21034423767230465 0.20935437183265213 0.21143243916208457 0.21668190947311702 0.22309463927189155 0.22925764339693558 0.23348658982713943 0.23261473753321535 0.16874308980877378 0.17220495172934719 0.24660412498752465 0.25727978571684906 0.26215434106772995 0.2643502518337843 0.26503545047777449 0.26463173252681443 0.26322957324177604 0.26052566899255392 0.25671717319406751 0.25140729290961722 0.24083468160951427 0.22306616366057264
0.29771955662157612 0.30080473294607712 0.3039312186277966 0.30703003383475114 0.30885467809907929 0.30947890869413763 0.30891458098280733 0.30712736379605199 0.30404232058915903 0.2995182528332071 0.29345894361946168 0.28615144476756948 0.27707739133181503 0.26596904025280388 0.25308958072026594 0.23953071131353093 0.22746509834406548 0.21777614352344871 0.2107012620312626 0.20575727811777977 0.20247755092373709 0.2011707585276058 0.2032501225883504 0.20992241302815587 0.21848168018840763 0.22652081787950507 0.23188940928082091 0.22787587664332049 0.24787009729309331 0.27311921725090976 0.26700271010636728 0.26787483787835198 0.27018770039618656 0.27160700818864431 0.27209195407443237 0.2719649562680998 0.27139757132042353 0.27020075320747972 0.2688952358393738 0.26761057264172672 0.26534342946911971 0.24201303896751181
0.30874402915790439 0.31051229070668773 0.31223595022953265 0.31503707683955695 0.31661564879709225 0.31705343425324006 0.31638344567918114 0.31456088636812796 0.31143945064702089 0.30676089104767418 0.30083554837561371 0.29365528267262969 0.28391918382353293 0.27087156991783523 0.25415661641980442 0.23500680015800435 0.21784542038198867 0.20681161465836034 0.20054100114435347 0.19653331821242828 0.19300460666542368 0.19062923432540879 0.19239632935564338 0.20172035610647188 0.21444883525525871 0.22627615832596998 0.23535527154485017 0.24553990795721725 0.26363974990093031 0.27945121032701936 0.28079553322187079 0.27875367026136538 0.27948762328482202 0.2798444447270052 0.27969499390632524 0.27964676235639818 0.28008817057499019 0.28095785583207022 0.28281267898613294 0.28777617089573265 0.29899773187399886 0.34484198636175167
0.3218538283770529 0.3218357382406718 0.32203405972325666 0.32429833486025239 0.32548846238497164 0.32570811904843683 0.32500678247966502 0.32331748284935558 0.32039983961646368 0.31592331516288419 0.31117192531751736 0.30454852003009059 0.29473563742468778 0.28065192079977602 0.26028548476311436 0.23217805927906934 0.20381396672188079 0.19032282498903097 0.18879677451706534 0.18793117689457864 0.18284831121209619 0.17687858036470588 0.17661525475144005 0.19078398642140823 0.21208485909558666 0.22984552097660232 0.24126722630734804 0.25220986728196287 0.26527980365503834 0.27739059335402472 0.28526415364187607 0.28885097763686424 0.28974514187955819 0.2887980498801993 0.28705867166911309 0.28662114995439136 0.28840125285442614 0.29152287931770876 0.29630115044669053 0.30676595885937652 0.33006117095733584 0.37999493998718753
0.33650260359899459 0.33446111489491026 0.3332363735028247 0.33469145162366826 0.33529115270348692 0.33524316827846962 0.33461317511852351 0.3333096075656089 0.33099906604162682 0.32752579321915076 0.32450083312613309 0.31897270215790391 0.31023970865712169 0.29660198270950194 0.27678085107260969 0.23919975621684553 0.1810205963283506 0.16143721907071829 0.18071902198768636 0.18764113781577674 0.17217283543268291 0.15942363656246292 0.15487743283231609 0.17574837132080889 0.2213739918926298 0.2419127198896226 0.24554147283414576 0.25442500375613558 0.2676442427248788 0.2820637466571414 0.293966480494956 0.30087327860859564 0.30225274673519492 0.29893597814775497 0.29320327058275331 0.28969904856340123 0.2959100925810994 0.30258901414031791 0.30508469185570702 0.31857541148237645 0.3493912700441133 0.40839762073397873
0.35274708172710556 0.34816769183099622 0.34576088904698349 0.34594112682057876 0.34568779563285046 0.34530888845467717 0.34487629744908876 0.34428818975487285 0.34318695558576323 0.34167555133683464 0.34119352187060292 0.33727681272806542 0.32941989544028299 0.32180901478988405 0.29947433900607634 0.29688234365085925 0.18334926876804677 0.15417744972862146 0.23990149635032748 0.20736954366673724 0.15437975863361605 0.1331319476424126 0.13716413122147372 0.16766279031203027 0.30845505917945149 0.24992485499816344 0.24366674470872618 0.25156228151459825 0.2686241619914056 0.28977939639192146 0.30841008963705258 0.31880226933255379 0.31953999119474552 0.31245164669228553 0.29805793491380461 0.2839056331220734 0.28449265506062771 0.3088309317826744 0.29741236844632679 0.32226784758451343 0.34565489138111016 0.41291155078175223
0.37166027302489968 0.36268895953428887 0.35929652944705248 0.35754445969036797 0.35615266222069775 0.35537732705027081 0.35526602907196481 0.35574249441834604 0.35657906948305113 0.35780762001845851 0.36233864918945086 0.36201208791267059 0.35009094579790484 0.33856591545992143 0.38381377914455861 0.23103910548028461 0.50405177861066808 0.4825052123849588 0.29592787096793988 0.31200770134272182 0.17425060018067068 0.19815751408397314 0.2389144650648701 0.49811825594758441 0.27172579365530525 0.23744218953094642 0.22883808400455119 0.23973743883685972 0.26462328186554629 0.30027491854730765 0.33298999292425735 0.34786248676233061 0.34392655242766823 0.33152190051136032 0.31356856174914283 0.27342191984778852 0.2391740048449511 0.22096760048025343 0.31834138852282762 0.32196638231142682 0.32410005297522709 0.29803289129656657
