outputs/Circuitscape/Land_Cover_Scenario2_cum_curmap.asc
ncols        451
nrows        316
xllcorner    -6.222126966401
yllcorner    49.837925530693
cellsize     0.011777559530
NODATA_value -9999
[rows 0 to 18 of 316, columns 344 to 386 of 451]
0.098361116850346639 0.098479028089748927 0.082765048995487339 0.076076840306699783 0.0723759412955466 0.070667825961675174 0.070247109803087168 0.070821488015825551 0.079567913533270251 0.074843747225827539 0.076521540769528912 0.07676811823236665 0.075904375822914705 0.074014920495738656 0.071925699471775018 0.069913315488092737 0.067783818398416865 0.06547567511112358 0.063197510099270562 0.061379825496182761 0.060440297171099833 0.060711472715588875 0.061599932374681261 0.062533452091458996 0.063183559832740294 0.063438488826314129 0.063402072378257207 0.06308248191606905 0.062515447534900695 0.061763482223955168 0.060866982202257572 0.059851588043646931 0.058739136593979391 0.057555520177357336 0.056332028208912574 0.055100895017393958 0.053890022580495869 0.052703949324971855 0.051521827166398249 0.050297161013701477 0.048952113037194614 0.047374253215330245 0.045464266624718828
0.11013685748209462 0.10873672229158352 0.11521415115289138 0.10756318125654897 0.10068758033014295 0.099493272102220698 0.099505896161922319 0.098885801356959457 0.088389814805347883 0.10788689256764217 0.1106397985026408 0.11091648508037726 0.10927900659170468 0.10528688234239343 0.10244389976340518 0.099901099705931043 0.097082948376937692 0.093643294932563667 0.08977996585833703 0.086362280075080816 0.084515084550128683 0.085600985295172127 0.087564275390830698 0.089187368823636204 0.090045432387462071 0.090197905264216352 0.090114791718880261 0.089676674150934485 0.088889561878063239 0.087849938799998417 0.086610513253072743 0.08519738380819919 0.083631286125358667 0.081944621720952682 0.08018598038595201 0.078416177786053365 0.076683642072723823 0.075014487317161843 0.073396476591856552 0.071781662245571531 0.070076303691564645 0.068117168050964683 0.065578379488088118
0.11627592867816688 0.11264980325237565 0.11273801692426279 0.10997162214633055 0.096390028819557855 0.1022567722330554 0.10309193407653172 0.098573029622831571 0.11958355414854061 0.11246386247256222 0.11138713945206351 0.11628433401161745 0.10920383580610635 0.10534792631056586 0.10321993226262557 0.10160426389909608 0.099492431630244502 0.095793625037178171 0.090220491911010878 0.084400960549105744 0.081491378333188952 0.084918873196162301 0.088757202322497827 0.091015558957621812 0.091605316561648734 0.091310621698764208 0.091105493990497749 0.090569680921622139 0.08973332149386043 0.088696251860048453 0.087486841141018165 0.086098127987786696 0.084521846056983055 0.082779503399165968 0.080935696845594665 0.079077166981018493 0.077293050557128568 0.075638571812574218 0.074126982923400114 0.072730971437058797 0.071401162294822448 0.070035846269372509 0.068306135945585711
0.12533909287175465 0.11951662715380103 0.11762098638321805 0.10883701693907932 0.12868817480584732 0.11105705315666642 0.11269064969501312 0.1345398999752275 0.12534925390615986 0.11814320996865535 0.11083588313239126 0.09868061163067518 0.10575962576330863 0.10395975885471709 0.10353759146737167 0.10367293328319803 0.10357362394636463 0.1006639731223048 0.09155230097347028 0.079331387345191323 0.074931413174329442 0.084613695877904849 0.092275527802843843 0.094607159916617667 0.094071416891531562 0.093125510929292277 0.092570812661231849 0.091736611485367686 0.09075885063664868 0.08970577002217206 0.088544533944916404 0.087196924846851487 0.085593289673406014 0.083732968923938111 0.081700648091153391 0.079654984268078946 0.077760894865650701 0.076116984824573547 0.074739953245211349 0.073609435115216906 0.072724401928045163 0.072154127138078533 0.072006088096040061
0.12808097505604665 0.12605565440452063 0.11820004572784754 0.13946931305492616 0.13189245389569468 0.14682245117274767 0.14419932024782584 0.13116323988863682 0.12299662167778644 0.11469627657881239 0.10955554115791963 0.098456847529724195 0.099748682730892602 0.10151309377636143 0.10328064475179599 0.10575783376146353 0.10908807582254994 0.11317439815470259 0.10187365250749411 0.064626585583769769 0.058997805532632654 0.091705411586414778 0.10209863887387151 0.10016600849442089 0.097484421194877144 0.095711458958891216 0.094349822218082469 0.093009235559943448 0.091833147551721603 0.090810455922329641 0.089794452011374412 0.088574744464379032 0.086960259642797563 0.084883856738133104 0.082481805510114289 0.080063759255564582 0.077952159393461756 0.076314324312834664 0.075121743582513043 0.07427186591761531 0.073758460942528706 0.073827053053578978 0.075192213676693098
0.12265716825789799 0.12157357345617263 0.14294026434863938 0.13327302034639252 0.1311825924184665 0.10959348123435102 0.10380000811704361 0.096933214022650482 0.09078468605771739 0.084429331183629677 0.08188537644632736 0.091239036856023192 0.095276975484551912 0.098877911292546014 0.10263912352268199 0.10716376513186886 0.11383276011456703 0.12533804929869177 0.16621028480367303 0.083591308583661136 0.081626935868587727 0.15470869923840019 0.1120101938776379 0.10897858519195536 0.10199787972783783 0.098666820228211743 0.096069140743279796 0.094073125538861879 0.092717006805460536 0.091887734672984819 0.09125957993658057 0.090392635241465791 0.088857600051825719 0.086425919674460699 0.083294054467977607 0.080109569878676873 0.077594463017743337 0.076039248910322529 0.075202724491010661 0.074680847083694588 0.074321728596714765 0.074440339758502672 0.0759301827359464
0.11381523995767391 0.1117099512930344 0.10080451342104015 0.098353168906297903 0.095553814525722786 0.10011655280205348 0.095746962698988303 0.09318841847679471 0.091939042337976118 0.081564521950916596 0.077392429013182273 0.085446434475286409 0.092384142363371391 0.097720001860818168 0.10241253539708141 0.10912269011485681 0.1171955886599627 0.13136394229509024 0.15042218581456238 0.41958078675131111 0.41928083876526412 0.15246600344660696 0.15046538955935626 0.11522189733988163 0.10647925253274586 0.10113399320820085 0.097211333678575887 0.094431127937958131 0.093001531426975342 0.092742306614502792 0.092982029029206534 0.092921604056281609 0.091786502932082209 0.08886571830106553 0.084214261512196867 0.079303224089362412 0.076063049072649117 0.075009328804506045 0.075081621485973651 0.075076419945782763 0.074568706745952285 0.073893376623143631 0.073963532380829464
0.10703426748405689 0.10372665176476589 0.096972848565499273 0.091021056402092779 0.091724210153599245 0.095784093409866128 0.096703943206342111 0.096793095289954126 0.098506323054813577 0.10613204179338297 0.10036086754184061 0.085344570741052339 0.095415568261107683 0.097993065358363413 0.10221906609506909 0.10844475083783786 0.11933375694037415 0.12246147900666553 0.1620319840933559 0.083922236867966529 0.085190317444467256 0.16975003543821515 0.12083146173069931 0.11740104630558459 0.10858785002850667 0.10272491877129256 0.097331689472189925 0.093246096725882646 0.091919786142359891 0.093113028566427725 0.095097179071357327 0.096462008734250232 0.096590162726055098 0.093767441562115653 0.085702781065106287 0.076144410044231503 0.071639754584922527 0.073039533090231451 0.075400200212326518 0.076115301671155822 0.075206354891371952 0.072728629628949715 0.069965278799005201
0.10378241861476301 0.1046541960892005 0.10217093030512683 0.089477275120168134 0.093096478675415775 0.095328983615108193 0.097932544969975971 0.099019300283010342 0.10124596782669498 0.10516110149970059 0.096723954877477356 0.098112851074989307 0.095666281349605697 0.097412320106614714 0.10225064419848105 0.10308886366251875 0.095073867368376502 0.10855659357021799 0.10070796970027907 0.060005800327356251 0.066416009295622622 0.1006266105449069 0.11202668307375577 0.11107310200864916 0.10927670608142409 0.10489715699616682 0.096502118382463004 0.088448229233166198 0.087935460465826884 0.093465203097036612 0.098339003027566763 0.10104945139887056 0.10308069214784868 0.10535488884081286 0.093959123432298064 0.062237428735083478 0.064705243018522526 0.073624988359925647 0.076910593760512777 0.078747101394167351 0.078009855976187689 0.072284955270030621 0.063813774778629845
0.10703789372348535 0.11089622915453184 0.10495766735324964 0.12140996588808228 0.097483433375065071 0.099908625788044145 0.09998201445476293 0.10031743153078021 0.10063264331074673 0.10825800449144128 0.09903490188508185 0.057176037147598488 0.080634478926073783 0.10647670632608724 0.10430930994505393 0.099090941017882919 0.088104874264604879 0.097651689374587514 0.072119690027200659 0.058134194906722329 0.064615663169802967 0.090141811685873846 0.10207417676905071 0.10747129484994958 0.11022898851875872 0.1128361143456488 0.10104387083089102 0.069353282370933772 0.088325546639982724 0.10048517970713033 0.10343405223261976 0.10613821545544048 0.10946021500785871 0.1158179166789165 0.15097396879254615 0.051094373959982828 0.085287833633141158 0.077040548905946818 0.079333425984070963 0.082762798927866379 0.086892652819602484 0.078947312346241472 0.051029421443939467
0.11015970854609573 0.11133171396879202 0.1322306462336641 0.12342374371910821 0.12585100372527508 0.10239483202930649 0.10140338045647372 0.1037952924912757 0.098215906762187416 0.11744811672032163 0.15622616442752904 0.045524438804248543 0.15228560842880706 0.11792501218388206 0.10803979556753664 0.10180677130972954 0.10285934248810301 0.07643372272031343 0.074390894360626181 0.084518082735447933 0.087581890800688247 0.090663184582427489 0.099284111122933491 0.10534242673459765 0.11109391618795665 0.12003791108747727 0.15605878547184804 0.048174314254867755 0.13565655127306217 0.11148347776935134 0.10979971988163194 0.11059509258309738 0.11351761622855092 0.11990108176276455 0.12155630318275848 0.28146950466098097 0.084523500000588864 0.07959439491643551 0.081027997521013279 0.086084099583783741 0.095819799546233042 0.12774505188876112 0.066939937235135
0.10937220277120849 0.10745838603826605 0.10356479823664544 0.10085329462842317 0.09650123699389003 0.10296950769314532 0.0991857686610505 0.10377396060365042 0.12362917181117392 0.12958648484478802 0.14438790894312767 0.39754786538689513 0.14168287393350154 0.12500310713706464 0.11076832576973769 0.10573025263503805 0.10180390855117397 0.10239585214910821 0.09988821090518446 0.094291768208939392 0.094222418636789054 0.09557883454833338 0.099320379786623642 0.1039127485745627 0.10939943135182612 0.11985041867305563 0.13479346473644843 0.38361023538931138 0.13627682976616182 0.12222345668757847 0.11446351421089362 0.11313072454639811 0.1148694401810659 0.11798104835826403 0.12037060485867332 0.071736401618049395 0.085997342725938605 0.077189107891694919 0.082078027728835615 0.088062915893931379 0.10226573067730677 0.12049473038212621 0.34850260288564067
0.10342003937350476 0.10257951718023817 0.10269681960193336 0.12712377782046649 0.1251225186021524 0.10573669615488361 0.10124366947404606 0.10148232066606726 0.12353763215584296 0.12486992886849657 0.14605184496520118 0.044299570993145854 0.15270279528345315 0.1196224160546602 0.11109459909280317 0.10657928687706705 0.10483421655049863 0.1041424498462014 0.10193792465688091 0.098639584940003092 0.09704880867751986 0.097797503380367037 0.099689106762719693 0.1022137887770951 0.10521288292254119 0.11006070547026248 0.13531808562062872 0.047474751665921903 0.1564304131901284 0.12164379951716048 0.11471547889757776 0.11293530193375194 0.11408883094158985 0.11718253208080576 0.12350066129632756 0.21688887468474008 0.061176337948372253 0.076860549419454249 0.085266133470269539 0.086285905337283544 0.096826419502434716 0.14514848266051744 0.07052309276390982
0.10253748415959919 0.10166983367727177 0.1008597485115138 0.098774037656748623 0.12482151311178549 0.1314485328927586 0.12751847209174305 0.11690706720196042 0.097207470099328591 0.087532425277070058 0.079278104437323541 0.067256631364409861 0.098444476500337538 0.11108846810864753 0.10882769988376334 0.10645115729544105 0.10430759948455112 0.10246642046940846 0.10084457086810586 0.099480867368203524 0.098721030161666182 0.098895278299359096 0.099659540501745442 0.10048656385734223 0.10076888102666806 0.10080272449108597 0.088797408627992791 0.068854773013271642 0.10051476531358458 0.11249864394307348 0.11058803877220244 0.11011433304106803 0.11146606136564319 0.11515989180825451 0.12135593541347374 0.25900496554019925 0.10765352472769475 0.1203700647805763 0.097713167862720815 0.082802835414171785 0.074230923589144904 0.090466923397900217 0.070207493659049366
0.10344368162762343 0.10172218455784947 0.095795183116143087 0.092731538110499806 0.09478816228342242 0.096692889672295959 0.097706284965524581 0.11093318674819497 0.097246002774543025 0.10557112342518307 0.098559395465304844 0.089170011077066624 0.095118121308827963 0.10329204714870779 0.10683241615155599 0.10613167294566089 0.10329832251668584 0.10096369322003308 0.10012374326164403 0.09964743459937711 0.099435683217680509 0.099485009926589721 0.099598968029803156 0.099357584968274779 0.098118286606019733 0.094586455559826144 0.088635591319390528 0.088048882622526303 0.095247503307939685 0.10238717479488466 0.10500354954799319 0.1055807624661437 0.10675556458077129 0.11260299351129836 0.12264288134948378 0.32641461077482914 0.36363282551161552 0.17009743473845454 0.15097432373127684 0.10168197948812382 0.050337128490363411 0.13119647731569281 0.082621331762740294
0.10485912115084117 0.10703658307234455 0.097497337901754633 0.091802407533283281 0.099373472862001683 0.11403511196565992 0.11656823489566738 0.11028572325630329 0.1224873838630945 0.10700837174782291 0.10336648333146779 0.098841700951130693 0.09547908732070598 0.099193228554877222 0.10054325748847613 0.10263818122852419 0.09865649043243134 0.098926945556827142 0.099252947153646992 0.09959050413025318 0.099851667486895335 0.099988201250241826 0.099850565817923662 0.099166615043633 0.097601198373471088 0.095218584496365 0.093196002167147574 0.093366728912015667 0.095806953863174976 0.098660577260635277 0.10030671594622885 0.10058821233766768 0.10071681685098623 0.10563891312510608 0.13000785222885988 0.084231117134192374 0.33008534979598242 0.17133381332198386 0.20377566603469446 0.10160917498131891 0.36345076165115331 0.11519190434554455 0.094570508812454657
0.10508674078023519 0.11146800631481121 0.12573802871416562 0.1266728480970008 0.10768228355549096 0.11821882323992881 0.11908307183532482 0.11593415656013983 0.097455262482194396 0.10784142835127496 0.10242795564639852 0.10375945974916678 0.095811690266962846 0.07921960456253678 0.077214152321342988 0.078953419419817386 0.094517730979894604 0.096985481294053683 0.098516532096853696 0.099656898930338994 0.10041650733314755 0.10077868201816391 0.10064985241763363 0.099868065549131885 0.09850573106909094 0.096945009012993036 0.095807815164561438 0.095585095919413526 0.096197575901458332 0.096970604696023782 0.097139359405240711 0.096247903397188528 0.094498398485139218 0.094474311178963627 0.083763093643198616 0.067279917321515628 0.055180006005285012 0.18393078106486679 0.15291454627552312 0.38951397967858892 0.087193272905687569 0.14157426774777132 0.099406228513323286
0.10726458949026049 0.11173061522869837 0.12174339438617113 0.13451283036146627 0.13358851674516317 0.12332539387314861 0.12173209881265953 0.1193006116171636 0.12071293341573633 0.10974501999169349 0.10548679839020411 0.087390931246771691 0.097996751406952035 0.099749236697569604 0.097474398024782735 0.097266139575501703 0.093190446936726831 0.095828466800775725 0.098319867227908642 0.10013565238125594 0.10144232494675315 0.10220714721232113 0.10225288669382725 0.10129203187931292 0.099769394725291075 0.098364226702790103 0.097349032461022555 0.096748510216992586 0.096432122769697842 0.09605105511746026 0.095147254259239117 0.093252177592915625 0.089936072510658049 0.084976323635386208 0.076781792239342964 0.06366679966758769 0.063814701435912169 0.10011563452641464 0.11226512984377797 0.047574212929189903 0.11350342950321515 0.10005208340413958 0.098073607849666372
0.11510141058364848 0.11366770541568359 0.12539722850535093 0.11180858281011646 0.13077486475878841 0.12904329771851364 0.1259629598781154 0.12454054799885929 0.12147735593991942 0.11606663843351772 0.11171193794670002 0.11175110723377527 0.10212878319840046 0.097507639393545897 0.095963936724638821 0.093962869127757559 0.091157936221627919 0.095696647480666447 0.099247045360670416 0.10111950926128059 0.10289621827018557 0.10495729154791568 0.10559912790866409 0.10322535289611486 0.10072592433225656 0.099442989815561975 0.098426875940359343 0.097554755991844169 0.09671158387657075 0.095678072875146722 0.094153384683203084 0.091790674111368209 0.088199763804220566 0.083309360040678931 0.077354767914264211 0.073271506078889909 0.075993995610249804 0.080743677268691694 0.068744478134441733 0.064755280839908766 0.085773479809171577 0.097017519439483307 0.095978555440000141
