outputs/Circuitscape/Land_Cover_Scenario2_cum_curmap.asc
ncols        451
nrows        316
xllcorner    -6.222126966401
yllcorner    49.837925530693
cellsize     0.011777559530
NODATA_value -9999
[rows 247 to 265 of 316, columns 258 to 300 of 451]
0.17934577180645583 0.17689999708534343 0.1740905209524681 0.17114729801490394 0.16850579423044529 0.16651485439018732 0.165795736325418 0.16695980804499402 0.16999800655075717 0.17383536518490331 0.17698707439334666 0.17845061328792655 0.17828548323508794 0.17700950942585408 0.17526087852728459 0.17347142711616262 0.1717466313642303 0.17017157293982932 0.16888219486911304 0.16804576912314553 0.16787844174520558 0.16815765031150384 0.16875937432151175 0.16947766020414373 0.16990922511432896 0.1698282089170419 0.16926160901878975 0.16830070723269486 0.16717039745510448 0.16605810361868145 0.16507410080003676 0.16429099625697405 0.16367095206956087 0.16306807967302392 0.16243005674890257 0.16167923327498418 0.16071187243537285 0.15953186197814634 0.1578166680904497 0.15554764260530507 0.15302311804776159 0.15113560199130519 0.15017416194976518
0.17648148088699833 0.17461191873234713 0.17246704596752949 0.17025174798087184 0.16831494386333259 0.16697241609742183 0.16657177515049643 0.16722757251323561 0.16881525138638975 0.17078741757930382 0.17246777183381745 0.17343406789402036 0.1735163637125347 0.17284255324469872 0.17177637155811548 0.17053888305651188 0.16924389765292758 0.16799639247592449 0.16689128995669988 0.16604115064743211 0.16552812165343508 0.16532952928510397 0.16540911762501526 0.16564728553541941 0.16582315090207875 0.16575175410589307 0.16533576016388984 0.1646458551946153 0.16377982280744924 0.16286337559612971 0.161948330936521 0.16109915607694117 0.16032013951920068 0.1595128200075725 0.15867185997040226 0.15774488306975104 0.15658342685402143 0.1552241857615915 0.1536539801925797 0.15185731124333166 0.15004322792649738 0.14844653077750414 0.14710450742929332
0.17415379454099844 0.17265962011707706 0.17095395352608286 0.16921297108278438 0.16771942682709851 0.16671027014500467 0.16630813895594593 0.16656885976950506 0.16730605261146136 0.16824955806936454 0.16913536747142793 0.16970559768807147 0.16975717510281144 0.16933637769545712 0.1686202640861898 0.16773807064450111 0.1667328288857757 0.16569899533077737 0.16472043694209965 0.1638983597937603 0.16319200196360983 0.16265996934822369 0.16242005128667558 0.16236321247328095 0.16231562280347028 0.16214870936115613 0.1617624950664979 0.16120207139560414 0.16048510893891349 0.1596688566463679 0.15880099952350887 0.15791766111053968 0.15706179773653162 0.1561354386242732 0.15516093502661324 0.15411984610658058 0.15289309983353641 0.1514585401306443 0.15001245399702715 0.1485038432463584 0.14691842682740694 0.14545034222976463 0.1440610483704122
0.17224397651594858 0.17094952057108853 0.16951233975415872 0.16808097004721295 0.16686235594617727 0.16599328206158384 0.16552427111205278 0.16546349522515405 0.16567703800392522 0.16604472649371699 0.16645895215518811 0.16671378155795724 0.16666428062682023 0.16633738249074753 0.16579454436606506 0.16509316548242811 0.16426290795802026 0.16336752020927167 0.16248185134503557 0.1616826274254663 0.16090609514887896 0.16017944541719054 0.15966037697859767 0.15940623207300264 0.15922056832451351 0.15893769531781649 0.15852661756686864 0.1579985549453142 0.15733181122280224 0.15655805379497445 0.15570922042390298 0.1548075203702351 0.15391176925039385 0.15293715613440162 0.15187745147979972 0.15076049895741211 0.1495209572863207 0.14808687065365278 0.14667289451255749 0.14531543456243742 0.14388615999481882 0.14243325001972529 0.1410552406235947
0.17061091347603155 0.16941792206446998 0.16816030348516978 0.1669170901926435 0.16582922937526343 0.165006736136453 0.1644299669062807 0.16412689452562251 0.1640042749353558 0.16405201560495172 0.16416831755708264 0.1641693793041267 0.16401500778281058 0.1636925475222451 0.1632209537102409 0.16260636372230217 0.16186885744363086 0.16106043925170871 0.1602466928145905 0.1594515489296898 0.15864587520071713 0.15784634284467339 0.15714506817063767 0.15668409673408207 0.15637144582980994 0.15601405518729472 0.15556766085595769 0.15501856823395682 0.15436536241271429 0.1536098826435186 0.15275636413987054 0.15182638155991962 0.15089997263544311 0.14989743644907325 0.1488072243806679 0.14762978428511861 0.14638718888487229 0.14499543594815464 0.14356094227240485 0.14227687523432131 0.1409508028626083 0.13954278249367191 0.13815712418251158
0.16919229932177229 0.16804623132136215 0.16687440652875341 0.16573561503030776 0.16469065126570967 0.16384051329247373 0.16316851479547242 0.16268128204763052 0.1623742941141561 0.16222465863633537 0.16211418669414884 0.16193858797898195 0.16167867934270491 0.16131793224862795 0.16085228148330266 0.16027229041367616 0.15958470735283764 0.15882107803577827 0.1580558063418146 0.15726089773290952 0.15642936950448791 0.15558652403679113 0.15482853776458913 0.15420989568147828 0.15373042022325312 0.1532953847705894 0.15280668566015942 0.15223205483799568 0.15156586096132094 0.15079468183081995 0.1499367776127101 0.14899817842116769 0.14805488211313264 0.14704584073681554 0.14594745431156653 0.144748104162636 0.14348337719942791 0.14212885564056424 0.14070124370708087 0.1394158234503243 0.13815844484948325 0.13681974715726905 0.13543022596192805
0.16792259983352839 0.16678563115634842 0.16565294200490888 0.16453514421153206 0.16349321208624296 0.16259020152396333 0.16182823395206369 0.16121893786437136 0.16080517227509564 0.16050652590311373 0.16022225920582209 0.15991984181392455 0.15956904355978949 0.15915850266409134 0.15867402158510713 0.15808691282291998 0.15741384109063658 0.15668244494736544 0.1559289793367907 0.15512145883450185 0.15427180120427983 0.15340388852119669 0.15261963643076082 0.15193320613744407 0.15132454370829052 0.15075530940470941 0.15019825284443405 0.14959130189526607 0.1489200608850979 0.14814029217849273 0.14725912835161781 0.14630412248616551 0.14534052978716389 0.14432843782814986 0.14323421908201991 0.1420404544769869 0.14076100128296934 0.1394263852730602 0.13803887911072746 0.13670033433600604 0.13548561323729022 0.13420382616214976 0.13285510676584822
0.16676413172884158 0.165610870609991 0.16446627368505098 0.16334503891572216 0.16227258354895202 0.16132122826435469 0.16048591210317287 0.15979452985304815 0.15929198024709734 0.15886884940562251 0.15846415243551229 0.15806313658837709 0.15762885227911042 0.15715795521843268 0.15664247552750782 0.15603580672330697 0.15534821073024244 0.15463092449621893 0.15386751174951427 0.15304758104611543 0.15217842380925295 0.15130413352364869 0.15049491248981184 0.14976927892398922 0.14909771942835287 0.14843080284162402 0.14775715630159122 0.14709288951787705 0.1463959854030803 0.14560915017206058 0.14472600652900972 0.14376349553330334 0.14277985272519775 0.14174873611540123 0.14065325331297482 0.13946934540375622 0.13819802529150504 0.13687038132948984 0.1355044727799635 0.13415489759816687 0.13293323740056145 0.13169480401411313 0.13040206895152914
0.16569007464646646 0.16449734065924917 0.16332403951569957 0.16218014527049479 0.16106902115918004 0.16004847475389805 0.15915620219214047 0.15841721460319053 0.15783334797111806 0.15731199274592478 0.15680597969256746 0.15632341234510883 0.15581548003045786 0.15528245508344807 0.15471940752919197 0.15407678405667877 0.15337309453077974 0.1526481936443197 0.15186730890809302 0.15103388978636589 0.15015118690296161 0.14927497457551364 0.14845007077625405 0.14768936631203794 0.14697505771846262 0.14626862284465339 0.14552098907100622 0.14476486877328185 0.14400372290082189 0.14319519459131655 0.1423058566669797 0.14134677112830021 0.14035419374987768 0.13932235692773182 0.13822422978935756 0.13704162935961114 0.13577511129462402 0.13445785199927143 0.133092408343568 0.13174920000888737 0.13050114644510272 0.1292971254150336 0.12804256502900188
0.1646774341053891 0.16343507934915447 0.16222271683034675 0.16103334374889811 0.15987279673961852 0.1587992947379307 0.15787519399137367 0.15708779795506841 0.15641384605360348 0.15580671046528755 0.15523169653056137 0.15467280709952888 0.15408972730610765 0.15349577658663302 0.15287843604275642 0.15219590396430777 0.15147665609579036 0.1507294747375211 0.14993081047451373 0.14907984876988553 0.14819178196488647 0.14731271643301388 0.14647496587143502 0.14568620914207167 0.14493498911143241 0.14419838783776823 0.14342468484454582 0.14261254742252014 0.14177129362780644 0.14090976468670541 0.14000103873763356 0.13903526298559232 0.13804167344441201 0.13700943822335013 0.13591664327849085 0.1347398762338794 0.13348684535734429 0.13218385901199148 0.13083185111601431 0.12947318585267542 0.12819414600793366 0.12699927575545783 0.12578133673936287
0.1637108613186094 0.16240408644033652 0.16114395221440728 0.15991263019764834 0.15871494974698755 0.15758827894011798 0.15663173150582632 0.15580571039457258 0.15504592058321248 0.15434803718761436 0.15370668226251077 0.15307735145030454 0.15242852816927782 0.15177812378466804 0.1511077190445721 0.1503888342594121 0.14964945222340528 0.14887295545362156 0.14805310047968498 0.14718728131169662 0.1462973358528494 0.14541254246161633 0.1445629191115087 0.14375317665249207 0.14297364907121199 0.14220611018102111 0.14141064581403531 0.14056943000159999 0.13969020266410095 0.13877972417677989 0.13782637873125558 0.13683749392983599 0.13583476174694908 0.1348025107706666 0.13371622756601195 0.1325470177084633 0.13130369787941476 0.13001182198501776 0.12868851709359763 0.12732752108198747 0.12602512585028769 0.12482299868776409 0.12362246952472891
0.16277990244356577 0.16141807584988491 0.16009498680393006 0.15882106018309824 0.15759116029560091 0.15644072838964279 0.15543661476382228 0.15454400858837247 0.15371302313306184 0.15293713869425152 0.15223219084589704 0.15153715442606189 0.15083010407103384 0.15012755850988777 0.1494081715784713 0.14866187805885855 0.14789235508815385 0.14708796996321927 0.14624382989965579 0.1453652364913984 0.14446982886399867 0.14357831188659634 0.142716814032917 0.1418860825313196 0.14108290049055436 0.14028839412769639 0.13947076758011084 0.13860364421881111 0.1377053033012417 0.13678177281366902 0.13580006680451745 0.13477561215795414 0.13374401588294607 0.13270239733105771 0.13161429628662114 0.13045439428962419 0.12922471794000387 0.12794037448378887 0.12663343588028206 0.12528781789461604 0.12397282636667983 0.12273586750760412 0.12155642822687851
0.16187094686374073 0.16045521503840482 0.1590845901458042 0.1577626902280799 0.15650376263601987 0.1553316872511625 0.15426545177469392 0.1532994362666516 0.15240187462054561 0.15157305318891137 0.15079547255314374 0.15003913775682123 0.14928041312326223 0.14853037598988941 0.14776941193815502 0.14699988944668615 0.1462002926324254 0.14536528939703211 0.14450084763290336 0.14361434257095304 0.14270942959512839 0.14181065080178368 0.14093855829586874 0.14009437337794195 0.13926672305656068 0.13844875539695697 0.13760737572537854 0.13671581573961428 0.13580419236264196 0.13486560887569604 0.13387936838544523 0.13284179159780038 0.13178392918633361 0.13072363482687679 0.12962239315382465 0.12845944736679088 0.12723917510139132 0.12596973694430519 0.12466269494733828 0.12333965093951048 0.12202171884194067 0.1207520740049072 0.1195732127379282
0.16098642216534234 0.15949976474170152 0.15807248260753684 0.15670668926324105 0.15542230835080315 0.15422709440001339 0.15309556730489476 0.1520580910525815 0.15110504788621837 0.15022326393858246 0.14937918719632798 0.14856513156156292 0.14776036379145802 0.14696852719277018 0.14617913916061001 0.14538046652875658 0.14455211817450075 0.14369049441564719 0.14280797063986964 0.14191290122979222 0.14100012297742792 0.14009689088821708 0.13921755516931383 0.13836421499845403 0.13751613500967927 0.13667737094374449 0.13581822271922264 0.13491194757548569 0.13398458902671567 0.1330307421148797 0.13203721057409973 0.1309989540339469 0.12993440751220597 0.12886171670570834 0.12774711699525484 0.12658024708013255 0.12536128300904176 0.12409159843284297 0.12278236296181518 0.12147597264699905 0.12015714973853425 0.11887947415223681 0.11767181318257919
0.16005695725085659 0.15850785389139277 0.15703356558901688 0.15563991402389674 0.15433821594944411 0.15311090353168499 0.15192524876278382 0.15081783011760416 0.14981393116316954 0.14888066289833454 0.14799040663997695 0.14710857691879356 0.14626401760140181 0.14543879025572953 0.1446268416545797 0.14379896710466308 0.14294171144930376 0.14205924270726505 0.14116304524033291 0.14025537882533817 0.13933434893374913 0.13842932623517479 0.13754649708365063 0.13668346960985403 0.13581891582343353 0.1349625860603032 0.13408756430902577 0.13317302707861353 0.13223146986965481 0.13126834254084643 0.13027223845316607 0.12923394652513315 0.12816953249713151 0.12709460886031257 0.12597771712758063 0.12480763312267318 0.12359115744399829 0.12232749175448371 0.12101832971017816 0.11969617036592621 0.11838520698012646 0.11709612135305805 0.11585887378101609
0.15910637877770897 0.1574994855917011 0.15597880700150191 0.15455592146179581 0.15323316193117001 0.15197004640626521 0.15074822625972276 0.14958601891838991 0.14852514476165649 0.14754434923661494 0.14661046002544181 0.14567902226173765 0.14478599908490208 0.14394187017319379 0.14310493504803024 0.14224764169434781 0.14136765383550082 0.14046628940174 0.13955884494580753 0.13863712678053747 0.13771380821159088 0.13680397851376244 0.13592446476385245 0.13504974577540715 0.13417074853704242 0.13329947455083363 0.13241311834379449 0.13148961921297553 0.13053782386217505 0.12956605557188436 0.12856836325575646 0.12753360476987091 0.12647267037022047 0.1254025432484786 0.12429246327406211 0.1231293477158075 0.12191575801134839 0.12065614537111879 0.11935766587675792 0.11803760017784268 0.11671394675301557 0.11540573414433707 0.11414247758480991
0.15810969727745622 0.15647005810255502 0.15492511297171951 0.15347822116009249 0.15210749864055192 0.15080180143372474 0.14955571488266645 0.14835644144049789 0.14723706100660602 0.14621283156531498 0.14523397207053804 0.14426924118732637 0.14333341385623186 0.14247002082718008 0.14160531915453956 0.14072238366958442 0.13982606058424793 0.13891051292065223 0.13799010500818176 0.1370575558945602 0.13613384141780449 0.13522544658755603 0.13434299290134488 0.1334592359829424 0.13256852104332742 0.13168684929605659 0.13078913961122887 0.12985783845470719 0.12889792284838528 0.12791955883655307 0.12692198033209565 0.12589223236161545 0.12483386625134191 0.12377025289854543 0.12266889578182906 0.12151958857421014 0.12032073842588985 0.11907380716565809 0.11778298350476676 0.11646742997346843 0.11514713138505622 0.11382985174772849 0.11253158965601107
0.15705588227689743 0.15539236629746289 0.1538367051768684 0.15237534195632876 0.15098040541439575 0.1496364351954125 0.14834580247122237 0.14711976840669491 0.14595964693029895 0.14488148616340224 0.14385897462608574 0.1428661204806807 0.14192385020237605 0.14101503835041326 0.14012410517748222 0.13922431682800016 0.13831044242399335 0.1373864999644257 0.13645317743394092 0.1355142441506407 0.13459217151507166 0.13368410587383039 0.13279985326611105 0.13190821159308447 0.13101072536296049 0.13011976292547264 0.12921169414798392 0.12827477817872932 0.1273080611260799 0.12632570121996609 0.12532978410719106 0.12430496019707091 0.12325130422672421 0.12219269670027059 0.12110092943638041 0.11996429254442878 0.1187804773710369 0.11755425510559908 0.11628616736416769 0.11498164367870622 0.11367107552052445 0.11234792784743931 0.11102978126143198
0.15594013252540431 0.15427007333425533 0.15270886724444901 0.15123204936738419 0.1498177577468813 0.14845850870167826 0.14715146779563307 0.14589488744819701 0.14469417354210373 0.14356067307041637 0.1424937138195797 0.14148114087438174 0.1405271256641567 0.1395957367919472 0.13866263683307065 0.1377483896277269 0.13682147096064715 0.13589019043590017 0.1349466785679368 0.13400437103044699 0.13308430092623938 0.13218076812939442 0.13129687258431666 0.13039757487198053 0.12949646505861143 0.12859597159323427 0.12768005193929499 0.12673871162738506 0.12576741685731382 0.12478414137700158 0.12379115833174274 0.12277116239564899 0.12172241935271799 0.12066724327259984 0.11958593996136858 0.11846050661351351 0.11729107128418452 0.11608427549847085 0.11483836950405731 0.11355461859405262 0.11226194198132272 0.11095563906760837 0.10962429623929704
