0.0 1.0 2.0 3.0 4.0 5.0 6.0 7.0 8.0 9.0 10.0 11.0 12.0 13.0 14.0 15.0 16.0 17.0 18.0 19.0
1.0 0.0 3.5841970137817363 2.072791520431282 38.19145548556624 2.791323057444936 2.4160388694340993 1.5133231244546415 2.1860855117778053 3.0362371776816426 2.39529531000686 2.391156426865115 1.5909899742595108 1.1315149121179253 2.6985827038327024 2.498932333959644 2.3025472795796453 1.4263172078915787 1.7985519675365613 2.2527151275574546
2.0 3.5841970137817363 0.0 2.483974977403517 40.55728131584156 3.383807034810846 2.966037451417289 2.8677574868930438 2.5663610163256965 3.62594351050629 3.2657482634034856 2.940938799787476 4.161701657923249 3.491167575704198 5.260321206779032 3.0641909982618776 2.850764179010236 4.030544452436959 2.599240602230024 3.131261505135005
3.0 2.072791520431282 2.483974977403517 0.0 39.045921736853465 1.8163885691569193 1.3967825384537151 1.3537803476358437 1.246779461993434 2.05821297913508 1.7273023354023227 1.3596208189715744 2.6499515512463496 1.9800323217111917 3.7483041620739317 1.498645192349536 1.2664943856524458 2.518875009425337 1.1202111529767178 1.6622807387367438
4.0 38.19145548556624 40.55728131584156 39.045921736853465 0.0 39.775558439879674 39.396074039888305 38.47632891225841 39.158795352874954 40.02010823438788 39.36431270160451 39.36831618005415 38.60980463590194 37.81910384169182 39.71825368670095 39.48065569726771 39.2789702257666 38.5005370458737 38.770039587683115 39.2251696568443
5.0 2.791323057444936 3.383807034810846 1.8163885691569193 39.775558439879674 0.0 1.310803448972928 2.1293361828704285 2.0911138662952364 1.0663766280536944 2.5182962957358246 1.5830086138369392 3.3617504409805026 2.7103862373643994 4.453113197925708 1.2518755272007833 1.580948611076921 3.2325264333328394 1.9484338861508652 2.471001057604917
6.0 2.4160388694340993 2.966037451417289 1.3967825384537151 39.396074039888305 1.310803448972928 0.0 1.7323838861201863 1.6779322597510027 1.5533745445895089 2.1108157247638992 1.1760798343778665 2.9894260681609386 2.330719339361203 4.0836527578639945 0.9612044395495944 1.1650110613064366 2.8594027766680914 1.5420240683706612 2.068534708793756
7.0 1.5133231244546415 2.8677574868930438 1.3537803476358437 38.47632891225841 2.1293361828704285 1.7323838861201863 0.0 1.4714791922087582 2.372521207917192 1.63604331584011 1.6921518435201415 2.0923835031864293 1.4083114014325702 3.194974844203079 1.8242444469922514 1.599615623015501 1.9604346440390663 1.0820294732487343 1.5609219314086864
8.0 2.1860855117778053 2.5663610163256965 1.246779461993434 39.158795352874954 2.0911138662952364 1.6779322597510027 1.4714791922087582 0.0 2.333505879629185 1.898437604338369 1.6526222249374842 2.764178409776972 2.0924027941389083 3.86330569269356 1.7726558335024225 1.5625962299691714 2.6328763408152662 1.1644816564059088 1.6692475148864623
9.0 3.0362371776816426 3.62594351050629 2.05821297913508 40.02010823438788 1.0663766280536944 1.5533745445895089 2.372521207917192 2.333505879629185 0.0 2.760565232465356 1.8210058955287511 3.606744195873924 2.954926807448017 4.698199201545223 1.5034796625541937 1.8199363512931215 3.4775378369306855 2.1910154737594763 2.7139063557345
10.0 2.39529531000686 3.2657482634034856 1.7273023354023227 39.36431270160451 2.5182962957358246 2.1108157247638992 1.63604331584011 1.898437604338369 2.760565232465356 0.0 2.057668640885086 2.9737363714816842 2.2983174037055143 4.073929531584831 2.208558616945044 1.9621182114006679 2.842235351203312 1.5695312018602947 2.108278694717301
11.0 2.391156426865115 2.940938799787476 1.3596208189715744 39.36831618005415 1.5830086138369392 1.1760798343778665 1.6921518435201415 1.6526222249374842 1.8210058955287511 2.057668640885086 0.0 2.965837216904574 2.3029685661089085 4.061565172685523 1.2973681606876437 0.9150397061244275 2.8354424133374794 1.5029619078316636 2.0346390237035905
12.0 1.5909899742595108 4.161701657923249 2.6499515512463496 38.60980463590194 3.3617504409805026 2.9894260681609386 2.0923835031864293 2.764178409776972 3.606744195873924 2.9737363714816842 2.965837216904574 0.0 1.5866234196692122 1.8191633159565685 3.0716428472261468 2.8775919435372046 1.429877787242169 2.377903334326955 2.832865766540057
13.0 1.1315149121179253 3.491167575704198 1.9800323217111917 37.81910384169182 2.7103862373643994 2.330719339361203 1.4083114014325702 2.0924027941389083 2.954926807448017 2.2983174037055143 2.3029685661089085 1.5866234196692122 0.0 2.6948646215596046 2.415328567292228 2.2136135760963573 1.4695544575868373 1.7030862790653412 2.1577677152268273
14.0 2.6985827038327024 5.260321206779032 3.7483041620739317 39.71825368670095 4.453113197925708 4.0836527578639945 3.194974844203079 3.86330569269356 4.698199201545223 4.073929531584831 4.061565172685523 1.8191633159565685 2.6948646215596046 0.0 4.16502782652838 3.9737260825482164 2.534199635649009 3.4782177041093068 3.9335037584519466
15.0 2.498932333959644 3.0641909982618776 1.498645192349536 39.48065569726771 1.2518755272007833 0.9612044395495944 1.8242444469922514 1.7726558335024225 1.5034796625541937 2.208558616945044 1.2973681606876437 3.0716428472261468 2.415328567292228 4.16502782652838 0.0 1.2848380322125996 2.9418191720576163 1.6365797080776137 2.159818382887261
16.0 2.3025472795796453 2.850764179010236 1.2664943856524458 39.2789702257666 1.580948611076921 1.1650110613064366 1.599615623015501 1.5625962299691714 1.8199363512931215 1.9621182114006679 0.9150397061244275 2.8775919435372046 2.2136135760963573 3.9737260825482164 1.2848380322125996 0.0 2.7470941520544376 1.4102557500305655 1.9431598906236847
17.0 1.4263172078915787 4.030544452436959 2.518875009425337 38.5005370458737 3.2325264333328394 2.8594027766680914 1.9604346440390663 2.6328763408152662 3.4775378369306855 2.842235351203312 2.8354424133374794 1.429877787242169 1.4695544575868373 2.534199635649009 2.9418191720576163 2.7470941520544376 0.0 2.246276333674691 2.701097515480353
18.0 1.7985519675365613 2.599240602230024 1.1202111529767178 38.770039587683115 1.9484338861508652 1.5420240683706612 1.0820294732487343 1.1644816564059088 2.1910154737594763 1.5695312018602947 1.5029619078316636 2.377903334326955 1.7030862790653412 3.4782177041093068 1.6365797080776137 1.4102557500305655 2.246276333674691 0.0 1.2877902282577343
19.0 2.2527151275574546 3.131261505135005 1.6622807387367438 39.2251696568443 2.471001057604917 2.068534708793756 1.5609219314086864 1.6692475148864623 2.7139063557345 2.108278694717301 2.0346390237035905 2.832865766540057 2.1577677152268273 3.9335037584519466 2.159818382887261 1.9431598906236847 2.701097515480353 1.2877902282577343 0.0
