0.00202911 0.117907 0.0905277 0.750124 0.0126208 0.0265911 9.9982E-05 9.9982E-05
9.9973E-05 0.14673 0.0559817 0.778401 0.00457945 9.9973E-05 0.0140079 9.9973E-05
9.9973E-05 0.0739447 0.0433279 0.813811 0.0108325 0.0577835 9.9973E-05 9.9973E-05
9.9973E-05 9.9973E-05 0.217135 0.597944 0.00568708 9.9973E-05 0.130655 0.0482785
9.9946E-05 9.9946E-05 9.9946E-05 0.843412 9.9946E-05 9.9946E-05 0.155989 9.9946E-05
9.9946E-05 9.9946E-05 9.9946E-05 0.946477 9.9946E-05 9.9946E-05 0.052923 9.9946E-05
9.9982E-05 0.086976 0.400477 0.355321 0.0392647 9.9982E-05 0.0432832 0.0744786
0.0102146 0.113105 0.20388 0.607965 9.9982E-05 9.9982E-05 0.0189385 0.0456975
0.0103311 0.0952277 0.219869 0.631537 9.9973E-05 9.9973E-05 9.9973E-05 0.0427353
9.994E-05 9.994E-05 9.994E-05 9.994E-05 0.9993 9.994E-05 9.994E-05 9.994E-05
9.9973E-05 0.63412 9.9973E-05 0.0693715 0.0993488 0.0570595 0.139801 9.9973E-05
9.9982E-05 0.611743 0.129438 9.9982E-05 0.0924207 0.00934251 0.120585 0.0362705
0.0418453 0.230918 0.0663729 9.9973E-05 0.607524 9.9973E-05 9.9973E-05 0.0530405
9.9973E-05 0.153505 0.11008 0.00450163 0.692283 9.9973E-05 9.9973E-05 0.03933
9.9946E-05 9.9946E-05 9.9946E-05 9.9946E-05 0.973443 9.9946E-05 0.0259572 9.9946E-05
0.00761529 0.519119 0.0331403 0.0220518 0.334444 0.0834291 9.9982E-05 9.9982E-05
9.994E-05 9.994E-05 9.994E-05 9.994E-05 0.9993 9.994E-05 9.994E-05 9.994E-05
0.0240316 0.242158 0.017635 9.9973E-05 0.660653 0.0552221 9.9973E-05 9.9973E-05
0.00299226 0.133162 0.0569793 9.9973E-05 0.773239 9.9973E-05 9.9973E-05 0.0333282
9.999E-05 0.580039 0.0737809 0.0313831 0.0890682 0.0305358 0.16565 0.0294427
9.994E-05 9.994E-05 9.994E-05 9.994E-05 0.9993 9.994E-05 9.994E-05 9.994E-05
0.0489561 0.651661 0.0178215 0.0130093 0.00360722 0.170934 0.046196 0.047815
0.0170984 0.636289 9.9982E-05 0.136517 9.9982E-05 0.0725876 0.1116 0.0257078
0.0251966 0.481391 9.9991E-05 0.0230305 0.00886853 0.0563446 0.35324 0.0518287
0.00442897 0.759613 9.9955E-05 9.9955E-05 9.9955E-05 9.9955E-05 0.235458 9.9955E-05
9.9982E-05 0.411404 0.100807 9.9982E-05 0.00620445 0.125799 0.310758 0.0448279
0.0385324 0.501913 9.9982E-05 9.9982E-05 0.016387 0.128665 0.268959 0.0453436
0.0380259 0.767947 0.0135981 0.0256359 9.9991E-05 0.0603881 0.0565428 0.0377623
0.0394686 0.571142 9.9991E-05 0.0358675 0.024847 0.100866 0.209584 0.0181248
0.0233538 0.719381 0.0667922 9.9991E-05 0.020259 0.051827 0.0934383 0.024849
0.01867 0.703259 9.9991E-05 0.0401471 0.0311154 0.0663767 0.0957586 0.0445734
0.1977 0.071024 0.596467 0.0927138 0.00413252 0.0319301 9.9991E-05 0.00593326
0.0355964 0.156489 0.657298 0.150217 9.99705E-05 9.99705E-05 9.99705E-05 9.99705E-05
0.0938734 0.11423 0.645398 0.118918 0.00671281 0.0044213 0.00865978 0.00778674
9.9955E-05 9.9955E-05 0.969288 9.9955E-05 0.000161324 9.9955E-05 0.0300508 9.9955E-05
0.0671344 0.132492 0.793454 0.00651948 9.9964E-05 9.9964E-05 9.9964E-05 9.9964E-05
0.103177 9.9973E-05 0.822323 9.9973E-05 9.9973E-05 0.0216319 0.0486476 0.00392039
9.9973E-05 0.0420764 0.911495 0.0383424 9.9973E-05 9.9973E-05 0.00372681 0.004059
9.9955E-05 9.9955E-05 0.96674 9.9955E-05 0.010281 9.9955E-05 0.0224794 9.9955E-05
0.117648 9.9973E-05 0.596099 0.070646 0.0279283 9.9973E-05 0.187379 9.9973E-05
0.0465147 9.9955E-05 0.927362 9.9955E-05 9.9955E-05 0.0256233 9.9955E-05 9.9955E-05
9.9964E-05 0.0343153 9.9964E-05 9.9964E-05 0.0142778 9.9964E-05 0.0358158 0.915191
9.9973E-05 0.00735215 0.0348864 9.9973E-05 9.9973E-05 0.0146408 0.00485784 0.937963
0.0193326 0.0447186 9.9973E-05 0.0130567 9.9973E-05 9.9973E-05 0.0127869 0.909805
0.0122097 0.104279 9.9964E-05 0.00957767 9.9964E-05 9.9964E-05 9.9964E-05 0.873534
0.0264634 0.104347 9.9964E-05 0.00243184 9.9964E-05 9.9964E-05 9.9964E-05 0.866358
0.0236919 0.0726865 9.9964E-05 0.0238371 9.9964E-05 9.9964E-05 9.9964E-05 0.879385
0.0170516 0.118622 0.063392 9.9973E-05 9.9973E-05 0.0383484 9.9973E-05 0.762286
9.9964E-05 9.9964E-05 9.9964E-05 0.0392803 0.0145881 0.00883995 9.9964E-05 0.936892
9.9946E-05 9.9946E-05 9.9946E-05 9.9946E-05 9.9946E-05 9.9946E-05 0.0180682 0.981332
9.9955E-05 0.0310298 0.0547778 9.9955E-05 9.9955E-05 9.9955E-05 9.9955E-05 0.913693
9.994E-05 9.994E-05 9.994E-05 9.994E-05 9.994E-05 9.994E-05 9.994E-05 0.9993
9.9946E-05 9.9946E-05 9.9946E-05 9.9946E-05 9.9946E-05 9.9946E-05 0.00655112 0.992849
0.0504435 9.9946E-05 9.9946E-05 9.9946E-05 9.9946E-05 0.948957 9.9946E-05 9.9946E-05
0.0339897 0.09325 9.9982E-05 0.0389169 0.0230304 0.717463 0.0931501 9.9982E-05
0.00829318 0.241643 0.0977779 9.9991E-05 0.00316654 0.503186 0.11114 0.0346934
9.9973E-05 0.0725319 9.9973E-05 0.0613909 0.0365406 0.826922 9.9973E-05 0.00231443
0.0362808 0.160622 9.9982E-05 0.0441451 9.9982E-05 0.606237 0.0934774 0.0590381
0.0392315 0.0489182 9.9991E-05 0.0460626 0.0242903 0.687097 0.104356 0.0499443
0.0260223 0.0269688 0.0999062 9.9973E-05 9.9973E-05 0.837447 9.9973E-05 0.00935569
0.0270932 0.0851028 0.0724171 9.9982E-05 0.00359423 0.794298 9.9982E-05 0.0172947
9.9973E-05 9.9973E-05 0.159998 0.368371 0.0210855 0.0219471 0.428298 9.9973E-05
9.9955E-05 9.9955E-05 0.370711 0.126497 9.9955E-05 9.9955E-05 0.502292 9.9955E-05
9.9973E-05 0.122085 0.456878 0.11866 9.9973E-05 9.9973E-05 0.290999 0.0110781
0.0145638 9.9982E-05 0.344248 0.261 0.0134644 9.9982E-05 0.352628 0.0138951
9.9973E-05 9.9973E-05 0.369034 0.0314865 9.9973E-05 0.0320959 0.532848 0.0342355
0.0274302 0.0870721 0.357411 0.184704 0.0452872 0.059694 0.232767 0.00563416
0.015367 0.160718 0.299223 0.269647 9.9973E-05 9.9973E-05 0.254745 9.9973E-05
9.9973E-05 9.9973E-05 0.483456 0.0926801 0.0104902 9.9973E-05 0.383256 0.0298177
9.9982E-05 0.104786 0.498371 0.114171 9.9982E-05 0.0261487 0.212918 0.0434057
9.9982E-05 0.0963718 0.290622 0.34023 0.00209636 9.9982E-05 0.257469 0.0130112
9.9955E-05 9.9955E-05 0.27469 0.0741634 9.9955E-05 9.9955E-05 0.650647 9.9955E-05
9.9982E-05 0.602173 0.178309 9.9982E-05 0.115125 0.0295149 0.0298662 0.0448128
0.0257326 0.736908 0.130342 0.00865043 0.0713302 0.00471047 9.9991E-05 0.022226
0.0815893 0.676692 0.000813831 0.117475 0.0997271 9.9982E-05 9.9982E-05 0.0235025
9.9973E-05 0.640279 0.189783 9.9973E-05 0.084117 0.0482218 9.9973E-05 0.0372993
9.9973E-05 0.448993 9.9973E-05 9.9973E-05 0.133181 0.0297736 0.364838 0.0229143
9.9973E-05 0.608666 9.9973E-05 0.0345961 0.100002 0.0337391 0.222697 9.9973E-05
9.9973E-05 0.518095 9.9973E-05 0.000948493 0.128487 0.125979 0.226191 9.9973E-05
0.0318156 0.639799 9.9973E-05 9.9973E-05 0.140483 0.0668994 0.120704 9.9973E-05
9.9982E-05 0.437681 9.9982E-05 0.088512 0.0888132 0.19681 0.187372 0.000611493
0.0248661 0.585211 9.9973E-05 9.9973E-05 0.0641305 0.0346032 0.29089 9.9973E-05
0.0057238 0.653436 0.139 9.9991E-05 0.0370763 0.0419664 0.0726364 0.050061
0.00124106 0.550176 9.9982E-05 9.9982E-05 0.106534 0.0316598 0.282563 0.0276273
0.00515712 0.0579581 0.0304647 9.9982E-05 9.9982E-05 0.101779 0.0251821 0.779259
0.0167624 0.164734 9.9982E-05 0.0248074 0.00201179 0.0407415 9.9982E-05 0.750743
9.9955E-05 9.9955E-05 9.9955E-05 9.9955E-05 9.9955E-05 0.0589241 0.156044 0.784532
9.9982E-05 0.0665724 0.0486588 0.0162505 0.00493683 0.00934191 9.9982E-05 0.85404
9.9964E-05 0.0908258 0.052021 9.9964E-05 9.9964E-05 0.00965889 9.9964E-05 0.847094
0.0113834 0.227767 9.9964E-05 0.0570763 9.9964E-05 9.9964E-05 9.9964E-05 0.703374
9.9964E-05 0.137569 0.0995544 9.9964E-05 9.9964E-05 0.00998887 9.9964E-05 0.752488
9.9964E-05 0.146466 0.101942 9.9964E-05 9.9964E-05 0.0781778 9.9964E-05 0.673014
0.0401981 0.184204 0.0421796 0.00288639 0.00579161 9.9982E-05 9.9982E-05 0.72454
0.013242 9.99459E-05 9.99459E-05 9.99459E-05 9.99459E-05 9.99459E-05 0.986158 9.99459E-05
9.9964E-05 9.9964E-05 0.125377 9.9964E-05 9.9964E-05 0.0195609 0.833034 0.021628
9.9982E-05 0.0122703 0.0312997 0.313031 0.0115494 9.9982E-05 0.59897 0.0326802
0.0139301 0.150643 0.0731084 0.184994 9.9973E-05 9.9973E-05 0.577025 9.9973E-05
9.9982E-05 0.24885 0.296361 0.0567851 0.00656669 9.9982E-05 0.363 0.0282377
0.019609 0.362544 0.212849 0.0371797 9.9991E-05 0.0273539 0.327541 0.0128231
0.0533117 0.137295 9.9982E-05 0.0585754 0.0290675 9.9982E-05 0.707651 0.0138989
0.00452729 0.0154419 9.99639E-05 9.99639E-05 9.99639E-05 9.99639E-05 0.967133 0.0124983
9.9973E-05 9.9973E-05 0.175089 0.0594341 0.0186405 0.067185 0.679351 9.9973E-05
9.9955E-05 0.129342 9.9955E-05 9.9955E-05 9.9955E-05 9.9955E-05 0.85996 0.0101979
9.9964E-05 0.0992766 0.16563 9.9964E-05 9.9964E-05 0.0826055 0.652088 9.9964E-05
9.9964E-05 9.9964E-05 0.132064 9.9964E-05 0.00794575 9.9964E-05 0.834817 0.0247732
9.9973E-05 0.064921 0.113657 9.9973E-05 0.0017022 0.815024 9.9973E-05 0.00439562
0.0033508 0.118867 9.9964E-05 0.0304174 9.9964E-05 0.846965 9.9964E-05 9.9964E-05
9.9973E-05 0.185377 0.20565 9.9973E-05 9.9973E-05 0.56554 0.00524475 0.0378872
9.9964E-05 0.0670286 0.162126 9.9964E-05 9.9964E-05 0.729371 9.9964E-05 0.0410746
9.9955E-05 9.9955E-05 9.9955E-05 9.9955E-05 0.0229553 0.711964 0.264581 9.9955E-05
0.0128309 0.170969 0.148382 9.9982E-05 0.0108067 0.593769 9.9982E-05 0.0630423
9.9964E-05 0.242057 9.9964E-05 0.0142953 9.9964E-05 0.720043 9.9964E-05 0.0232041
9.9964E-05 0.143476 0.125333 9.9964E-05 9.9964E-05 0.697524 9.9964E-05 0.0332673
9.9973E-05 0.0660626 9.9973E-05 0.0503801 9.9973E-05 0.839488 0.0425227 0.00124702
0.00528619 0.130984 0.0391219 9.9964E-05 9.9964E-05 0.824208 9.9964E-05 9.9964E-05
9.9982E-05 0.0304648 0.0680718 9.9982E-05 0.0524263 0.812626 0.0342577 0.0019534
0.735044 9.9964E-05 0.0323023 0.0542083 9.9964E-05 9.9964E-05 0.178046 9.9964E-05
0.655692 9.9973E-05 0.148809 0.0507906 0.0126809 9.9973E-05 0.131728 9.9973E-05
0.62389 9.9982E-05 0.282471 9.9982E-05 0.00953398 0.0450189 0.00996506 0.0289212
0.551126 0.115347 0.242655 0.0605886 9.9982E-05 9.9982E-05 0.00462443 0.0254589
0.575925 0.121834 0.175876 0.0809054 9.9973E-05 9.9973E-05 9.9973E-05 0.0451593
0.55334 0.164812 0.234937 0.0117871 9.9973E-05 9.9973E-05 9.9973E-05 0.0348244
0.589661 0.166048 0.199817 0.0391156 9.9973E-05 9.9973E-05 9.9973E-05 0.00505739
0.748618 9.9973E-05 0.0629093 0.151598 0.00319599 0.0333779 9.9973E-05 9.9973E-05
0.62172 9.9964E-05 0.163215 0.0657769 9.9964E-05 9.9964E-05 0.148889 9.9964E-05
0.608744 0.103406 0.245705 0.0313554 9.9973E-05 9.9973E-05 9.9973E-05 0.0104887
0.579007 0.0690209 0.268609 0.0425429 9.9982E-05 9.9982E-05 0.0106236 0.0299961
0.661969 0.164684 0.13331 0.0199368 9.9973E-05 9.9973E-05 9.9973E-05 0.0198005
0.0874841 0.184456 0.617088 0.108825 0.001847 9.9973E-05 9.9973E-05 9.9973E-05
9.9964E-05 0.0362826 0.892553 9.9964E-05 0.0476181 0.0231463 9.9964E-05 9.9964E-05
0.0488559 0.0120549 0.62968 0.184719 0.0132508 9.9982E-05 0.111239 9.9982E-05
0.0475552 9.9991E-05 0.793465 0.023603 0.0263472 0.0388392 0.0340558 0.0360342
0.019618 0.0778255 0.858477 9.9973E-05 0.0245122 9.9973E-05 9.9973E-05 0.0192678
0.0756582 0.147273 0.615574 0.135224 0.0190182 9.9982E-05 9.9982E-05 0.00705274
0.0265669 0.0283888 0.707422 0.0884873 0.0259836 9.9982E-05 0.122952 9.9982E-05
0.0181851 0.0805245 0.700304 0.101195 0.00393329 9.9982E-05 0.0956583 9.9982E-05
9.9973E-05 9.9973E-05 0.900539 9.9973E-05 0.00394231 0.0540776 0.0384487 0.00269249
0.021504 0.0780537 0.841352 9.9982E-05 9.9982E-05 0.0157447 0.0286497 0.0144958
0.0705284 9.9982E-05 0.682358 0.0410453 0.0137067 0.0165218 0.17564 9.9982E-05
0.0335736 0.0980049 0.84711 9.9973E-05 9.9973E-05 0.0119741 9.9973E-05 0.00903771
0.914852 9.9964E-05 9.9964E-05 0.0559582 0.00687066 0.0219193 9.9964E-05 9.9964E-05
0.953412 9.9964E-05 9.9964E-05 9.9964E-05 0.0026051 0.00245028 0.0411325 9.9964E-05
0.947645 9.9946E-05 9.9946E-05 9.9946E-05 9.9946E-05 9.9946E-05 0.0517551 9.9946E-05
0.892295 0.0159822 0.0734559 9.9964E-05 9.9964E-05 9.9964E-05 9.9964E-05 0.0178666
0.898586 0.0824734 9.9964E-05 0.00526582 9.9964E-05 9.9964E-05 9.9964E-05 0.013275
0.828282 0.128595 0.00933255 9.9964E-05 9.9964E-05 9.9964E-05 9.9964E-05 0.03339
0.852676 0.0699729 0.0680704 9.9964E-05 0.00888095 9.9964E-05 9.9964E-05 9.9964E-05
0.861194 0.0645304 0.059749 9.9964E-05 9.9964E-05 9.9964E-05 9.9964E-05 0.0141267
0.905853 9.9946E-05 9.9946E-05 9.9946E-05 9.9946E-05 9.9946E-05 0.0935475 9.9946E-05
0.911692 9.9946E-05 9.9946E-05 9.9946E-05 9.9946E-05 9.9946E-05 0.0877079 9.9946E-05
0.945633 9.9964E-05 9.9964E-05 9.9964E-05 0.0141057 0.0267983 0.0130632 9.9964E-05
0.89222 0.0924619 9.9955E-05 9.9955E-05 9.9955E-05 9.9955E-05 9.9955E-05 0.0148182
9.9982E-05 0.122841 0.0857598 9.9982E-05 0.000467409 0.533161 0.16476 0.0928118
9.9982E-05 0.0344775 0.0654037 9.9982E-05 0.0205185 0.642421 0.157865 0.0791139
9.9973E-05 9.9973E-05 9.9973E-05 0.0383473 0.0188887 0.748292 0.175433 0.0187398
0.0240833 0.147876 0.0508722 0.0428003 9.9991E-05 0.570455 0.0710825 0.0927302
9.9991E-05 0.0963122 0.0310619 0.0306237 0.0274247 0.584541 0.188901 0.041036
0.0154618 0.228618 0.0689739 0.0641471 9.9982E-05 0.55553 9.9982E-05 0.0670689
0.0343608 0.153715 9.9973E-05 9.9973E-05 0.00757184 0.79794 0.00611276 9.9973E-05
0.0266368 0.140883 9.9982E-05 0.0487719 0.0230414 0.742279 0.0181885 9.9982E-05
9.9964E-05 9.9964E-05 9.9964E-05 0.0300185 0.000606474 0.733012 0.235963 9.9964E-05
0.0301295 0.137935 0.0151079 0.0255038 0.0101306 0.776035 9.9991E-05 0.00505836
9.9973E-05 9.9973E-05 0.0748912 9.9973E-05 0.0082852 0.812533 0.0836827 0.0203083
0.00480251 9.9973E-05 9.9973E-05 0.0187545 0.00415932 0.875838 0.0961457 9.9973E-05
9.9973E-05 0.0270464 9.9973E-05 0.0276856 9.9973E-05 0.767002 0.158304 0.0196617
9.9946E-05 9.9946E-05 9.9946E-05 9.9946E-05 9.9946E-05 0.705389 0.294012 9.9946E-05
9.9982E-05 0.247203 0.0175948 0.0888457 0.0182783 0.600235 9.9982E-05 0.0276427
9.994E-05 9.994E-05 9.994E-05 0.9993 9.994E-05 9.994E-05 9.994E-05 9.994E-05
0.279901 0.131045 0.0250752 0.547426 9.9973E-05 9.9973E-05 9.9973E-05 0.0162523
9.9946E-05 9.9946E-05 9.9946E-05 0.991887 9.9946E-05 9.9946E-05 9.9946E-05 0.0075133
0.0722617 0.0358584 0.00265727 0.867275 9.9991E-05 0.010121 0.00300873 0.00871741
0.102273 0.195516 0.0916768 0.610133 9.9964E-05 9.9964E-05 9.9964E-05 9.9964E-05
0.203289 0.0079322 0.179181 0.545276 9.9991E-05 0.0302008 0.00234203 0.0316793
0.104086 9.9973E-05 9.9973E-05 0.798454 0.00308473 0.0253812 0.0686942 9.9973E-05
0.0886257 9.9964E-05 9.9964E-05 0.895896 9.9964E-05 9.9964E-05 0.00325097 0.0118271
0.00569817 0.68897 0.141924 9.9973E-05 9.9973E-05 9.9973E-05 0.106491 0.0566173
9.9964E-05 0.637935 9.9964E-05 9.9964E-05 0.0343617 0.0535693 0.273734 9.9964E-05
9.9946E-05 0.527771 9.9946E-05 9.9946E-05 9.9946E-05 9.9946E-05 0.47163 9.9946E-05
0.0142336 0.487391 0.0903618 0.121277 9.9991E-05 0.120836 0.145773 0.020027
0.044499 0.507866 9.9982E-05 0.0919223 0.01281 0.140932 0.201771 9.9982E-05
9.9982E-05 0.640405 0.00728405 0.104165 0.0358444 0.133926 0.078176 9.9982E-05
9.9946E-05 0.531144 9.9946E-05 9.9946E-05 9.9946E-05 9.9946E-05 0.468256 9.9946E-05
9.9964E-05 0.587542 9.9964E-05 9.9964E-05 0.0124964 9.9964E-05 0.389103 0.0104581
9.9991E-05 0.595605 0.0493463 0.082482 0.0438747 0.0581672 0.148079 0.0223459
9.9982E-05 0.599972 0.128236 9.9982E-05 0.0302818 0.0484037 0.164185 0.028721
0.0254737 0.570796 0.0254144 0.0365096 0.0351212 0.0532997 0.214135 0.03925
0.00206982 0.739523 9.9982E-05 0.108955 0.0303711 0.0716772 0.0472042 9.9982E-05
0.00890973 0.608239 9.9982E-05 0.0805289 0.0307699 0.0481037 0.223249 9.9982E-05
0.0156325 0.880198 0.0334188 0.0612439 9.9973E-05 9.9973E-05 9.9973E-05 0.00920638
0.0184174 0.816854 9.9982E-05 0.0492561 0.0321684 0.0302472 0.0528566 9.9982E-05
9.9964E-05 0.82643 9.9964E-05 0.0847524 9.9964E-05 9.9964E-05 0.0769735 0.011444
0.00408458 0.736864 0.013728 9.9982E-05 0.0484145 0.0548186 0.14189 9.9982E-05
9.9982E-05 0.695701 9.9982E-05 0.0976424 0.0349391 0.102742 0.0473144 0.0214607
9.9991E-05 0.666333 0.0353813 0.0264958 0.0350379 0.0187349 0.188484 0.0294325
9.9982E-05 0.689912 0.0727691 9.9982E-05 0.0399606 0.0394108 0.113263 0.0444845
0.0480366 0.738724 0.0337447 0.0758054 0.0428328 0.00817454 9.9991E-05 0.0525826
9.9982E-05 0.652457 0.166028 9.9982E-05 0.0257869 0.0164719 0.0937883 0.0452677
9.9973E-05 0.93246 0.0210807 0.0436691 9.9973E-05 9.9973E-05 0.000335686 0.00215448
