0.731628 0.00430883 0.0519931 9.9946E-05 9.9946E-05 9.9946E-05 9.9946E-05 0.211471 9.9946E-05 9.9946E-05
0.782649 9.9964E-05 0.0347424 9.9964E-05 0.00787782 9.9964E-05 9.9964E-05 0.107816 0.0405424 0.0259727
0.807277 0.00191563 0.0354817 0.00265794 0.000852825 9.9964E-05 9.9964E-05 0.151415 9.9964E-05 9.9964E-05
0.610322 9.9964E-05 0.120571 0.030886 9.9964E-05 9.9964E-05 0.111812 9.9964E-05 0.104031 0.021978
0.869095 9.9937E-05 9.9937E-05 9.9937E-05 9.9937E-05 9.9937E-05 0.108443 9.9937E-05 9.9937E-05 0.0217622
0.932331 9.9928E-05 9.9928E-05 9.9928E-05 9.9928E-05 9.9928E-05 0.0668697 9.9928E-05 9.9928E-05 9.9928E-05
0.364857 9.9973E-05 0.317653 0.0495359 0.0063018 9.9973E-05 0.0439019 9.9973E-05 0.199235 0.0182162
0.644723 9.9955E-05 0.0826861 0.0163101 9.9955E-05 0.0221226 9.9955E-05 9.9955E-05 0.233658 9.9955E-05
0.636801 9.9955E-05 0.130276 0.0168957 9.9955E-05 0.0317615 9.9955E-05 9.9955E-05 0.183765 9.9955E-05
9.99201E-05 9.99201E-05 9.99201E-05 9.99201E-05 0.999101 9.99201E-05 9.99201E-05 9.99201E-05 9.99201E-05 9.99201E-05
0.0158683 9.9964E-05 9.9964E-05 9.9964E-05 0.0989159 9.9964E-05 0.0501992 0.705158 0.111096 0.018363
9.9964E-05 9.9964E-05 0.0410141 0.00505569 0.0701653 9.9964E-05 0.0780705 0.352999 0.452295 9.9964E-05
9.99459E-05 9.99459E-05 9.99459E-05 0.040608 0.570878 0.0287451 9.99459E-05 9.99459E-05 0.359169 9.99459E-05
9.99459E-05 9.99459E-05 0.0493438 0.024492 0.679958 9.99459E-05 9.99459E-05 9.99459E-05 0.245606 9.99459E-05
9.9928E-05 9.9928E-05 9.9928E-05 9.9928E-05 0.969258 9.9928E-05 9.9928E-05 9.9928E-05 9.9928E-05 0.0299429
0.0177979 0.0435545 9.9973E-05 9.9973E-05 0.340729 0.00465076 9.9973E-05 0.398301 0.186446 0.00822053
9.99201E-05 9.99201E-05 9.99201E-05 9.99201E-05 0.999101 9.99201E-05 9.99201E-05 9.99201E-05 9.99201E-05 9.99201E-05
9.9964E-05 0.00839746 0.0303468 9.9964E-05 0.66169 0.0110325 9.9964E-05 0.233704 0.0544297 9.9964E-05
0.00126146 9.9964E-05 0.0189766 0.0269337 0.775451 0.0167379 9.9964E-05 9.9964E-05 0.16024 9.9964E-05
0.0290547 0.0115006 0.00252869 0.014398 0.0679648 9.9991E-05 0.120085 0.257633 0.488897 0.00783839
9.99201E-05 9.99201E-05 9.99201E-05 9.99201E-05 0.999101 9.99201E-05 9.99201E-05 9.99201E-05 9.99201E-05 9.99201E-05
0.0156424 0.0760126 0.00600385 0.0568583 9.9973E-05 0.0307854 9.9973E-05 0.742606 0.0717914 9.9973E-05
0.101741 9.9973E-05 9.9973E-05 0.0354243 9.9973E-05 0.0119307 0.0295791 0.754666 0.0521376 0.0142212
9.9955E-05 9.9955E-05 9.9955E-05 0.043736 9.9955E-05 0.0258579 0.209793 0.68742 9.9955E-05 0.0326938
9.99201E-05 9.99201E-05 9.99201E-05 9.99201E-05 9.99201E-05 9.99201E-05 9.99201E-05 0.999101 9.99201E-05 9.99201E-05
9.9982E-05 0.0819029 0.0488837 0.0342125 0.015008 9.9982E-05 0.246855 0.35429 0.200839 0.0178088
9.9982E-05 0.0686351 9.9982E-05 0.0362501 0.00685201 0.0162614 0.151096 0.660298 0.0443093 0.016098
9.9964E-05 0.00364641 0.00738 0.0275366 9.9964E-05 0.0285587 9.9964E-05 0.851436 0.0810429 9.9964E-05
0.0409534 0.000150128 9.9982E-05 0.0220769 0.0162061 0.0155407 0.120804 0.773211 0.0108571 9.9982E-05
9.9955E-05 9.9955E-05 0.0218598 0.0148444 9.9955E-05 0.0118457 9.9955E-05 0.92929 0.0216601 9.9955E-05
0.0400866 9.99508E-05 9.99508E-05 0.0361339 0.0138175 9.99508E-05 9.99508E-05 0.909362 9.99508E-05 9.99508E-05
0.0481035 9.9955E-05 0.623072 0.00490287 9.9955E-05 0.154624 9.9955E-05 0.168798 9.9955E-05 9.9955E-05
0.0793066 9.9946E-05 0.676799 9.9946E-05 9.9946E-05 0.0138734 9.9946E-05 0.229422 9.9946E-05 9.9946E-05
0.0292594 9.9955E-05 0.723123 0.000144188 9.9955E-05 0.031779 9.9955E-05 0.215195 9.9955E-05 9.9955E-05
9.9946E-05 9.9946E-05 0.953314 9.9946E-05 0.00487971 9.9946E-05 0.028417 9.9946E-05 9.9946E-05 0.01279
9.9946E-05 9.9946E-05 0.666552 9.9946E-05 9.9946E-05 0.08399 9.9946E-05 0.00836803 0.24049 9.9946E-05
9.9973E-05 0.0301167 0.811472 9.9973E-05 9.9973E-05 0.073678 0.0226225 0.0179223 0.0192623 0.024626
0.00235264 9.9946E-05 0.842908 0.00106484 9.9946E-05 9.9946E-05 9.9946E-05 9.9946E-05 0.153075 9.9946E-05
9.9946E-05 9.9946E-05 0.912405 9.9946E-05 0.000104112 9.9946E-05 0.00750692 9.9946E-05 0.0793847 9.9946E-05
9.9964E-05 9.9964E-05 0.78694 9.9964E-05 0.0375653 0.028247 0.110634 0.0299045 9.9964E-05 0.00630897
9.9937E-05 0.0581468 0.935396 9.9937E-05 9.9937E-05 9.9937E-05 9.9937E-05 9.9937E-05 9.9937E-05 0.00575729
9.9955E-05 9.9955E-05 9.9955E-05 0.907168 0.0180571 9.9955E-05 0.00755625 0.0442858 9.9955E-05 0.0224333
9.9955E-05 0.000612433 0.0113492 0.937058 9.9955E-05 9.9955E-05 0.00585466 9.9955E-05 0.0446257 9.9955E-05
9.9955E-05 9.9955E-05 9.9955E-05 0.895184 0.00176409 0.0154813 9.9955E-05 0.0768706 9.9955E-05 0.0102006
0.0080052 9.9955E-05 9.9955E-05 0.877816 9.9955E-05 0.00984188 9.9955E-05 0.086568 0.0172696 9.9955E-05
0.00636085 9.9964E-05 9.9964E-05 0.86496 9.9964E-05 0.0119809 9.9964E-05 0.0435928 0.0577808 0.0149251
0.0385379 9.9946E-05 9.9946E-05 0.870461 9.9946E-05 0.00855101 9.9946E-05 9.9946E-05 0.0818502 9.9946E-05
9.9973E-05 0.00996017 0.0183901 0.758934 9.9973E-05 0.0235938 9.9973E-05 0.0732118 0.102669 0.0129418
9.9937E-05 9.9937E-05 9.9937E-05 0.918578 0.000791154 9.9937E-05 9.9937E-05 0.0799318 9.9937E-05 9.9937E-05
9.99281E-05 9.99281E-05 9.99281E-05 0.975963 9.99281E-05 9.99281E-05 0.0232373 9.99281E-05 9.99281E-05 9.99281E-05
9.9937E-05 9.9937E-05 9.9937E-05 0.889816 9.9937E-05 0.0140022 9.9937E-05 9.9937E-05 0.0954827 9.9937E-05
9.99201E-05 9.99201E-05 9.99201E-05 0.999101 9.99201E-05 9.99201E-05 9.99201E-05 9.99201E-05 9.99201E-05 9.99201E-05
9.9928E-05 9.9928E-05 9.9928E-05 0.989679 9.9928E-05 9.9928E-05 9.9928E-05 9.9928E-05 9.9928E-05 0.00952167
9.9928E-05 0.94744 9.9928E-05 9.9928E-05 9.9928E-05 0.0517602 9.9928E-05 9.9928E-05 9.9928E-05 9.9928E-05
9.9955E-05 0.619922 9.9955E-05 9.9955E-05 9.9955E-05 0.0187339 0.0585516 0.294526 9.9955E-05 0.00776661
9.9982E-05 0.491461 0.0770626 0.0175124 0.00745723 9.9982E-05 0.0688286 0.111605 0.184239 0.0416344
0.0299971 0.740148 9.9973E-05 0.00898568 0.0380204 0.00311058 9.9973E-05 0.149831 9.9973E-05 0.029607
0.0234757 0.583279 9.9982E-05 0.0481118 9.9982E-05 0.0330224 0.063815 0.089782 0.132112 0.0262016
0.0213307 0.703622 9.9991E-05 0.0370483 0.0232343 0.0376725 0.0532219 0.0724435 0.0152401 0.0360868
9.9937E-05 0.766153 9.9937E-05 9.9937E-05 9.9937E-05 0.0401752 9.9937E-05 9.9937E-05 0.192972 9.9937E-05
9.9973E-05 0.744599 0.0205493 0.0173462 0.00336636 0.0171465 9.9973E-05 0.0720563 0.124637 9.9973E-05
0.332655 0.0219079 0.189452 9.9973E-05 0.015135 9.9973E-05 0.395273 0.0432102 9.9973E-05 0.00206712
0.108266 9.9937E-05 0.347139 9.9937E-05 9.9937E-05 9.9937E-05 0.543895 9.9937E-05 9.9937E-05 9.9937E-05
0.175778 9.9955E-05 0.307208 0.00079102 9.9955E-05 9.9955E-05 0.281802 9.9955E-05 0.233921 9.9955E-05
0.286543 9.9982E-05 0.288726 0.0146944 0.0114512 0.00370853 0.347116 9.9982E-05 0.0297634 0.0177974
0.0725847 9.9955E-05 0.21138 0.0180233 9.9955E-05 9.9955E-05 0.572183 9.9955E-05 0.12533 9.9955E-05
0.207366 0.0320107 0.266819 0.00366817 0.050365 0.0204068 0.219643 9.999E-05 0.169863 0.029758
0.224344 9.9964E-05 0.303382 9.9964E-05 9.9964E-05 9.9964E-05 0.259016 0.103744 0.0774256 0.0316896
0.0970154 0.00233201 0.41063 0.0285599 0.0195254 9.9973E-05 0.396583 9.9973E-05 0.0450543 9.9973E-05
0.158299 9.9955E-05 0.350766 0.0300911 9.9955E-05 9.9955E-05 0.227799 9.9955E-05 0.232545 9.9955E-05
0.364971 9.9964E-05 0.22937 0.00162088 9.9964E-05 9.9964E-05 0.252394 9.9964E-05 0.13622 0.0150233
0.104789 9.9937E-05 0.239633 9.9937E-05 9.9937E-05 9.9937E-05 0.654879 9.9937E-05 9.9937E-05 9.9937E-05
9.999E-05 0.0137577 0.036988 0.0306457 0.105033 0.0200371 0.0232032 0.177838 0.59172 0.000677108
0.0209165 9.9982E-05 0.0581503 0.00114777 0.058001 0.00401033 9.9982E-05 0.489465 0.354027 0.0140818
0.0830602 9.9964E-05 9.9964E-05 0.00963315 0.105634 0.0642733 9.9964E-05 0.414473 0.322527 9.9964E-05
9.9955E-05 9.9955E-05 0.0814565 9.9955E-05 0.0748212 0.00629461 9.9955E-05 0.220396 0.616531 9.9955E-05
9.9973E-05 0.0120658 9.9973E-05 0.0030185 0.134236 9.9973E-05 0.272141 0.354179 0.199224 0.024836
0.024122 9.9955E-05 9.9955E-05 9.9955E-05 0.0781435 9.9955E-05 0.0676724 0.813227 9.9955E-05 0.0163353
9.9955E-05 0.0160116 9.9955E-05 9.9955E-05 0.105146 9.9955E-05 0.0962442 0.756623 9.9955E-05 0.0254748
9.9955E-05 9.9955E-05 9.9955E-05 9.9955E-05 0.134388 0.0162529 0.0336633 0.707485 0.107712 9.9955E-05
0.0100689 0.0706836 9.9964E-05 0.000430123 0.0587362 9.9964E-05 0.132905 0.726776 9.9964E-05 9.9964E-05
9.9964E-05 9.9964E-05 9.9964E-05 9.9964E-05 0.0786536 0.00357346 0.209168 0.598282 0.0681737 0.0417499
0.00409128 0.0193492 0.0123939 0.0141526 0.0380724 0.00924202 0.0630805 0.0804611 0.74362 0.0155373
9.9973E-05 0.028529 9.9973E-05 0.00966319 0.100686 9.9973E-05 0.136344 0.459185 0.224743 0.040551
9.9973E-05 0.0653692 0.00174906 0.764916 9.9973E-05 0.00514809 0.0121537 9.9973E-05 0.148966 0.0013989
0.0135696 0.0504368 9.9964E-05 0.73153 0.00694034 9.9964E-05 9.9964E-05 0.00901686 0.188107 9.9964E-05
9.9937E-05 0.0619243 9.9937E-05 0.784282 9.9937E-05 9.9937E-05 0.153094 9.9937E-05 9.9937E-05 9.9937E-05
0.00597117 0.00693025 9.9955E-05 0.811809 9.9955E-05 0.00519935 9.9955E-05 9.9955E-05 0.169591 9.9955E-05
9.9928E-05 9.9928E-05 9.9928E-05 0.803914 9.9928E-05 9.9928E-05 9.9928E-05 9.9928E-05 0.195286 9.9928E-05
0.037467 9.9964E-05 9.9964E-05 0.702258 9.9964E-05 0.00944781 9.9964E-05 0.133329 0.110764 0.00633461
9.9946E-05 9.9946E-05 0.0101792 0.709324 9.9946E-05 0.00771749 9.9946E-05 9.9946E-05 0.272179 9.9946E-05
9.9946E-05 0.0384077 0.0480171 0.649362 9.9946E-05 9.9946E-05 9.9946E-05 9.9946E-05 0.263614 9.9946E-05
9.9937E-05 9.9937E-05 9.9937E-05 0.68804 9.9937E-05 0.026197 9.9937E-05 9.9937E-05 0.285064 9.9937E-05
9.99279E-05 9.99279E-05 9.99279E-05 9.99279E-05 9.99279E-05 9.99279E-05 0.987425 9.99279E-05 9.99279E-05 0.0117756
9.9955E-05 0.013607 0.0636763 0.0245397 9.9955E-05 9.9955E-05 0.886737 9.9955E-05 0.0109398 9.9955E-05
0.283872 9.9964E-05 0.0205197 0.0247201 0.0158994 9.9964E-05 0.628291 9.9964E-05 0.026298 9.9964E-05
0.139956 9.9946E-05 0.0956017 9.9946E-05 9.9946E-05 9.9946E-05 0.5085 0.255343 9.9946E-05 9.9946E-05
0.0694761 9.9964E-05 0.132881 0.00208616 9.9964E-05 0.0107351 0.382863 9.9964E-05 0.401558 9.9964E-05
0.0168569 9.9964E-05 0.0824632 9.9964E-05 9.9964E-05 0.0316318 0.350419 0.00491504 0.513314 9.9964E-05
0.0128758 9.99549E-05 9.99549E-05 9.99549E-05 0.026131 0.0343245 0.736479 9.99549E-05 0.18969 9.99549E-05
9.99369E-05 9.99369E-05 9.99369E-05 9.99369E-05 0.0022757 9.99369E-05 0.95535 0.0416746 9.99369E-05 9.99369E-05
0.0874571 0.0289446 0.105002 9.9964E-05 0.00417653 9.9964E-05 0.687122 9.9964E-05 0.0868983 9.9964E-05
9.9928E-05 9.9928E-05 9.9928E-05 9.9928E-05 9.9928E-05 9.9928E-05 0.877129 9.9928E-05 0.122071 9.9928E-05
9.9946E-05 0.0253741 0.0628497 9.9946E-05 9.9946E-05 9.9946E-05 0.69824 9.9946E-05 0.212936 9.9946E-05
9.9955E-05 9.9955E-05 0.078422 0.0237212 0.0152273 9.9955E-05 0.855084 0.027046 9.9955E-05 9.9955E-05
9.9946E-05 0.764594 0.0517634 9.9946E-05 9.9946E-05 9.9946E-05 9.9946E-05 9.9946E-05 0.180507 0.00253612
0.007589 0.813263 9.9964E-05 9.9964E-05 0.00220967 9.9964E-05 9.9964E-05 0.0812608 0.0722901 0.0229878
9.9955E-05 0.503883 0.096165 0.0145985 9.9955E-05 9.9955E-05 0.00973092 9.9955E-05 0.375122 9.9955E-05
9.9955E-05 0.664122 0.049272 0.0327906 9.9955E-05 9.9955E-05 0.00870503 9.9955E-05 0.244611 9.9955E-05
9.9937E-05 0.71251 9.9937E-05 9.9937E-05 0.0276395 9.9937E-05 0.259151 9.9937E-05 9.9937E-05 9.9937E-05
0.0181705 0.554862 0.0100973 0.0332871 0.00374222 0.0278553 9.9973E-05 9.9973E-05 0.351685 9.9973E-05
9.9946E-05 0.647326 9.9946E-05 0.0215889 9.9946E-05 9.9946E-05 9.9946E-05 0.233333 0.0971527 9.9946E-05
9.9946E-05 0.644568 0.0394249 0.0148298 9.9946E-05 9.9946E-05 9.9946E-05 9.9946E-05 0.300577 9.9946E-05
0.0352642 0.811675 9.9955E-05 9.9955E-05 9.9955E-05 9.9955E-05 0.0245652 0.116865 9.9955E-05 0.011131
9.9955E-05 0.798325 9.9955E-05 9.9955E-05 9.9955E-05 0.0109102 9.9955E-05 0.0620122 0.124234 0.00401917
9.9964E-05 0.761626 0.0373134 9.9964E-05 0.0237145 9.9964E-05 0.0278438 9.9964E-05 0.124922 0.0241807
0.0555503 9.9946E-05 0.040282 9.9946E-05 9.9946E-05 0.720198 0.18337 9.9946E-05 9.9946E-05 9.9946E-05
0.0413801 0.00666777 0.145103 9.9973E-05 0.00636613 0.651632 0.125973 9.9973E-05 9.9973E-05 0.0225779
9.9964E-05 0.0134951 0.228275 0.0117355 9.9964E-05 0.617474 0.0190893 9.9964E-05 0.109531 9.9964E-05
0.0768535 9.9964E-05 0.156964 0.00888017 9.9964E-05 0.557725 9.9964E-05 9.9964E-05 0.173009 0.0261691
0.0999206 9.9955E-05 0.109338 0.0233183 9.9955E-05 0.571634 9.9955E-05 9.9955E-05 0.195289 9.9955E-05
0.0489188 9.99549E-05 0.123188 0.0169039 9.99549E-05 0.556866 9.99549E-05 9.99549E-05 0.253624 9.99549E-05
0.0370848 9.9964E-05 0.150565 0.0028463 9.9964E-05 0.600626 9.9964E-05 0.0282187 0.180259 9.9964E-05
0.09427 0.00943087 0.116948 9.9964E-05 0.000405241 0.706969 9.9964E-05 0.0715767 9.9964E-05 9.9964E-05
0.0793765 9.9955E-05 0.169698 9.9955E-05 9.9955E-05 0.603792 0.118513 9.9955E-05 9.9955E-05 0.0281208
0.0209587 9.9955E-05 0.195391 9.9955E-05 9.9955E-05 0.598229 9.9955E-05 9.9955E-05 0.153841 0.0310802
0.0429603 9.9964E-05 0.185452 0.00481854 9.9964E-05 0.575634 0.017461 9.9964E-05 0.173274 9.9964E-05
0.0439731 9.9973E-05 0.0671637 0.0237916 0.00292578 0.669788 9.9973E-05 0.060596 0.131462 9.9973E-05
0.0585822 9.9955E-05 0.680742 9.9955E-05 9.9955E-05 0.0334132 9.9955E-05 0.201749 9.9955E-05 0.0250132
9.9946E-05 9.9946E-05 0.78451 9.9946E-05 0.0177434 9.9946E-05 0.00110335 9.9946E-05 0.196044 9.9946E-05
0.137767 9.9964E-05 0.715874 9.9964E-05 0.0167683 9.9964E-05 0.0322537 0.0625437 9.9964E-05 0.0343938
0.0155208 0.029788 0.746074 0.0354288 0.0181973 0.0342515 0.00977794 9.9991E-05 0.0883867 0.0224748
9.9946E-05 9.9946E-05 0.753065 0.0059081 0.00423086 9.9946E-05 9.9946E-05 9.9946E-05 0.236196 9.9946E-05
0.0851587 9.9982E-05 0.665236 0.00929383 0.0102574 0.0306479 9.9982E-05 0.181983 0.01467 0.00255372
0.095344 0.014324 0.710326 9.9973E-05 0.020321 9.9973E-05 0.055675 9.9973E-05 0.0631328 0.0405773
0.065014 0.00900483 0.694579 9.9982E-05 0.0092228 9.9982E-05 0.0744978 0.0487025 0.0904712 0.00830745
9.9946E-05 0.0276614 0.817877 9.9946E-05 9.9946E-05 9.9946E-05 0.0333524 9.9946E-05 0.12051 9.9946E-05
9.9973E-05 0.0159944 0.754757 0.00322516 9.9973E-05 0.010211 0.0299267 9.9973E-05 0.18274 0.00284618
9.9964E-05 9.9964E-05 0.759653 9.9964E-05 0.00481516 0.0130583 0.116082 0.0682145 9.9964E-05 0.0377775
9.9946E-05 9.9946E-05 0.776509 0.00688229 9.9946E-05 0.0171559 9.9946E-05 9.9946E-05 0.198853 9.9946E-05
9.9928E-05 9.9928E-05 9.9928E-05 9.9928E-05 9.9928E-05 0.909175 9.9928E-05 0.0900254 9.9928E-05 9.9928E-05
9.9937E-05 9.9937E-05 9.9937E-05 9.9937E-05 0.00539775 0.933908 9.9937E-05 0.059995 9.9937E-05 9.9937E-05
9.9937E-05 9.9937E-05 9.9937E-05 9.9937E-05 9.9937E-05 0.938359 0.0453132 9.9937E-05 9.9937E-05 0.0156287
9.9946E-05 9.9946E-05 0.0527162 0.00989965 9.9946E-05 0.870836 9.9946E-05 9.9946E-05 0.0659481 9.9946E-05
9.9937E-05 9.9937E-05 9.9937E-05 9.9937E-05 9.9937E-05 0.881345 9.9937E-05 0.110272 0.00768306 9.9937E-05
9.9955E-05 9.9955E-05 9.9955E-05 0.0206807 9.9955E-05 0.810695 9.9955E-05 0.00953845 0.153403 0.00518302
0.00241403 9.9946E-05 0.0477259 9.9946E-05 9.9946E-05 0.830189 9.9946E-05 9.9946E-05 0.119072 9.9946E-05
9.9928E-05 9.9928E-05 9.9928E-05 9.9928E-05 9.9928E-05 0.819394 9.9928E-05 9.9928E-05 0.179806 9.9928E-05
9.9937E-05 9.9937E-05 9.9937E-05 9.9937E-05 9.9937E-05 0.913254 0.073737 9.9937E-05 9.9937E-05 0.0123093
9.9937E-05 9.9937E-05 9.9937E-05 9.9937E-05 9.9937E-05 0.899732 0.0821071 9.9937E-05 0.0174611 9.9937E-05
9.9937E-05 9.9937E-05 9.9937E-05 9.9937E-05 0.00406677 0.928931 9.9937E-05 0.0663023 9.9937E-05 9.9937E-05
9.9946E-05 9.9946E-05 9.9946E-05 0.0109784 9.9946E-05 0.874366 9.9946E-05 9.9946E-05 0.110825 0.00323107
9.9964E-05 0.519976 0.0162691 0.060229 9.9964E-05 9.9964E-05 0.166825 9.9964E-05 0.23587 0.000430597
9.9973E-05 0.65099 0.0459216 0.0697577 0.0195447 9.9973E-05 0.107135 9.9973E-05 0.0777511 0.0285999
0.0264099 0.73618 9.9973E-05 0.0103106 0.0172747 9.9973E-05 0.113197 0.0607516 9.9973E-05 0.0355753
0.0620317 0.576408 0.00651319 0.068456 9.9982E-05 0.0154768 0.0548042 9.9982E-05 0.190914 0.025196
0.0282638 0.544919 9.9982E-05 0.0444779 0.030448 9.9982E-05 0.149804 0.033633 0.123072 0.0451825
0.0312951 0.517445 0.0474011 0.0578905 9.9982E-05 0.021694 9.9982E-05 0.22946 0.0917839 0.00283036
9.9955E-05 0.723332 9.9955E-05 9.9955E-05 0.00420697 0.00981729 9.9955E-05 0.227397 9.9955E-05 0.0347473
0.0494292 0.736049 9.9964E-05 9.9964E-05 0.019969 0.00904125 9.9964E-05 0.156076 9.9964E-05 0.0290353
0.0341715 0.736769 9.9955E-05 9.9955E-05 0.00551099 9.9955E-05 0.162097 9.9955E-05 9.9955E-05 0.0609519
0.019156 0.726789 9.9982E-05 0.00387898 0.00865043 0.0251794 9.9982E-05 0.173282 0.0347549 0.00810998
9.9973E-05 0.770411 0.0436287 0.021265 0.0017259 9.9973E-05 0.0951392 0.0482945 0.0192362 9.9973E-05
0.0176988 0.87809 9.9964E-05 9.9964E-05 0.00240849 9.9964E-05 0.0379245 9.9964E-05 0.00894034 0.054538
0.00597056 0.712049 9.9964E-05 0.0149948 9.9964E-05 9.9964E-05 0.108684 0.147597 9.9964E-05 0.010305
9.9937E-05 0.720571 9.9937E-05 9.9937E-05 9.9937E-05 9.9937E-05 0.217239 9.9937E-05 9.9937E-05 0.0614897
0.0711266 0.591112 0.00232279 0.0222117 0.0329843 9.9973E-05 9.9973E-05 0.146168 0.133775 9.9973E-05
0.999101 9.99201E-05 9.99201E-05 9.99201E-05 9.99201E-05 9.99201E-05 9.99201E-05 9.99201E-05 9.99201E-05 9.99201E-05
0.553286 9.9964E-05 0.00756805 0.0149099 9.9964E-05 0.269319 9.9964E-05 0.0737446 0.0807731 9.9964E-05
0.979277 9.99279E-05 9.99279E-05 9.99279E-05 9.99279E-05 9.99279E-05 9.99279E-05 9.99279E-05 0.0199231 9.99279E-05
0.874563 0.0159166 9.9964E-05 9.9964E-05 9.9964E-05 0.0610053 9.9964E-05 0.0296436 0.0175733 0.000898242
0.647238 9.9955E-05 0.0559809 9.9955E-05 9.9955E-05 0.0841089 9.9955E-05 0.0749539 0.137219 9.9955E-05
0.569842 0.00176448 0.12269 0.0232056 9.9973E-05 0.195927 0.00416434 9.9973E-05 0.082107 9.9973E-05
0.779155 0.0334048 9.9964E-05 9.9964E-05 0.00455112 0.118132 0.0524083 9.9964E-05 9.9964E-05 0.0119484
0.889525 9.9937E-05 9.9937E-05 9.9937E-05 9.9937E-05 0.0834871 9.9937E-05 9.9937E-05 9.9937E-05 0.0262886
9.9946E-05 9.9946E-05 9.9946E-05 9.9946E-05 9.9946E-05 0.00169048 0.0785603 9.9946E-05 0.901052 0.0180971
9.9955E-05 0.00284351 9.9955E-05 9.9955E-05 0.0122864 9.9955E-05 0.201516 9.9955E-05 0.72642 0.056434
9.99201E-05 9.99201E-05 9.99201E-05 9.99201E-05 9.99201E-05 9.99201E-05 9.99201E-05 9.99201E-05 9.99201E-05 0.999101
0.120539 0.0763476 0.076507 0.0222226 9.9991E-05 0.00886676 0.0885652 0.495037 0.0966038 0.0152108
0.0650457 0.105364 9.9982E-05 9.9982E-05 0.00842778 0.0353638 0.0886647 0.570277 0.0977122 0.0289448
0.0769797 0.0774908 9.9973E-05 9.9973E-05 0.0235159 9.9973E-05 0.00871395 0.375456 0.402026 0.0355175
9.99201E-05 9.99201E-05 9.99201E-05 9.99201E-05 9.99201E-05 9.99201E-05 9.99201E-05 9.99201E-05 9.99201E-05 0.999101
9.9946E-05 9.9946E-05 9.9946E-05 0.00185787 9.9946E-05 0.0174673 9.9946E-05 9.9946E-05 0.0784623 0.901613
0.0484571 0.0488118 9.9973E-05 9.9973E-05 0.0389507 9.9973E-05 0.107743 0.131995 0.566431 0.0573112
9.9982E-05 0.0242891 0.0228584 0.0146637 0.0225374 9.9982E-05 0.128919 0.258778 0.510857 0.0168971
0.0250694 0.0443379 9.9991E-05 0.0261805 0.0364676 0.0318107 0.121959 0.265211 0.325824 0.123039
0.0838842 0.0163313 9.9964E-05 9.9964E-05 0.0289311 9.9964E-05 9.9964E-05 0.63703 0.196933 0.0364907
0.0584369 9.9982E-05 9.9982E-05 0.00344682 0.0379564 0.00166624 0.114831 0.726672 0.0174658 0.039325
9.9937E-05 9.9937E-05 9.9937E-05 9.9937E-05 9.9937E-05 9.9937E-05 9.9937E-05 0.0318263 0.959721 0.00775278
0.0155659 9.9955E-05 9.9955E-05 9.9955E-05 0.0186287 9.9955E-05 9.9955E-05 0.616053 0.323436 0.0258171
9.99201E-05 9.99201E-05 9.99201E-05 9.99201E-05 9.99201E-05 9.99201E-05 9.99201E-05 9.99201E-05 0.999101 9.99201E-05
9.9964E-05 9.9964E-05 0.00645519 9.9964E-05 0.0383551 9.9964E-05 0.0115594 0.863056 0.0697966 0.0103776
0.053788 0.0732906 9.9973E-05 0.0168529 0.0296462 9.9973E-05 9.9973E-05 0.535185 0.248312 0.0426257
9.9982E-05 0.0128894 0.0178442 0.0066087 0.0248154 9.9982E-05 0.106589 0.397441 0.378392 0.0552203
9.9973E-05 0.0119201 9.9973E-05 0.0131884 0.0262252 9.9973E-05 0.0867494 0.195436 0.66136 0.00482086
0.0386445 9.9964E-05 9.9964E-05 0.0157334 0.045001 0.0418856 9.9964E-05 0.432095 0.42624 9.9964E-05
9.9973E-05 9.9973E-05 0.0500397 0.0104657 0.015801 9.9973E-05 0.0909033 0.192035 0.606454 0.0340012
9.99201E-05 9.99201E-05 9.99201E-05 9.99201E-05 9.99201E-05 9.99201E-05 9.99201E-05 9.99201E-05 0.999101 9.99201E-05
