0.189099 0.0282392 9.9964E-05 9.9964E-05 9.9964E-05 0.681415 9.9964E-05 0.100846
0.110286 0.0292163 9.9973E-05 9.9973E-05 0.128775 0.713049 9.9973E-05 0.0183733
0.0329409 0.0512962 0.00701823 9.9991E-05 0.0790025 0.725769 0.00245272 0.10142
9.9973E-05 0.00481178 0.0589628 9.9973E-05 0.103387 0.699353 0.133186 9.9973E-05
9.9964E-05 0.0249479 9.9964E-05 9.9964E-05 0.0881023 0.695068 0.191481 9.9964E-05
9.9973E-05 0.0240356 9.9973E-05 9.9973E-05 0.0153187 0.768091 0.121954 0.070301
0.157936 0.0322059 0.0788537 0.00799254 0.0172661 0.624369 0.0812772 9.9991E-05
0.213529 0.0098017 0.0471269 0.0081 0.0310472 0.668187 0.022108 9.9991E-05
0.200681 9.9973E-05 0.050351 0.0335553 9.9973E-05 0.687315 0.0277982 9.9973E-05
9.994E-05 0.9993 9.994E-05 9.994E-05 9.994E-05 9.994E-05 9.994E-05 9.994E-05
0.577208 0.121066 9.9973E-05 9.9973E-05 0.0920318 9.9973E-05 0.150486 0.0589078
0.605189 0.0997545 0.0248769 0.0100489 0.0925999 9.9991E-05 0.15303 0.014401
0.328121 0.569676 0.0486523 0.0528341 9.9973E-05 0.000417286 9.9973E-05 9.9973E-05
0.211988 0.67733 0.0394647 9.9964E-05 9.9964E-05 0.0708172 9.9964E-05 9.9964E-05
9.9955E-05 0.967539 9.9955E-05 9.9955E-05 0.0168051 9.9955E-05 0.0151559 9.9955E-05
0.464071 0.367086 9.9982E-05 0.0100518 0.0689325 0.00426333 9.9982E-05 0.0853953
9.994E-05 0.9993 9.994E-05 9.994E-05 9.994E-05 9.994E-05 9.994E-05 9.994E-05
0.214313 0.676965 9.9982E-05 0.0169516 0.0172191 0.0139839 9.9982E-05 0.0603669
0.147754 0.774193 0.0248959 0.0156298 0.0120119 0.0253152 9.9982E-05 9.9982E-05
0.611772 0.0722446 0.0277131 9.9991E-05 0.0480378 0.028038 0.180611 0.0314836
9.994E-05 0.9993 9.994E-05 9.994E-05 9.994E-05 9.994E-05 9.994E-05 9.994E-05
0.432006 0.01017 0.0560641 0.0425234 0.274698 9.9982E-05 9.9982E-05 0.184339
0.398251 0.015685 0.0236479 0.0357677 0.332703 0.0234499 0.0629634 0.107532
0.108971 0.0227114 0.0366463 0.0238732 0.522067 0.0120217 0.185521 0.0881878
0.0354335 9.9964E-05 0.0118453 9.9964E-05 0.951386 9.9964E-05 9.9964E-05 0.000935064
0.263094 0.0254181 0.049985 9.9991E-05 0.270236 0.0371816 0.270319 0.0836656
0.186945 0.0203039 0.0527212 0.0249611 0.452705 9.9991E-05 0.146503 0.115761
0.393797 9.9973E-05 0.0367651 0.0434595 0.441382 9.9973E-05 9.9973E-05 0.0842965
0.277483 0.0344155 0.0209916 0.038767 0.42051 0.0178202 0.09747 0.0925433
0.202723 9.9973E-05 0.0325766 0.0478583 0.687462 9.9973E-05 9.9973E-05 0.0290809
0.335504 0.0348092 0.044916 0.0164111 0.491942 9.9982E-05 9.9982E-05 0.0762185
0.101224 0.00189581 0.023834 0.28917 9.9982E-05 0.553072 9.9982E-05 0.0306041
0.191858 0.00268644 9.9973E-05 0.121575 9.9973E-05 0.65624 9.9973E-05 0.0273401
0.184162 9.9982E-05 0.000675823 0.172931 9.9982E-05 0.598048 0.0156064 0.0283773
0.0117931 9.9973E-05 0.0119645 0.180511 9.9973E-05 0.7356 0.0598323 9.9973E-05
0.254427 9.9964E-05 0.00287976 0.192153 9.9964E-05 0.550141 9.9964E-05 9.9964E-05
0.0686798 9.9982E-05 0.0154418 0.226353 9.9982E-05 0.626386 0.0391114 0.023828
0.144652 9.9964E-05 0.0189361 0.12799 9.9964E-05 0.708023 9.9964E-05 9.9964E-05
0.0652304 9.9973E-05 0.0152257 0.129727 9.9973E-05 0.765347 0.0241697 9.9973E-05
9.9973E-05 0.0386695 9.9973E-05 0.182584 0.0245954 0.619347 0.134504 9.9973E-05
9.9964E-05 9.9964E-05 9.9964E-05 0.172862 9.9964E-05 0.759729 0.00236374 0.064645
9.9964E-05 0.0132977 0.911736 9.9964E-05 0.0731606 9.9964E-05 0.00140632 9.9964E-05
0.0320135 9.9973E-05 0.946703 9.9973E-05 0.0150721 9.9973E-05 0.00372761 0.00218419
0.0230324 9.9964E-05 0.900584 0.0251278 0.0508561 9.9964E-05 9.9964E-05 9.9964E-05
0.110138 9.9955E-05 0.880599 0.00876285 9.9955E-05 9.9955E-05 9.9955E-05 9.9955E-05
0.0568097 9.9964E-05 0.867314 0.0115529 0.0639235 9.9964E-05 9.9964E-05 9.9964E-05
0.0832413 9.9955E-05 0.888624 0.0276353 9.9955E-05 9.9955E-05 9.9955E-05 9.9955E-05
0.141943 9.9982E-05 0.762267 0.0467325 0.0139693 9.9982E-05 0.00405155 0.0308362
9.9964E-05 0.0265971 0.933692 9.9964E-05 0.00837992 9.9964E-05 9.9964E-05 0.0309313
9.9946E-05 9.9946E-05 0.994131 9.9946E-05 9.9946E-05 9.9946E-05 0.00526982 9.9946E-05
0.093538 9.9955E-05 0.897722 0.00824065 9.9955E-05 9.9955E-05 9.9955E-05 9.9955E-05
9.994E-05 9.994E-05 0.9993 9.994E-05 9.994E-05 9.994E-05 9.994E-05 9.994E-05
9.994E-05 9.994E-05 0.9993 9.994E-05 9.994E-05 9.994E-05 9.994E-05 9.994E-05
9.9946E-05 9.9946E-05 9.9946E-05 0.0333724 9.9946E-05 9.9946E-05 9.9946E-05 0.966028
0.0374427 0.021262 9.9982E-05 0.0434669 0.0976754 9.9982E-05 0.0774908 0.722462
0.149199 0.00979318 0.0332046 0.0151396 0.193898 0.0614186 0.0579872 0.47936
0.0486145 0.0479304 9.9964E-05 9.9964E-05 0.0597045 9.9964E-05 9.9964E-05 0.843351
0.109887 0.00798931 0.0585098 0.0279798 0.106315 0.0153263 0.0581384 0.615854
9.9982E-05 0.0390024 0.0580935 0.0350589 0.153489 9.9982E-05 0.0415343 0.672622
0.122089 9.9973E-05 0.00274194 0.0404961 9.9973E-05 0.00394881 9.9973E-05 0.830424
0.185933 9.9964E-05 0.0153032 0.0265532 9.9964E-05 9.9964E-05 9.9964E-05 0.771811
9.9973E-05 0.0175539 9.9973E-05 9.9973E-05 0.0594713 0.480859 0.383203 0.0586132
9.9946E-05 9.9946E-05 9.9946E-05 9.9946E-05 9.9946E-05 0.500002 0.499399 9.9946E-05
0.201195 9.9973E-05 0.0240918 0.0322642 9.9973E-05 0.484717 0.257432 9.9973E-05
9.9982E-05 0.00887884 0.0270768 0.0219856 0.0520343 0.584388 0.305436 9.9982E-05
0.0381505 9.9964E-05 0.03998 9.9964E-05 9.9964E-05 0.344447 0.577023 9.9964E-05
0.0518783 0.0510103 9.9991E-05 0.0451916 0.121198 0.476139 0.171779 0.0827028
0.143925 0.00577522 9.9991E-05 0.0148392 0.0800568 0.519639 0.23134 0.00432535
0.0203576 0.0266015 0.0437966 0.0239444 0.00422061 0.503534 0.377445 9.9991E-05
0.266623 9.9973E-05 0.0353839 0.0113273 9.9973E-05 0.469228 0.217138 9.9973E-05
0.106109 0.0159181 0.00493841 0.00765282 0.0420847 0.556633 0.233414 0.0332502
9.9946E-05 9.9946E-05 9.9946E-05 9.9946E-05 9.9946E-05 0.374485 0.624916 9.9946E-05
0.676174 0.0916892 0.0412984 0.0410499 0.0806954 0.0103354 0.0312325 0.0275248
0.767874 0.0761257 0.0131174 0.021911 0.0787204 0.0379839 9.9991E-05 0.00416796
0.684993 0.112724 0.0239427 0.0804889 0.0683392 0.029312 9.9982E-05 9.9982E-05
0.745924 0.091327 0.0194174 0.0381873 0.0343999 0.0424914 9.9991E-05 0.0281527
0.389937 0.144191 0.0125052 9.9982E-05 0.118104 9.9982E-05 0.310769 0.0242949
0.461249 0.116865 9.9973E-05 9.9973E-05 0.183496 9.9973E-05 0.176137 0.0619525
0.361775 0.143044 9.9973E-05 9.9973E-05 0.203598 9.9973E-05 0.160264 0.131019
0.616961 0.144104 9.9982E-05 0.00829424 0.0627227 9.9982E-05 0.104928 0.06279
0.36195 0.114382 9.9982E-05 9.9982E-05 0.120031 0.0126836 0.189861 0.200893
0.383239 0.0820273 9.9982E-05 0.0136426 0.259868 9.9982E-05 0.220209 0.0408149
0.728179 0.0364114 0.0354436 0.0191951 0.0564012 0.0178722 0.0930678 0.0134295
0.397837 0.0982672 0.0175297 9.9982E-05 0.224104 9.9982E-05 0.1932 0.0688615
0.134454 9.9973E-05 0.7722 9.9973E-05 9.9973E-05 0.00821217 0.000835968 0.0839973
0.209879 0.00581819 0.743971 9.9964E-05 9.9964E-05 9.9964E-05 9.9964E-05 0.0399321
9.9955E-05 9.9955E-05 0.789476 9.9955E-05 9.9955E-05 9.9955E-05 0.145952 0.0640725
0.145941 9.9964E-05 0.831259 0.0103133 9.9964E-05 0.0120866 9.9964E-05 9.9964E-05
0.160474 9.9946E-05 0.838926 9.9946E-05 9.9946E-05 9.9946E-05 9.9946E-05 9.9946E-05
0.248486 0.00463954 0.694409 0.0177316 9.9982E-05 0.00554126 9.9982E-05 0.0289932
0.251145 9.9955E-05 0.736587 0.011768 9.9955E-05 9.9955E-05 9.9955E-05 9.9955E-05
0.247217 9.9973E-05 0.662128 0.00449583 9.9973E-05 0.0335655 9.9973E-05 0.0522935
0.26401 9.9955E-05 0.704201 0.0312895 9.9955E-05 9.9955E-05 9.9955E-05 9.9955E-05
9.994E-05 9.994E-05 9.994E-05 9.994E-05 9.994E-05 9.994E-05 0.9993 9.994E-05
9.9973E-05 9.9973E-05 0.0263613 0.0179211 9.9973E-05 0.0676684 0.879869 0.00788042
0.00234702 0.0379531 0.0337336 9.9973E-05 9.9973E-05 0.277643 0.648024 9.9973E-05
0.125429 0.0173237 9.9982E-05 0.0054387 0.054293 0.225233 0.572082 9.9982E-05
0.346105 0.00030537 0.0023024 0.0215489 9.9982E-05 0.206143 0.423395 9.9982E-05
0.464846 9.9973E-05 0.00820521 0.02983 9.9973E-05 0.114991 0.381828 9.9973E-05
0.157308 0.02526 0.0060029 0.0420039 9.9973E-05 9.9973E-05 0.769125 9.9973E-05
9.994E-05 9.994E-05 9.994E-05 9.994E-05 9.994E-05 9.994E-05 0.9993 9.994E-05
0.035264 0.0195012 9.9973E-05 9.9973E-05 9.9973E-05 0.196568 0.718457 0.0299096
0.111303 9.9946E-05 9.9946E-05 9.9946E-05 9.9946E-05 9.9946E-05 0.888098 9.9946E-05
0.185935 9.9973E-05 9.9973E-05 0.00181529 9.9973E-05 0.078652 0.718885 0.0144131
0.00563877 0.00926522 0.0268399 0.0100698 9.9982E-05 0.0273593 0.920627 9.9982E-05
0.173307 9.9982E-05 0.00417452 0.0153526 9.9982E-05 0.0112229 0.0219509 0.773792
0.0853044 0.00353306 9.9964E-05 9.9964E-05 0.0649016 9.9964E-05 9.9964E-05 0.845861
0.345268 9.9982E-05 0.034483 0.00919226 9.9982E-05 0.0899616 0.0166393 0.504256
0.187048 9.9973E-05 0.0346594 9.9973E-05 9.9973E-05 0.0678644 0.00432622 0.705802
9.9955E-05 0.0300524 9.9955E-05 9.9955E-05 9.9955E-05 9.9955E-05 0.273848 0.6956
0.242226 0.00770566 0.0470513 0.0424631 0.0122585 0.0595413 9.9991E-05 0.588654
0.255976 0.00390443 0.0213145 9.9973E-05 0.0066402 9.9973E-05 9.9973E-05 0.711865
0.263248 9.9964E-05 0.0389095 9.9964E-05 9.9964E-05 0.0391158 9.9964E-05 0.658327
0.0898933 9.9973E-05 9.9973E-05 9.9973E-05 0.0508632 0.0109974 0.0170155 0.830931
0.204042 9.9964E-05 9.9964E-05 0.00938418 0.00501286 9.9964E-05 9.9964E-05 0.781162
0.0748861 0.0433663 0.0070906 0.0188414 0.0525465 9.9991E-05 0.0114887 0.79168
9.9955E-05 9.9955E-05 9.9955E-05 0.729676 9.9955E-05 0.080014 0.189811 9.9955E-05
9.9973E-05 0.0101693 9.9973E-05 0.660713 0.0318502 0.189774 0.107193 9.9973E-05
0.0308977 0.0042211 0.0388853 0.686178 9.9991E-05 0.177353 0.0526064 0.00975797
0.0942005 9.9973E-05 0.0249858 0.583283 0.0692261 0.228005 9.9973E-05 9.9973E-05
0.195524 9.9964E-05 0.0281953 0.586498 9.9964E-05 0.189382 9.9964E-05 9.9964E-05
0.214339 9.9964E-05 0.0319152 0.571673 9.9964E-05 0.181673 9.9964E-05 9.9964E-05
0.206666 9.9964E-05 0.00433713 0.61782 9.9964E-05 0.170777 9.9964E-05 9.9964E-05
9.9964E-05 0.0154129 9.9964E-05 0.726778 9.9964E-05 0.190974 9.9964E-05 0.0664344
9.9964E-05 9.9964E-05 9.9964E-05 0.654555 0.000588493 0.196779 0.147677 9.9964E-05
0.163456 9.9973E-05 0.00872749 0.636718 0.00270338 0.188095 9.9973E-05 9.9973E-05
0.135302 9.9973E-05 0.0246854 0.601456 9.9973E-05 0.231183 0.0070736 9.9973E-05
0.216131 9.9964E-05 0.0162661 0.668205 9.9964E-05 0.0989978 9.9964E-05 9.9964E-05
0.141866 0.00333707 9.9973E-05 0.15441 0.0966785 0.603409 9.9973E-05 9.9973E-05
0.184023 0.0172617 0.0143561 0.0963133 9.9973E-05 0.687746 9.9973E-05 9.9973E-05
9.9982E-05 0.00745527 0.005574 0.113122 0.127095 0.730307 0.0162471 9.9982E-05
0.0577625 0.0280684 0.0513645 0.150194 0.0226844 0.661846 0.0123612 0.0157184
0.216445 9.9964E-05 0.0232315 0.152604 9.9964E-05 0.607319 9.9964E-05 9.9964E-05
0.164938 0.0194697 0.013252 0.157373 0.0229178 0.62185 9.9982E-05 9.9982E-05
0.0247152 0.0247736 9.9982E-05 0.104164 0.0984186 0.697222 0.0505066 9.9982E-05
0.124125 0.02829 0.00702428 0.104382 9.9991E-05 0.670189 0.0570816 0.00880802
0.115243 9.9973E-05 0.0240122 0.137097 9.9973E-05 0.670901 0.0524472 9.9973E-05
0.172664 9.9973E-05 0.0223534 0.140968 9.9973E-05 0.634807 0.0289085 9.9973E-05
9.9982E-05 0.00859141 9.9982E-05 0.146644 0.134895 0.6302 0.0770535 0.00241623
0.195473 9.9964E-05 0.0255871 0.171324 9.9964E-05 0.607217 9.9964E-05 9.9964E-05
9.9964E-05 0.0153356 9.9964E-05 0.931957 0.0417679 9.9964E-05 9.9964E-05 0.0105395
9.9973E-05 0.0179306 9.9973E-05 0.946344 0.000320176 9.9973E-05 0.0186297 0.0164759
9.9955E-05 9.9955E-05 9.9955E-05 0.955829 0.0258565 9.9955E-05 0.0178148 9.9955E-05
0.0650031 9.9955E-05 0.019848 0.914649 9.9955E-05 9.9955E-05 9.9955E-05 9.9955E-05
0.11261 9.9955E-05 0.00464894 0.882241 9.9955E-05 9.9955E-05 9.9955E-05 9.9955E-05
0.142696 9.9973E-05 0.0239674 0.81895 0.0134753 0.000610743 9.9973E-05 9.9973E-05
0.113791 0.00199285 9.9964E-05 0.84556 9.9964E-05 0.0382567 9.9964E-05 9.9964E-05
0.135754 9.9946E-05 9.9946E-05 0.863646 9.9946E-05 9.9946E-05 9.9946E-05 9.9946E-05
9.9946E-05 9.9946E-05 9.9946E-05 0.930342 9.9946E-05 9.9946E-05 0.0690584 9.9946E-05
9.9946E-05 9.9946E-05 9.9946E-05 0.906898 9.9946E-05 9.9946E-05 0.0925019 9.9946E-05
9.9955E-05 0.0153987 9.9955E-05 0.939476 9.9955E-05 9.9955E-05 9.9955E-05 0.044625
0.104578 9.9964E-05 0.00431686 0.879344 0.0113606 9.9964E-05 9.9964E-05 9.9964E-05
0.212945 9.9982E-05 0.0909373 0.0034154 9.9982E-05 0.00196827 0.176187 0.514347
9.9991E-05 0.0166808 0.0949801 0.00271982 0.144749 0.0403624 0.0901139 0.610294
9.9973E-05 0.030958 0.0107038 9.9973E-05 0.10062 9.9973E-05 0.0976705 0.759748
0.161294 0.00762041 0.0924758 0.0299775 0.0726248 0.0309233 0.0533499 0.551734
0.0425303 0.0471054 0.0555748 9.9991E-05 0.130739 0.0591536 0.111559 0.553237
0.227868 9.9982E-05 0.0679716 0.0264767 0.0610337 0.059231 9.9982E-05 0.557219
0.073806 0.0219634 9.9973E-05 0.0166805 0.111409 9.9973E-05 9.9973E-05 0.775841
0.103506 0.0347041 9.9982E-05 0.0285473 0.0892037 0.00468493 9.9982E-05 0.739154
9.9955E-05 9.9955E-05 9.9955E-05 9.9955E-05 0.144198 9.9955E-05 0.14054 0.714762
0.127696 0.0256712 0.0097057 0.0438687 0.0304878 9.9982E-05 9.9982E-05 0.762371
0.0256029 0.00105902 0.0194466 0.0179885 9.9982E-05 9.9982E-05 0.113348 0.822355
9.9973E-05 0.00577044 9.9973E-05 0.00988755 0.119214 9.9973E-05 0.009636 0.855192
9.9973E-05 9.9973E-05 0.0187517 9.9973E-05 0.105322 0.0364575 0.0734013 0.765768
9.9955E-05 9.9955E-05 9.9955E-05 9.9955E-05 0.126126 9.9955E-05 0.19719 0.676185
0.196892 0.0231062 0.0257291 9.9982E-05 0.0656974 0.0544554 9.9982E-05 0.63392
9.9964E-05 0.0132751 9.9964E-05 9.9964E-05 0.0372157 0.81609 9.9964E-05 0.13302
0.178071 0.0155921 0.0130611 0.260518 9.9982E-05 0.487902 9.9982E-05 0.0446561
0.0153603 0.0165319 0.00701655 0.00148156 0.045145 0.829106 9.9991E-05 0.0852583
0.0329328 0.00487129 0.00276366 0.0395927 0.0919238 0.748295 0.0064029 0.0732179
0.242045 9.9964E-05 9.9964E-05 0.0828033 0.0459058 0.628846 9.9964E-05 9.9964E-05
0.074344 0.00398946 0.0301757 0.208366 0.00507651 0.602216 0.0317106 0.0441216
9.9982E-05 0.0351158 9.9982E-05 0.104482 0.0990871 0.637941 0.0402439 0.0829302
9.9982E-05 0.0252337 0.0189679 0.0744436 0.099631 0.744249 0.0372749 9.9982E-05
0.746742 9.9973E-05 0.0415424 0.0309629 0.0893263 9.9973E-05 0.0911264 9.9973E-05
0.58355 0.0198894 9.9973E-05 9.9973E-05 0.138127 9.9973E-05 0.211936 0.0461974
9.994E-05 9.994E-05 9.994E-05 9.994E-05 0.9993 9.994E-05 9.994E-05 9.994E-05
0.43217 0.00520316 0.0127234 0.0233262 0.103991 0.142582 0.129478 0.150526
0.468572 0.0219439 9.9991E-05 0.0355492 0.120501 0.0116122 0.177033 0.164688
0.61495 0.0243988 9.9982E-05 9.9982E-05 0.138902 0.0349571 0.0504175 0.136175
9.994E-05 9.994E-05 9.994E-05 9.994E-05 0.9993 9.994E-05 9.994E-05 9.994E-05
9.994E-05 9.994E-05 9.994E-05 9.994E-05 0.9993 9.994E-05 9.994E-05 9.994E-05
0.54855 0.0346744 0.00680408 9.9991E-05 0.163346 0.0417391 0.124891 0.0798949
0.625999 0.0452769 0.0308976 0.000622399 0.0561813 0.0191535 0.185283 0.0365866
0.362576 0.0394226 0.0365038 0.0264794 0.339585 0.0248384 0.110272 0.0603221
0.66924 0.0404798 9.9982E-05 9.9982E-05 0.165415 0.0205411 0.0172407 0.0868832
0.405223 0.0616486 9.9982E-05 0.0316508 0.27338 9.9982E-05 0.146001 0.0818974
0.953112 9.9946E-05 9.9946E-05 9.9946E-05 0.0462884 9.9946E-05 9.9946E-05 9.9946E-05
0.768368 0.03476 9.9982E-05 0.00723231 0.147819 9.9982E-05 0.0093923 0.0322285
0.964705 9.9946E-05 9.9946E-05 9.9946E-05 9.9946E-05 9.9946E-05 0.0346953 9.9946E-05
0.61885 0.0654838 9.9973E-05 9.9973E-05 0.164201 9.9973E-05 0.0655406 0.0856253
0.598291 0.0479775 0.00762954 9.9991E-05 0.17349 0.0126038 0.0121544 0.147754
0.621482 0.0363065 0.0148367 9.9982E-05 0.148466 9.9982E-05 0.154017 0.024692
0.779914 0.0227615 0.0285241 9.9982E-05 0.0330423 9.9982E-05 0.127506 0.00805138
0.755168 0.04453 0.0310992 0.0498336 0.0655046 0.0189054 9.9991E-05 0.0348593
0.673003 0.0221065 0.0317927 0.010091 0.0910709 0.0567421 0.091744 0.0234498
0.9993 9.994E-05 9.994E-05 9.994E-05 9.994E-05 9.994E-05 9.994E-05 9.994E-05
