0.0207051 0.177108 0.65509 0.147097
9.999E-05 0.144017 0.705385 0.150499
0.0223878 0.12537 0.725347 0.126896
0.0664041 0.0983478 0.82456 0.0106881
9.999E-05 0.0242381 0.938796 0.0368658
0.0154082 0.0132899 0.971202 9.9991E-05
0.109143 0.169223 0.630931 0.0907035
0.0662908 0.186673 0.681044 0.0659919
0.0766419 0.210604 0.69565 0.0171047
9.998E-05 9.998E-05 9.998E-05 0.9997
0.0300875 0.0320402 0.121006 0.816867
0.0631981 0.0841797 0.141778 0.710844
0.0671266 0.143155 9.9991E-05 0.789618
0.0463718 0.11327 0.0227953 0.817563
9.9982E-05 0.0218429 9.9982E-05 0.977957
0.0257068 0.104016 9.9991E-05 0.870177
9.99834E-05 0.0752646 9.99834E-05 0.924535
9.9982E-05 0.100797 9.9982E-05 0.899003
0.0259818 0.110731 9.9991E-05 0.863188
0.0709521 0.0558382 0.198865 0.674344
9.9982E-05 0.02014 9.9982E-05 0.97966
0.12716 0.134129 0.037758 0.700953
0.0724339 0.0984137 0.143665 0.685487
0.081599 0.0452829 0.217995 0.655123
0.0488528 0.0846348 0.037683 0.828829
0.10058 0.0234997 0.266804 0.609117
0.101274 0.0749064 0.121124 0.702696
0.100986 0.140875 0.0189811 0.739158
0.0711229 0.0771475 0.134138 0.717592
0.0807074 0.150598 0.0149288 0.753766
0.0937463 0.1118 0.0350049 0.759449
0.0438588 0.499311 0.425324 0.0315063
9.9991E-05 0.348148 0.541252 0.1105
0.0305519 0.377742 0.543855 0.0478511
9.9982E-05 0.344867 0.654933 9.9982E-05
0.040293 0.406099 0.510963 0.0426454
0.0278449 0.410691 0.561364 9.9991E-05
0.0297821 0.332568 0.63755 9.9991E-05
0.00971025 0.329362 0.660828 9.9991E-05
9.9982E-05 0.312352 0.687448 9.9982E-05
9.9982E-05 0.371975 0.627825 9.9982E-05
0.947512 0.00344183 9.9991E-05 0.0489464
0.983513 0.0162872 9.9982E-05 9.9982E-05
0.934498 0.046996 9.9991E-05 0.018406
0.920351 0.053418 9.9991E-05 0.0261314
0.900442 0.0638044 9.9991E-05 0.0356541
0.918253 0.0719017 9.9991E-05 0.00974486
0.808712 0.0759485 0.0169627 0.0983769
0.978803 0.00702923 9.9991E-05 0.014068
0.9997 9.998E-05 9.998E-05 9.998E-05
0.957884 0.041916 9.9982E-05 9.9982E-05
0.9997 9.998E-05 9.998E-05 9.998E-05
0.9997 9.998E-05 9.998E-05 9.998E-05
0.202174 0.103186 9.9991E-05 0.69454
0.135218 0.0591784 0.0873711 0.718232
0.145405 0.0497228 0.179629 0.625243
0.18645 0.0323367 0.0434844 0.737729
0.189882 0.0540571 0.115395 0.640666
0.214238 0.0456588 0.0909728 0.649131
0.219398 0.112334 0.0435434 0.624724
0.213968 0.0747661 0.0551522 0.656114
9.9991E-05 0.0356457 0.83887 0.125384
9.9982E-05 9.9982E-05 0.982165 0.017635
0.040367 0.124552 0.703456 0.131625
0.022334 0.10361 0.810473 0.0635829
0.0526671 9.9991E-05 0.812847 0.134386
0.0325937 0.145696 0.587864 0.233846
9.9991E-05 0.108405 0.701035 0.19046
0.0419292 0.0957314 0.783301 0.0790387
0.0698224 0.108707 0.691976 0.129495
0.0252015 0.111364 0.711821 0.151613
9.998E-05 9.998E-05 0.9997 9.998E-05
0.0908906 0.167393 0.0521187 0.689597
0.080789 0.175462 0.023645 0.720104
0.0797302 0.210739 0.0304997 0.679031
0.0818264 0.184293 0.0570339 0.676847
0.043893 0.00555926 0.197052 0.753495
0.0117548 0.0139687 0.197064 0.777212
0.00632487 0.0178658 0.138224 0.837585
9.9991E-05 0.117573 0.0219358 0.860392
0.0568749 0.000828133 0.213692 0.728605
0.0187105 0.0607001 0.162637 0.757952
0.0930254 0.113534 0.123015 0.670426
0.0527561 0.0195781 0.152391 0.775274
0.833397 0.0371126 0.0263438 0.103147
0.79977 0.0580101 9.9991E-05 0.14212
0.861372 9.9991E-05 0.0721703 0.066358
0.88267 0.0424787 0.0283528 0.0464984
0.89191 0.0390345 0.0127971 0.0562588
0.749187 0.0884233 9.9991E-05 0.16229
0.801413 0.0904649 9.9991E-05 0.108022
0.735536 0.0826208 0.0368977 0.144946
0.775868 0.0892207 9.9991E-05 0.134811
9.9982E-05 9.9982E-05 0.553669 0.446131
0.0268669 9.9991E-05 0.692907 0.280126
0.0203006 9.9991E-05 0.752767 0.226832
9.9991E-05 0.0093715 0.640755 0.349773
0.0473914 0.0800134 0.534221 0.338374
0.044967 0.105529 0.407601 0.441903
0.0217605 0.0307675 0.4896 0.457872
0.00131455 9.9991E-05 0.541141 0.457444
9.9982E-05 9.9982E-05 0.702097 0.297703
0.00789123 9.9991E-05 0.486994 0.505015
9.9982E-05 9.9982E-05 0.592476 0.407324
0.0156221 9.9991E-05 0.664989 0.319289
0.183528 0.0576735 0.0881619 0.670637
0.180566 0.0353082 0.0442477 0.739878
0.173418 0.0873445 0.173613 0.565624
0.216787 0.0503307 0.15065 0.582232
0.172202 9.9991E-05 0.22459 0.603108
0.202822 0.10026 0.0903436 0.606574
0.202792 0.0628074 9.9991E-05 0.734301
0.215811 0.0535749 0.115492 0.615122
0.184865 9.9991E-05 0.129076 0.685958
0.17277 0.0595695 0.0439779 0.723682
0.179905 0.0292495 0.0933429 0.697503
9.9982E-05 0.762225 0.237575 9.9982E-05
9.9982E-05 0.757164 0.242636 9.9982E-05
0.0466511 0.78559 0.167659 9.9991E-05
0.0469723 0.740809 0.172187 0.0400317
0.065687 0.762954 0.117378 0.0539809
0.071188 0.782146 0.0873878 0.0592784
0.0535585 0.794627 0.0742896 0.0775252
0.00444067 0.874619 0.116056 0.00488482
9.9982E-05 0.725753 0.274047 9.9982E-05
0.0229096 0.776594 0.181936 0.0185609
0.0537469 0.73326 0.212893 9.9991E-05
0.0639997 0.832239 9.9991E-05 0.103661
0.0175742 0.377447 0.502167 0.102811
0.0299105 0.297073 0.631574 0.0414421
0.00385727 0.281092 0.708577 0.00647348
0.0633098 0.325436 0.604636 0.00661802
0.0519333 0.368558 0.546032 0.0334761
0.0338023 0.366152 0.508354 0.0916913
0.00179804 0.280496 0.672686 0.0450199
0.0143302 0.270586 0.664227 0.0508562
0.0334554 0.329366 0.637079 9.9991E-05
0.0444338 0.333351 0.618499 0.00371571
0.00384711 0.307838 0.66499 0.0233245
0.0601606 0.37976 0.540586 0.0194933
9.9982E-05 0.985785 9.9982E-05 0.0140146
9.998E-05 0.9997 9.998E-05 9.998E-05
9.998E-05 0.9997 9.998E-05 9.998E-05
0.0124299 0.98737 9.9982E-05 9.9982E-05
0.0130219 0.977136 9.9991E-05 0.00974257
0.0392582 0.916343 9.9991E-05 0.0442984
0.0115037 0.95354 0.0167584 0.0181976
0.0216274 0.978173 9.9982E-05 9.9982E-05
9.998E-05 0.9997 9.998E-05 9.998E-05
9.998E-05 0.9997 9.998E-05 9.998E-05
9.998E-05 0.9997 9.998E-05 9.998E-05
0.0191881 0.974507 9.9991E-05 0.00620451
0.216 0.0131031 0.227051 0.543846
0.22831 9.9991E-05 0.20304 0.56855
0.184505 9.9991E-05 0.159335 0.65606
0.23922 0.0584874 0.143696 0.558597
0.184641 9.9991E-05 0.203507 0.611752
0.21729 0.109099 0.0740819 0.599529
0.162428 0.0724354 9.9991E-05 0.765036
0.16312 0.048125 0.0836399 0.705115
0.151625 9.9991E-05 0.212832 0.635443
0.18559 0.0842215 0.0365931 0.693595
0.206416 0.0198756 0.127111 0.646597
0.184992 9.9991E-05 0.144807 0.670102
0.190935 9.9991E-05 0.154682 0.654283
0.144186 9.9991E-05 0.217421 0.638293
0.177748 0.0915222 0.0452872 0.685442
0.0122922 0.194603 0.764394 0.0287113
0.0495751 0.445391 0.408619 0.0964151
0.0341796 0.19667 0.750754 0.0183955
0.0281675 0.219599 0.707074 0.0451602
0.0240386 0.319886 0.512231 0.143844
0.0535707 0.374425 0.570199 0.00180557
9.9991E-05 0.247829 0.686879 0.065192
0.0228304 0.229477 0.747593 9.9991E-05
0.105659 0.129813 0.140122 0.624406
0.0332738 9.9991E-05 0.207852 0.758774
0.0104951 9.9991E-05 0.20231 0.787095
0.0773626 0.0929356 0.28994 0.539762
0.0465334 0.093043 0.177802 0.682621
0.0629355 0.0504691 0.155898 0.730698
0.00987241 9.9991E-05 0.250359 0.739668
0.0281136 0.0241883 0.203719 0.743979
0.0560281 0.0481594 0.211908 0.683904
0.0926228 0.075864 0.169151 0.662362
0.074484 0.0805564 0.170368 0.674592
0.0566593 0.098696 0.107482 0.737163
0.0435758 0.0475314 0.186593 0.7223
0.084872 0.165148 0.0412753 0.708704
0.039091 0.125062 0.0426279 0.793219
0.0772446 0.0593929 0.137948 0.725415
0.0321211 0.0757912 0.0737854 0.818302
0.084488 0.0665234 0.090349 0.75864
0.0519389 0.0614047 0.157176 0.72948
0.0978957 0.074689 0.087502 0.739913
0.0894647 0.200306 9.9991E-05 0.710129
0.0901592 0.0996125 0.164756 0.645473
0.0657603 0.0983276 0.0997485 0.736164
