0.166867 0.662114 0.0212329 0.149786
0.147896 0.69497 9.9991E-05 0.157034
0.116927 0.74013 0.023279 0.119664
0.105794 0.833955 0.0601511 9.9991E-05
0.0192239 0.950472 9.9991E-05 0.0302045
0.0074474 0.966882 0.0163835 0.00928734
0.161286 0.654148 0.0927967 0.091769
0.149981 0.717344 0.0714118 0.0612642
0.195414 0.723482 0.0690933 0.0120112
9.998E-05 9.998E-05 9.998E-05 0.9997
0.0386658 0.127699 0.0230449 0.810591
0.092986 0.135021 0.0724365 0.699556
0.144291 9.9991E-05 0.0682689 0.78734
0.102876 0.0233284 0.043997 0.829799
0.0213681 9.9982E-05 9.9982E-05 0.978432
0.0989315 9.9991E-05 0.0299939 0.870975
0.0717112 9.9991E-05 0.000489443 0.927699
0.0891932 9.9991E-05 0.0026215 0.908085
0.109012 9.9991E-05 0.0263183 0.86457
0.0613377 0.201089 0.0652039 0.672369
0.0287427 9.9982E-05 9.9982E-05 0.971057
0.121884 0.056325 0.137571 0.684219
0.0967016 0.141602 0.0773179 0.684379
0.0378609 0.224884 0.0848741 0.652381
0.0734876 0.0582028 0.0497605 0.818549
0.0209966 0.273033 0.0950985 0.610872
0.0716811 0.117368 0.0995685 0.711382
0.140548 0.0312824 0.104624 0.723546
0.0918005 0.13125 0.0630369 0.713913
0.128278 0.0582252 0.0809409 0.732556
0.0849314 0.0702817 0.103139 0.741648
0.474559 0.445367 0.0435132 0.0365608
0.341085 0.557625 9.9991E-05 0.10119
0.353638 0.551452 0.0371374 0.0577721
0.357559 0.642241 9.9982E-05 9.9982E-05
0.389508 0.538007 0.0295168 0.0429686
0.393033 0.588922 0.0179456 9.9991E-05
0.32749 0.63698 0.0354306 9.9991E-05
0.332842 0.653248 0.0138102 9.9991E-05
0.313968 0.685832 9.9982E-05 9.9982E-05
0.363478 0.636322 9.9982E-05 9.9982E-05
0.00769619 9.9991E-05 0.943272 0.0489321
0.0181544 9.9982E-05 0.981646 9.9982E-05
0.0543781 9.9991E-05 0.940873 0.00464841
0.0581351 9.9991E-05 0.920737 0.021028
0.0553256 9.9991E-05 0.909339 0.0352356
0.0678266 9.9991E-05 0.922185 0.00988892
0.0695972 0.0133424 0.810823 0.106237
0.00883473 9.9991E-05 0.979891 0.0111745
9.998E-05 9.998E-05 0.9997 9.998E-05
0.0505283 9.9982E-05 0.949272 9.9982E-05
9.998E-05 9.998E-05 0.9997 9.998E-05
9.998E-05 9.998E-05 0.9997 9.998E-05
0.0964299 0.0175608 0.21079 0.675219
0.0621106 0.0761713 0.141227 0.720491
0.0377797 0.196369 0.150093 0.615758
0.0326082 0.0574406 0.185624 0.724327
0.0450814 0.135245 0.201107 0.618567
0.0643993 0.090179 0.210251 0.635171
0.110631 0.0645785 0.219966 0.604825
0.0706865 0.0626159 0.20708 0.659617
0.0418412 0.820406 0.000884242 0.136869
0.00758622 0.974233 9.9991E-05 0.0180808
0.11602 0.735751 0.0368874 0.111342
0.0919231 0.828353 0.0218286 0.0578951
9.9991E-05 0.823208 0.04838 0.128312
0.120279 0.632812 0.0283846 0.218524
0.109449 0.707962 0.000871161 0.181717
0.092784 0.790323 0.0426422 0.0742505
0.111196 0.690259 0.0631016 0.135444
0.109334 0.720813 0.0382354 0.131618
9.998E-05 0.9997 9.998E-05 9.998E-05
0.14364 0.0936658 0.105299 0.657395
0.175778 0.0193481 0.0715291 0.733345
0.195381 0.0642159 0.0750452 0.665357
0.168377 0.0676044 0.0888398 0.675178
0.00869354 0.200999 0.0337059 0.756601
0.0168009 0.171746 0.0242873 0.787166
0.0155161 0.15246 0.0131417 0.818882
0.104488 0.041852 9.9991E-05 0.85356
0.0082308 0.205721 0.0557819 0.730266
0.0590836 0.163787 0.0216163 0.755513
0.111001 0.132013 0.0993083 0.657677
0.0301179 0.13981 0.0593005 0.770772
0.0322994 0.0329474 0.836194 0.0985593
0.0620518 9.9991E-05 0.798607 0.139242
9.9991E-05 0.0821931 0.86139 0.0563165
0.055836 0.035297 0.879091 0.0297763
0.0423328 0.0264038 0.894433 0.0368306
0.086658 9.9991E-05 0.752909 0.160333
0.0897188 9.9991E-05 0.810294 0.0998874
0.0614391 0.044241 0.742036 0.152284
0.0954165 9.9991E-05 0.783908 0.120575
9.9982E-05 0.531478 9.9982E-05 0.468322
9.9991E-05 0.681527 0.0256401 0.292733
9.9991E-05 0.746121 0.0215618 0.232217
0.00962469 0.632426 9.9991E-05 0.35785
0.072893 0.544265 0.042964 0.339878
0.0989586 0.418916 0.0422342 0.439891
0.0268983 0.477258 0.018933 0.47691
9.9982E-05 0.519023 9.9982E-05 0.480778
9.9982E-05 0.710778 9.9982E-05 0.289022
9.9991E-05 0.479593 0.00621595 0.514091
9.9982E-05 0.59957 9.9982E-05 0.40023
9.9991E-05 0.661141 0.0225279 0.316232
0.0626773 0.0721784 0.200278 0.664866
0.0148577 0.0416752 0.191217 0.75225
0.0812092 0.177388 0.176106 0.565297
0.0537617 0.145401 0.218978 0.581859
9.9991E-05 0.211483 0.167101 0.621317
0.105953 0.114906 0.204478 0.574663
0.0547818 0.00370119 0.205617 0.7359
0.0623642 0.107805 0.220753 0.609078
9.9991E-05 0.117006 0.188962 0.693932
0.0595665 0.057717 0.166837 0.71588
0.0224755 0.101424 0.182059 0.694042
0.763643 0.236157 9.9982E-05 9.9982E-05
0.753192 0.221953 9.9991E-05 0.0247552
0.793409 0.162071 0.0444205 9.9991E-05
0.728508 0.178005 0.0447247 0.0487618
0.736312 0.134741 0.0701188 0.0588283
0.773057 0.0974467 0.0679526 0.0615431
0.79132 0.102282 0.0530159 0.0533823
0.850011 0.126129 9.9991E-05 0.0237596
0.719971 0.279829 9.9982E-05 9.9982E-05
0.760026 0.195861 0.0354001 0.00871254
0.732481 0.215441 0.051978 9.9991E-05
0.848623 9.9991E-05 0.0666174 0.0846595
0.381394 0.472055 0.0175297 0.129021
0.300959 0.641067 0.0354288 0.0225452
0.295572 0.683079 0.0212489 9.9991E-05
0.326244 0.613482 0.0601738 9.9991E-05
0.350865 0.557835 0.0436809 0.047619
0.356008 0.525763 0.0354982 0.0827309
0.262812 0.691024 9.9991E-05 0.0460635
0.289214 0.6429 0.0131 0.0547861
0.329234 0.627143 0.043523 9.9991E-05
0.320056 0.627554 0.0408284 0.0115612
0.30691 0.64216 0.00749785 0.0434324
0.387597 0.533822 0.0570251 0.0215567
0.992485 9.9982E-05 9.9982E-05 0.00731485
0.9997 9.998E-05 9.998E-05 9.998E-05
0.9997 9.998E-05 9.998E-05 9.998E-05
0.984577 9.9982E-05 0.0152231 9.9982E-05
0.974349 9.9991E-05 0.0104482 0.0151033
0.919283 9.9991E-05 0.0325008 0.0481165
0.963465 0.00606368 0.0115823 0.0188891
0.972725 9.9982E-05 0.027075 9.9982E-05
0.9997 9.998E-05 9.998E-05 9.998E-05
0.9997 9.998E-05 9.998E-05 9.998E-05
0.9997 9.998E-05 9.998E-05 9.998E-05
0.969607 9.9991E-05 0.0194467 0.0108464
0.0128097 0.213031 0.208735 0.565424
0.00445577 0.196782 0.226905 0.571857
9.9991E-05 0.154613 0.176422 0.668865
0.0579986 0.148627 0.223568 0.569806
9.9991E-05 0.212736 0.181218 0.605945
0.103925 0.092601 0.209618 0.593856
0.0706587 9.9991E-05 0.168516 0.760726
0.051239 0.0725917 0.170459 0.70571
9.9991E-05 0.199621 0.157156 0.643123
0.0834109 0.0326269 0.185895 0.698068
0.0466597 0.0942022 0.199936 0.659202
9.9991E-05 0.120084 0.19947 0.680346
9.9991E-05 0.145021 0.194015 0.660864
9.9991E-05 0.20274 0.142713 0.654447
0.100886 0.0350611 0.184381 0.679672
0.177276 0.756721 0.00789008 0.0581134
0.452806 0.396445 0.0449824 0.105767
0.193623 0.7639 0.0374289 0.00504856
0.214994 0.714623 0.0124719 0.0579112
0.317474 0.50742 0.0148122 0.160294
0.367882 0.57397 0.0492726 0.00887554
0.255632 0.669269 9.9991E-05 0.0749996
0.240439 0.730302 0.0284182 0.000840516
0.119899 0.134042 0.10975 0.636309
0.013343 0.180013 0.0419816 0.764662
9.9991E-05 0.19829 0.0121621 0.789448
0.0905172 0.275534 0.0800848 0.553864
0.0943941 0.174431 0.05039 0.680785
0.0454757 0.154045 0.0662722 0.734207
9.9991E-05 0.240675 0.00810947 0.751115
0.0292357 0.203429 0.0300114 0.737324
0.0494954 0.236415 0.0443945 0.669695
0.0688243 0.203644 0.0805445 0.646987
0.0612573 0.205019 0.0807499 0.652974
0.078245 0.10938 0.0577999 0.754575
0.0704331 0.166474 0.0415649 0.721528
0.138968 0.063172 0.0790587 0.718801
0.106687 0.0665911 0.0415132 0.785208
0.0462322 0.15246 0.0751127 0.726195
0.0684014 0.0845322 0.03251 0.814556
0.0685636 0.0960283 0.0953293 0.740079
0.0489787 0.160661 0.0656315 0.724729
0.0734653 0.103845 0.0984074 0.724282
0.180448 0.028081 0.105703 0.685768
0.111099 0.157364 0.086173 0.645364
0.0896372 0.102314 0.0579963 0.750052
