0.106193 0.736391 0.15697 9.9982E-05 0.000246584 9.9982E-05
0.0983736 0.723271 0.0697736 9.9982E-05 0.108382 9.9982E-05
0.0679732 0.732796 0.124718 9.9991E-05 0.0740126 0.000400522
0.00422109 0.708318 9.9982E-05 9.9982E-05 0.227313 0.0599485
9.9964E-05 0.664047 9.9964E-05 9.9964E-05 0.335553 9.9964E-05
9.9973E-05 0.748108 0.00453033 9.9973E-05 0.247062 9.9973E-05
0.091942 0.680496 0.0165977 0.0188644 0.103303 0.0887967
0.0647932 0.748811 0.0266208 0.00755021 0.0924367 0.0597883
0.0049359 0.769378 0.0723497 0.0281304 0.0662206 0.0589855
0.9995 9.996E-05 9.996E-05 9.996E-05 9.996E-05 9.996E-05
0.469752 0.0569314 0.284896 9.9982E-05 0.188221 9.9982E-05
0.412566 0.099471 0.251142 0.0274602 0.162693 0.046668
0.802402 0.0754744 0.0211714 0.031142 9.9991E-05 0.0697106
0.857301 0.088301 9.9973E-05 9.9973E-05 9.9973E-05 0.0540977
0.9995 9.996E-05 9.996E-05 9.996E-05 9.996E-05 9.996E-05
0.652469 0.0536745 0.26236 0.0263575 9.9991E-05 0.00503944
0.9995 9.996E-05 9.996E-05 9.996E-05 9.996E-05 9.996E-05
0.878907 0.0227415 0.0715207 0.0182181 9.9991E-05 0.00851287
0.925779 0.0279878 9.9982E-05 0.0167355 9.9982E-05 0.0292981
0.370595 0.144754 0.267284 9.9991E-05 0.178262 0.0390057
0.9995 9.996E-05 9.996E-05 9.996E-05 9.996E-05 9.996E-05
0.287337 0.0743961 0.463372 0.0513916 0.06691 0.0565936
0.3063 0.0954631 0.355133 0.044767 0.171857 0.0264797
0.240198 9.9991E-05 0.254372 0.0435785 0.410541 0.0512113
0.309455 9.9982E-05 0.377309 0.0292005 0.283836 9.9982E-05
0.194474 0.0826389 0.273877 0.0054278 0.381882 0.0617008
0.258968 9.9991E-05 0.33972 0.0570292 0.303658 0.0405256
0.33692 0.079045 0.407024 0.0557902 0.0815976 0.0396233
0.29483 0.0436327 0.332046 0.0522633 0.263735 0.0134931
0.352821 0.0652001 0.370684 0.0574523 0.122663 0.0311789
0.353865 0.0630886 0.390281 0.0394028 0.110169 0.0431927
0.0377194 0.611897 0.0507224 0.278176 9.9991E-05 0.0213852
0.0869514 0.723582 0.0686799 0.120587 9.9982E-05 9.9982E-05
0.050249 0.693119 0.0706413 0.159179 0.0212888 0.00552358
9.9982E-05 0.753218 9.9982E-05 0.175563 0.0701397 0.000879595
0.0461154 0.686651 0.0409942 0.196954 9.9991E-05 0.0291848
9.9991E-05 0.687536 0.00971676 0.22511 0.0552252 0.0223117
0.00805689 0.820705 0.00466426 0.11077 0.022805 0.0329984
9.9982E-05 0.817525 9.9982E-05 0.134631 0.0299999 0.0176442
9.9973E-05 0.588465 9.9973E-05 0.20228 0.208955 9.9973E-05
9.9973E-05 0.798495 0.033105 0.1681 9.9973E-05 9.9973E-05
0.0303701 9.9982E-05 0.0058596 9.9982E-05 0.0365901 0.92698
9.9973E-05 9.9973E-05 0.0302748 0.0110404 9.9973E-05 0.958385
0.0368268 9.9982E-05 9.9982E-05 0.0349143 0.00623533 0.921824
0.0541206 0.0060467 0.0164819 0.0201696 9.9991E-05 0.903081
0.059807 9.9982E-05 0.010293 0.0315912 9.9982E-05 0.898109
0.0591319 0.017537 9.9982E-05 0.0199852 9.9982E-05 0.903146
0.0689021 0.0456433 0.0726373 0.031964 0.00428089 0.776572
0.0277481 9.9973E-05 0.0157534 9.9973E-05 9.9973E-05 0.956199
9.996E-05 9.996E-05 9.996E-05 9.996E-05 9.996E-05 0.9995
9.9982E-05 0.0379359 0.0201891 0.014842 9.9982E-05 0.926833
9.996E-05 9.996E-05 9.996E-05 9.996E-05 9.996E-05 0.9995
9.996E-05 9.996E-05 9.996E-05 9.996E-05 9.996E-05 0.9995
9.9964E-05 9.9964E-05 0.961734 0.0378663 9.9964E-05 9.9964E-05
0.0503225 9.9982E-05 0.758345 0.0411251 0.150008 9.9982E-05
0.0973559 0.0948848 0.608785 0.00813994 0.154368 0.0364663
0.0742765 9.9991E-05 0.861238 0.0168493 0.0341922 0.0133445
0.044555 0.00567209 0.673633 0.0409989 0.165117 0.0700239
0.0322011 9.9991E-05 0.715997 0.0402941 0.146675 0.0647322
9.9982E-05 0.0465913 0.873685 0.0496366 9.9982E-05 0.0298873
0.042019 0.0528422 0.844513 0.0235249 0.0043573 0.0327436
9.9982E-05 0.456671 0.0198042 0.00677971 0.516546 9.9982E-05
9.9964E-05 0.459668 9.9964E-05 9.9964E-05 0.539932 9.9964E-05
0.0636406 0.559187 9.9991E-05 0.0172498 0.320856 0.0389665
0.000513151 0.549597 9.9991E-05 0.0315141 0.391932 0.0263435
9.9973E-05 0.394315 9.9973E-05 9.9973E-05 0.56962 0.0357654
0.0873851 0.499217 0.0641026 0.045338 0.283288 0.020669
0.0611028 0.53032 0.0412839 0.0317542 0.334855 0.000684764
9.9982E-05 0.511376 9.9982E-05 0.0384773 0.415563 0.0343841
0.0263997 0.601797 0.0773375 9.9991E-05 0.239845 0.054521
0.0398829 0.579966 0.0345686 0.0104571 0.308901 0.0262243
9.9964E-05 0.338438 9.9964E-05 9.9964E-05 0.661163 9.9964E-05
0.443075 0.155771 0.257572 0.0339289 0.0418315 0.0678216
0.454018 0.187664 0.314079 0.0290978 9.9991E-05 0.0150415
0.469091 0.143519 0.245218 0.0981042 9.9991E-05 0.0439681
0.430719 0.199739 0.289007 0.0376195 9.9991E-05 0.0428156
0.397088 9.9991E-05 0.162063 0.00843163 0.405656 0.0266613
0.429715 0.0708305 0.269966 9.9982E-05 0.229289 9.9982E-05
0.432923 0.0140212 0.317066 9.9982E-05 0.23579 9.9982E-05
0.495258 0.00472666 0.314086 0.0593524 0.126478 9.9991E-05
0.335439 0.0728252 0.36281 9.9991E-05 0.227962 0.000863874
0.384492 0.0215793 0.225668 0.0395744 0.328585 9.9991E-05
0.357418 0.162592 0.298329 0.0190545 0.123717 0.0388892
0.394392 9.9991E-05 0.2509 0.00669864 0.317152 0.0307565
0.0173056 0.0459979 0.137781 0.000583063 0.00160071 0.796731
0.0838324 0.0363201 0.113063 0.00934187 9.9991E-05 0.757343
9.9973E-05 9.9973E-05 0.0145549 9.9973E-05 0.166984 0.818162
0.0247121 0.0773642 0.0487333 9.9982E-05 9.9982E-05 0.848991
9.9973E-05 0.0611837 0.0893638 9.9973E-05 9.9973E-05 0.849153
0.106874 0.064181 0.106714 0.0102829 9.9991E-05 0.711848
0.0619761 0.0784735 0.0774081 0.0147782 9.9991E-05 0.767264
0.0229416 0.128727 0.166027 9.9982E-05 9.9982E-05 0.682104
0.0796465 0.0790963 0.0815496 0.0225731 9.9991E-05 0.737034
9.9964E-05 9.9964E-05 9.9964E-05 0.00790242 0.991698 9.9964E-05
9.9982E-05 0.0998281 9.9982E-05 0.00960833 0.862458 0.0279056
0.0282823 0.25584 9.9982E-05 9.9982E-05 0.685243 0.030435
0.0778287 0.266948 0.0416146 9.9982E-05 0.613408 9.9982E-05
0.149226 0.322398 0.0254092 0.0378472 0.4136 0.0515191
0.189241 0.243917 0.150412 0.0345359 0.352202 0.029692
0.131852 0.00490919 9.9991E-05 0.066188 0.766546 0.0304042
0.0376724 9.9982E-05 9.9982E-05 0.00332926 0.957656 0.00114199
0.0137528 0.25029 0.0192162 9.9982E-05 0.716541 9.9982E-05
0.0807344 9.9973E-05 9.9973E-05 9.9973E-05 0.911509 0.00745721
0.00519116 0.164905 0.120339 9.9982E-05 0.709365 9.9982E-05
0.0112588 0.0696753 9.9991E-05 0.0255784 0.868829 0.0245587
0.0384318 0.0805576 0.82958 0.00736487 0.0154744 0.0285918
0.0404034 9.9991E-05 0.915815 0.00704923 0.0297487 0.00688345
0.0672118 0.215647 0.663925 0.0060206 0.00834221 0.0388532
9.9973E-05 0.153446 0.793941 9.9973E-05 9.9973E-05 0.0523134
9.9973E-05 9.9973E-05 0.657439 9.9973E-05 0.323324 0.0189374
0.0691531 0.117593 0.689023 0.0367676 0.0112505 0.0762133
0.102583 0.0279017 0.830491 9.9982E-05 9.9982E-05 0.0388248
0.0384583 0.132626 0.757298 9.9991E-05 0.00801046 0.0635065
0.00228612 0.00507853 0.890964 9.9991E-05 0.0958051 0.00576626
0.0153726 0.0390558 0.934808 0.0105632 9.9982E-05 9.9982E-05
0.0441188 9.9991E-05 0.800167 0.0159471 0.118412 0.0212556
9.9973E-05 0.070419 9.9973E-05 0.758114 0.171167 9.9973E-05
9.9973E-05 0.154585 9.9973E-05 0.706235 0.138881 9.9973E-05
0.000976738 0.230206 0.00429376 0.687155 0.0281921 0.0491758
0.0581235 0.262246 9.9991E-05 0.612726 0.0183658 0.0484382
0.0526078 0.249997 0.0398767 0.604636 9.9991E-05 0.0527833
0.071614 0.284321 9.9982E-05 0.589765 9.9982E-05 0.0540992
0.0591953 0.2233 0.0488501 0.644917 9.9991E-05 0.0236372
0.00347122 0.198769 0.0480358 0.749524 9.9982E-05 9.9982E-05
9.9973E-05 0.199185 9.9973E-05 0.651601 0.148914 9.9973E-05
0.0421624 0.271902 9.9991E-05 0.650625 0.00661456 0.0285966
0.0239719 0.297504 9.9991E-05 0.619445 0.00282129 0.0561579
0.0735725 0.167423 0.0384709 0.682603 9.9991E-05 0.0378312
0.0878974 0.67648 0.0661179 0.166104 9.9991E-05 0.00330092
0.0803247 0.811708 0.00481043 0.0803687 0.00153146 0.0212571
0.0305142 0.688898 9.9991E-05 0.133459 0.13782 0.00920904
0.0256417 0.712615 0.00512003 0.135986 0.0555411 0.0650968
0.0739922 0.754991 9.9982E-05 0.125565 9.9982E-05 0.0452522
0.119416 0.706696 0.0162859 0.133088 9.9991E-05 0.0244146
0.0546777 0.710713 9.9982E-05 0.105718 0.128692 9.9982E-05
0.0452673 0.723429 0.0228887 0.09885 0.100004 0.00956043
0.00183391 0.777048 0.020174 0.114077 0.0537369 0.0331301
9.9991E-05 0.742495 0.0361305 0.124317 0.0587182 0.0382391
0.00271798 0.628903 9.9991E-05 0.155023 0.210555 0.00270127
0.0264683 0.751528 0.0378986 0.141101 9.9991E-05 0.0429039
0.00288833 9.9982E-05 0.027023 0.962984 0.00690476 9.9982E-05
9.9964E-05 9.9964E-05 9.9964E-05 0.964908 0.0346917 9.9964E-05
9.9964E-05 9.9964E-05 9.9964E-05 0.967998 0.0316017 9.9964E-05
9.9973E-05 0.0463708 9.9973E-05 0.927558 9.9973E-05 0.0257714
0.0433367 0.0254074 0.00717106 0.902923 9.9991E-05 0.0210615
0.0619046 0.0364946 0.00469253 0.844185 9.9991E-05 0.0526237
0.0411613 0.0712079 0.00849774 0.877745 9.9991E-05 0.00128806
9.9982E-05 0.0532885 0.0335798 0.891367 9.9982E-05 0.0215652
9.9964E-05 9.9964E-05 9.9964E-05 0.935294 0.0643061 9.9964E-05
9.9964E-05 9.9964E-05 9.9964E-05 0.933986 0.0656141 9.9964E-05
9.9964E-05 9.9964E-05 0.0300681 0.969532 9.9964E-05 9.9964E-05
0.0465959 9.9973E-05 9.9973E-05 0.923213 9.9973E-05 0.0298915
0.0489921 0.0531101 0.60051 0.0154023 0.183992 0.0979931
0.0127851 0.026444 0.642923 9.9991E-05 0.221097 0.0966507
9.9973E-05 9.9973E-05 0.752799 9.9973E-05 0.214679 0.0322216
0.0450851 0.0876568 0.636189 0.0255486 0.098992 0.106528
0.0717772 0.0293723 0.609059 9.9991E-05 0.22893 0.0607614
0.0893956 0.11978 0.685112 0.0210976 9.9991E-05 0.0845153
0.0788668 9.9982E-05 0.879127 0.0178558 0.0239507 9.9982E-05
0.0784084 0.0196226 0.807032 0.0250472 0.0646942 0.00519532
9.9973E-05 9.9973E-05 0.720782 9.9973E-05 0.269011 0.00990679
0.0703704 0.0163162 0.853745 0.0394272 9.9991E-05 0.0200415
9.9982E-05 9.9982E-05 0.818763 0.0224646 0.113571 0.0450014
9.9982E-05 9.9982E-05 0.834468 0.00360713 0.144208 0.0175176
0.00922073 9.9982E-05 0.800158 9.9982E-05 0.169367 0.0210545
9.9973E-05 9.9973E-05 0.642162 9.9973E-05 0.35456 0.00297762
0.136101 0.0984263 0.742385 0.00202205 9.9991E-05 0.0209666
0.0104065 0.839842 0.110068 9.9982E-05 0.0394836 9.9982E-05
0.0936415 0.51468 0.0931699 0.268957 9.9991E-05 0.0294525
0.0107416 0.819314 0.0634078 0.0212311 0.062837 0.0224685
0.0289556 0.717992 0.0749668 0.060822 0.117164 9.9991E-05
0.109136 0.708791 0.0964783 0.0853943 9.9982E-05 9.9982E-05
9.9991E-05 0.634808 0.0543279 0.215466 0.0646381 0.0306601
9.9982E-05 0.604631 0.0756216 0.142272 0.177276 9.9982E-05
0.0233314 0.728783 9.9991E-05 0.0857688 0.140471 0.0215467
0.308855 0.132948 0.260236 0.0418647 0.182748 0.0733484
0.301742 9.9973E-05 0.311849 9.9973E-05 0.38611 9.9973E-05
0.247686 9.9973E-05 0.0563558 9.9973E-05 0.695658 9.9973E-05
0.193349 0.212081 0.340095 0.0317215 0.203625 0.0191278
0.247097 0.0900166 0.377025 0.0605364 0.225225 9.9991E-05
0.330945 0.14874 0.403622 9.9982E-05 0.116493 9.9982E-05
0.240456 9.9973E-05 0.0986063 9.9973E-05 0.660638 9.9973E-05
0.303132 9.9991E-05 0.113331 0.00738911 0.548686 0.0273619
0.309574 0.147293 0.306333 9.9991E-05 0.220459 0.0162413
0.325322 0.138534 0.283379 0.0120723 0.193084 0.0476083
0.314859 0.0825937 0.256666 0.0230141 0.272624 0.0502431
0.383391 0.115053 0.396283 0.00494189 0.100231 9.9991E-05
0.344716 0.0425092 0.285536 0.0425331 0.284606 9.99906E-05
0.419359 0.187832 0.315853 0.0257453 0.0122015 0.0390086
0.42049 0.11295 0.372997 0.0142457 0.0792169 9.9991E-05
0.425809 0.131021 0.28164 9.9991E-05 0.13434 0.0270906
0.404603 0.0456837 0.39445 0.0113894 0.143774 9.9991E-05
0.370459 0.125844 0.386634 9.9991E-05 0.0886115 0.0283512
0.363502 0.0649076 0.286212 0.0130071 0.246825 0.0255463
0.361123 0.108324 0.332593 9.9991E-05 0.145378 0.0524822
0.430123 0.155527 0.322727 0.0487648 9.9991E-05 0.0427586
0.348523 0.184086 0.261738 0.00391918 0.148893 0.0528415
0.464213 0.158738 0.275651 9.9991E-05 0.0704158 0.0308831
