0.155486 0.180533 0.0293983 0.634583
0.148102 0.157808 0.00277626 0.691313
0.120777 0.12743 0.0211139 0.730678
0.0140945 0.112741 0.0549705 0.818194
0.0301195 0.0297613 9.9991E-05 0.940019
9.9991E-05 0.0130263 0.0205913 0.966282
0.0898495 0.180985 0.0920406 0.637125
0.0683173 0.1721 0.0654138 0.694169
0.0238539 0.208332 0.067862 0.699952
0.9997 9.998E-05 9.998E-05 9.998E-05
0.811867 0.0366739 0.0236428 0.127817
0.717052 0.0917959 0.0660397 0.125113
0.788096 0.145338 0.0664664 9.9991E-05
0.828124 0.101768 0.0428274 0.0272805
0.970658 0.0291421 9.9982E-05 9.9982E-05
0.857141 0.108211 0.0345479 9.9991E-05
0.91752 0.0822801 9.9982E-05 9.9982E-05
0.908916 0.0876128 0.00337096 9.9991E-05
0.863677 0.118274 0.0179485 9.9991E-05
0.685455 0.0482716 0.0726392 0.193634
0.977226 0.0225736 9.9982E-05 9.9982E-05
0.697254 0.115222 0.128567 0.0589568
0.67766 0.0791217 0.0839042 0.159314
0.667923 0.0479328 0.0841353 0.200009
0.825795 0.0723458 0.0524817 0.0493775
0.614795 0.0255176 0.0931081 0.266579
0.696636 0.0741387 0.0989657 0.130259
0.730834 0.136354 0.0979463 0.0348656
0.709758 0.072833 0.0718585 0.14555
0.7399 0.130828 0.0949558 0.0343156
0.752772 0.0959229 0.0884863 0.0628187
0.0375897 0.48268 0.0341291 0.445601
0.11933 0.361223 9.9991E-05 0.519347
0.0687294 0.372288 0.0184332 0.540549
9.9982E-05 0.360295 9.9982E-05 0.639505
0.036264 0.410203 0.0416278 0.511905
9.9991E-05 0.400595 0.024631 0.574674
9.9991E-05 0.331211 0.0336622 0.635027
9.9991E-05 0.337152 0.00530732 0.65744
9.9982E-05 0.328897 9.9982E-05 0.670903
9.9991E-05 0.373987 0.00106642 0.624846
0.048155 0.00956673 0.942178 9.9991E-05
9.9982E-05 0.0146937 0.985106 9.9982E-05
0.0127616 0.0529738 0.934165 9.9991E-05
0.0280124 0.0507055 0.921182 9.9991E-05
0.0353966 0.0511003 0.913403 9.9991E-05
0.00353672 0.0661081 0.930255 9.9991E-05
0.114169 0.0745573 0.811173 9.9991E-05
0.0204156 0.0064393 0.973045 9.9991E-05
9.998E-05 9.998E-05 0.9997 9.998E-05
9.9982E-05 0.0498089 0.949991 9.9982E-05
9.998E-05 9.998E-05 0.9997 9.998E-05
9.998E-05 9.998E-05 0.9997 9.998E-05
0.690272 0.0873198 0.200532 0.0218761
0.703621 0.0478301 0.149482 0.0990669
0.629188 0.0500055 0.152734 0.168073
0.743835 0.0362259 0.184217 0.0357223
0.625662 0.0497947 0.202097 0.122446
0.626255 0.054933 0.210714 0.108098
0.626342 0.102866 0.211677 0.0591143
0.664065 0.0663591 0.202278 0.0672982
0.128093 0.0370211 9.9991E-05 0.834786
0.0339867 9.9982E-05 9.9982E-05 0.965813
0.124791 0.13188 0.0338522 0.709477
0.0579455 0.104514 0.010223 0.827317
0.123849 9.9991E-05 0.0439993 0.832052
0.221669 0.144612 0.0204163 0.613303
0.183564 0.112724 0.00589182 0.69782
0.0849086 0.0968235 0.0408845 0.777383
0.140092 0.116412 0.0616711 0.681825
0.143955 0.124526 0.0301354 0.701384
9.998E-05 9.998E-05 9.998E-05 0.9997
0.677268 0.140268 0.107083 0.0753814
0.729818 0.159304 0.0757324 0.0351457
0.680727 0.213781 0.0731609 0.0323311
0.688737 0.157443 0.0849897 0.0688306
0.754001 0.0116916 0.036165 0.198142
0.79564 0.0147608 0.0127671 0.176832
0.840334 0.0047231 0.00504779 0.149895
0.857672 0.0920885 9.9991E-05 0.0501397
0.728796 9.9991E-05 0.054103 0.217001
0.749714 0.0605585 0.024257 0.16547
0.663977 0.111763 0.0944929 0.129768
0.782128 0.0146532 0.0640187 0.1392
0.0859887 0.0404372 0.82321 0.0503641
0.151233 0.0523988 0.796268 9.9991E-05
0.0776003 9.9991E-05 0.854951 0.0673491
0.0528079 0.0424507 0.870484 0.0342572
0.0443457 0.0415799 0.895809 0.0182655
0.172605 0.0740232 0.753271 9.9991E-05
0.10792 0.0917276 0.800252 9.9991E-05
0.148367 0.0927687 0.736114 0.0227504
0.132998 0.0983353 0.768566 9.9991E-05
0.461275 9.9982E-05 9.9982E-05 0.538525
0.273617 9.9991E-05 0.0288285 0.697454
0.229227 9.9991E-05 0.0155566 0.755117
0.346718 0.00458605 9.9991E-05 0.648596
0.32103 0.0855918 0.0467566 0.546621
0.440853 0.101845 0.0510279 0.406274
0.479434 0.0397924 0.0116587 0.469115
0.458165 9.9991E-05 0.0113463 0.530389
0.297407 9.9982E-05 9.9982E-05 0.702393
0.525133 9.9982E-05 9.9982E-05 0.474668
0.41764 9.9982E-05 9.9982E-05 0.58216
0.326705 9.9991E-05 0.0184616 0.654734
0.685763 0.0480675 0.190372 0.0757976
0.738579 0.0399943 0.191739 0.0296883
0.566727 0.0681176 0.177092 0.188063
0.582521 0.0477127 0.22452 0.145246
0.623066 9.9991E-05 0.165989 0.210844
0.59315 0.103581 0.194705 0.108565
0.738152 0.0590068 0.20244 0.000401713
0.607729 0.0534017 0.205977 0.132892
0.684864 9.9991E-05 0.189564 0.125472
0.714359 0.0590037 0.172469 0.0541678
0.684772 0.0324597 0.177641 0.105127
9.9982E-05 0.774318 9.9982E-05 0.225482
0.0077155 0.777271 9.9991E-05 0.214914
9.9991E-05 0.797936 0.0320642 0.1699
0.0322994 0.727818 0.0450229 0.19486
0.0457994 0.747388 0.0662464 0.140566
0.0657702 0.784084 0.0623808 0.0877647
0.0682464 0.789865 0.0437153 0.0981732
0.016739 0.866089 0.0137709 0.103401
9.9982E-05 0.740729 9.9982E-05 0.259071
0.0125617 0.789297 0.0300613 0.16808
9.9991E-05 0.738362 0.0588551 0.202683
0.0985875 0.84866 0.0526526 9.9991E-05
0.125835 0.386497 0.0105078 0.47716
0.0318802 0.315051 0.0305224 0.622546
0.00974994 0.303583 0.00231872 0.684348
9.9991E-05 0.313938 0.0643523 0.62161
0.0321523 0.374511 0.0572395 0.536097
0.0841685 0.366799 0.0389746 0.510058
0.0451944 0.279903 9.9991E-05 0.674802
0.065219 0.284624 0.0136367 0.63652
9.9991E-05 0.325986 0.033451 0.640463
0.0277359 0.332715 0.0434069 0.596142
0.042412 0.30264 9.9991E-05 0.654848
0.023933 0.381667 0.0471058 0.547294
0.0117262 0.988074 9.9982E-05 9.9982E-05
9.998E-05 0.9997 9.998E-05 9.998E-05
9.998E-05 0.9997 9.998E-05 9.998E-05
9.9982E-05 0.980673 0.0191273 9.9982E-05
0.00880412 0.980931 0.0101652 9.9991E-05
0.0392725 0.923028 0.0375992 9.9991E-05
0.0208479 0.968806 0.00385014 0.00649619
9.9982E-05 0.971586 0.0282139 9.9982E-05
9.998E-05 0.9997 9.998E-05 9.998E-05
0.00113648 0.998664 9.9982E-05 9.9982E-05
9.998E-05 0.9997 9.998E-05 9.998E-05
0.0123651 0.978447 0.00908785 9.9991E-05
0.566393 0.0200224 0.209664 0.203921
0.573151 0.00683434 0.233247 0.186768
0.658375 9.9991E-05 0.180133 0.161392
0.559738 0.0638576 0.232224 0.14418
0.607584 9.9991E-05 0.174215 0.218101
0.594617 0.104713 0.215069 0.0856014
0.755074 0.0719044 0.172922 9.9991E-05
0.696556 0.0643608 0.170185 0.0688985
0.636359 9.9991E-05 0.16721 0.196331
0.693197 0.0858754 0.176699 0.0442281
0.636442 0.031514 0.207605 0.124439
0.6862 0.00710685 0.184796 0.121897
0.645058 9.9991E-05 0.188832 0.166009
0.632302 9.9991E-05 0.149039 0.218559
0.681822 0.080276 0.188219 0.0496838
0.0497651 0.198871 0.00234871 0.749015
0.115045 0.454581 0.0572163 0.373158
0.0235107 0.202654 0.0308694 0.742966
0.0505647 0.212484 0.0125831 0.724368
0.178592 0.316299 0.00692536 0.498184
0.0113596 0.369335 0.0514036 0.567902
0.0753938 0.252516 9.9991E-05 0.67199
9.9991E-05 0.23649 0.0251652 0.738245
0.6326 0.116884 0.103995 0.146521
0.762579 0.00476313 0.0390325 0.193625
0.833887 9.9991E-05 0.00461121 0.161402
0.550419 0.0947786 0.0803679 0.274435
0.677992 0.0974555 0.0464367 0.178116
0.742783 0.03382 0.0614702 0.161927
0.77167 9.9991E-05 0.0144698 0.21376
0.746634 0.0375376 0.0346378 0.18119
0.686335 0.0555415 0.0653051 0.192819
0.679981 0.0697995 0.0775833 0.172636
0.675909 0.0686886 0.0802784 0.175124
0.751946 0.0809282 0.0552939 0.111832
0.720554 0.0660896 0.0430772 0.170279
0.735765 0.154503 0.0712426 0.0384894
0.793884 0.103833 0.0445825 0.0576999
0.740279 0.0674281 0.0764893 0.115804
0.815833 0.0716682 0.0370756 0.0754234
0.744921 0.0698774 0.0863288 0.0988732
0.729687 0.0578086 0.065964 0.146541
0.734163 0.0717627 0.0990951 0.0949795
0.700062 0.182779 0.0992077 0.0179516
0.652655 0.108048 0.089673 0.149624
0.772614 0.0906095 0.0581724 0.0786038
