9.9973E-05 0.0140965 0.159944 0.00385846 9.9973E-05 0.735385 0.0112486 0.0571195 9.9973E-05 0.0180483
0.0137426 9.9955E-05 0.174299 0.000587647 9.9955E-05 0.758041 9.9955E-05 0.05283 9.9955E-05 9.9955E-05
9.9964E-05 9.9964E-05 0.083186 0.00930914 0.0100336 0.799783 9.9964E-05 0.0583124 9.9964E-05 0.0389757
0.0329775 9.9955E-05 9.9955E-05 9.9955E-05 0.104421 0.612832 9.9955E-05 0.200406 0.0488637 9.9955E-05
0.00516892 9.9937E-05 9.9937E-05 9.9937E-05 0.113818 0.880313 9.9937E-05 9.9937E-05 9.9937E-05 9.9937E-05
9.9928E-05 9.9928E-05 9.9928E-05 9.9928E-05 0.0365683 0.962632 9.9928E-05 9.9928E-05 9.9928E-05 9.9928E-05
0.0213582 0.025324 0.0785262 0.028202 0.0394589 0.368446 9.9982E-05 0.368622 0.069863 9.9982E-05
0.00440982 9.9982E-05 0.111962 0.00590036 0.00865325 0.648406 0.014476 0.155062 0.0509309 9.9982E-05
9.9964E-05 0.0159422 0.0775665 9.9964E-05 9.9964E-05 0.634157 0.0118632 0.217336 0.0427348 9.9964E-05
9.99201E-05 9.99201E-05 9.99201E-05 0.999101 9.99201E-05 9.99201E-05 9.99201E-05 9.99201E-05 9.99201E-05 9.99201E-05
0.0251486 0.0485559 0.660366 0.0996551 0.150793 0.0150811 9.9964E-05 9.9964E-05 9.9964E-05 9.9964E-05
0.00019335 0.0755053 0.568257 0.0961428 0.151418 9.9973E-05 9.9973E-05 0.0950822 0.0131019 9.9973E-05
9.9964E-05 0.0424488 0.229615 0.586799 9.9964E-05 9.9964E-05 0.0240628 0.0644137 0.0522614 9.9964E-05
9.9955E-05 9.9955E-05 0.135966 0.705373 9.9955E-05 0.00172078 9.9955E-05 0.114853 0.0415875 9.9955E-05
0.0261972 9.9937E-05 9.9937E-05 0.96689 0.00621352 9.9937E-05 9.9937E-05 9.9937E-05 9.9937E-05 9.9937E-05
0.0223323 0.0879958 0.490472 0.345945 9.9982E-05 0.0328315 0.00597299 0.0130988 0.00115149 9.9982E-05
9.99201E-05 9.99201E-05 9.99201E-05 0.999101 9.99201E-05 9.99201E-05 9.99201E-05 9.99201E-05 9.99201E-05 9.99201E-05
9.9955E-05 0.0397629 0.266434 0.658806 9.9955E-05 9.9955E-05 0.0152458 0.0192516 9.9955E-05 9.9955E-05
9.9964E-05 9.9964E-05 0.101091 0.783839 9.9964E-05 9.9964E-05 0.00755473 0.064138 0.0265058 0.0164717
0.0198243 0.0455652 0.566945 0.0739101 0.164971 0.02907 9.9991E-05 0.0656891 0.0313643 0.00256153
9.99201E-05 9.99201E-05 9.99201E-05 0.999101 9.99201E-05 9.99201E-05 9.99201E-05 9.99201E-05 9.99201E-05 9.99201E-05
9.9982E-05 0.0283121 0.64811 9.9982E-05 0.0579058 0.00274524 0.0505729 0.0146746 0.0550551 0.142424
0.0164251 0.0132281 0.642553 9.9982E-05 0.126727 0.0927196 0.0234071 9.9982E-05 0.0267929 0.0579473
0.0268123 9.9982E-05 0.438626 0.0192075 0.322707 0.0190266 0.0232935 9.9982E-05 0.0257228 0.124404
9.9937E-05 9.9937E-05 0.7688 9.9937E-05 0.219149 9.9937E-05 9.9937E-05 9.9937E-05 9.9937E-05 0.0113517
0.0204443 9.9973E-05 0.379035 0.0169455 0.313523 9.9973E-05 9.9973E-05 0.0886235 0.0387037 0.142425
0.0101921 0.0227915 0.513378 0.00705526 0.273854 9.9982E-05 0.0205966 9.9982E-05 0.0454763 0.106456
9.9973E-05 0.0316854 0.780023 9.9973E-05 0.0561671 0.0195138 0.0378643 9.9973E-05 0.0307674 0.0436786
0.00203799 9.9982E-05 0.565645 0.0359846 0.212501 0.0130018 0.0404734 9.9982E-05 0.0151994 0.114957
0.00658009 9.9973E-05 0.740195 9.9973E-05 0.0848579 9.9973E-05 0.034215 0.0397602 0.0180466 0.0760455
0.0104781 9.9973E-05 0.727222 0.00743908 0.115845 0.043179 9.9973E-05 9.9973E-05 0.0374824 0.058054
9.9964E-05 0.0404074 0.0948509 9.9964E-05 9.9964E-05 0.0552187 0.193799 0.611957 0.00336642 9.9964E-05
9.9955E-05 0.0325606 0.147441 9.9955E-05 9.9955E-05 0.131426 0.0408332 0.64724 9.9955E-05 9.9955E-05
9.9964E-05 0.0405828 0.113454 9.9964E-05 0.0186348 0.0969798 0.102928 0.62702 9.9964E-05 9.9964E-05
0.00197533 9.9946E-05 9.9946E-05 9.9946E-05 0.0324098 9.9946E-05 0.0164219 0.948593 9.9946E-05 9.9946E-05
9.9955E-05 9.9955E-05 0.132494 9.9955E-05 9.9955E-05 9.9955E-05 0.0832936 0.752615 0.00982759 0.0212696
0.0102083 9.9955E-05 9.9955E-05 9.9955E-05 0.0210068 9.9955E-05 0.0929331 0.82752 9.9955E-05 0.0478323
0.00404204 0.0202959 0.0429688 9.9955E-05 9.9955E-05 9.9955E-05 9.9955E-05 0.913392 0.0188016 9.9955E-05
9.9946E-05 9.9946E-05 9.9946E-05 0.00999386 0.0460517 9.9946E-05 9.9946E-05 0.938328 0.0050265 9.9946E-05
0.0102105 9.9964E-05 9.9964E-05 0.0250638 0.192706 0.0218146 0.112842 0.636964 9.9964E-05 9.9964E-05
0.00529961 0.0268028 9.9955E-05 9.9955E-05 9.9955E-05 9.9955E-05 0.0256373 0.918891 9.9955E-05 0.0228694
0.0277646 9.9955E-05 0.00407499 0.029701 0.0178165 9.9955E-05 9.9955E-05 9.9955E-05 0.920143 9.9955E-05
9.9955E-05 9.9955E-05 0.0020168 9.9955E-05 0.00584261 9.9955E-05 9.9955E-05 0.022455 0.94377 0.0254157
0.0166006 9.9955E-05 0.0441127 9.9955E-05 9.9955E-05 0.00695781 0.0336617 9.9955E-05 0.898167 9.9955E-05
9.9946E-05 9.9946E-05 0.109024 9.9946E-05 9.9946E-05 0.00389386 0.00216924 9.9946E-05 0.884313 9.9946E-05
0.019475 9.9955E-05 0.0831052 9.9955E-05 9.9955E-05 0.0133231 0.020523 9.9955E-05 0.863074 9.9955E-05
9.9946E-05 9.9946E-05 0.0908669 9.9946E-05 9.9946E-05 0.00727678 0.0322173 9.9946E-05 0.869039 9.9946E-05
0.00642667 0.0358518 0.104587 9.9973E-05 9.9973E-05 9.9973E-05 0.0393578 0.0270764 0.767043 0.0193576
9.9946E-05 0.0129996 9.9946E-05 0.0271496 9.9946E-05 0.0144726 9.9946E-05 9.9946E-05 0.944779 9.9946E-05
9.99281E-05 9.99281E-05 9.99281E-05 9.99281E-05 0.0223051 9.99281E-05 9.99281E-05 9.99281E-05 0.976895 9.99281E-05
9.9946E-05 0.0140323 0.040394 9.9946E-05 9.9946E-05 9.9946E-05 9.9946E-05 0.0421835 0.902791 9.9946E-05
9.99201E-05 9.99201E-05 9.99201E-05 9.99201E-05 9.99201E-05 9.99201E-05 9.99201E-05 9.99201E-05 0.999101 9.99201E-05
0.00619512 9.9928E-05 9.9928E-05 9.9928E-05 9.9928E-05 9.9928E-05 9.9928E-05 9.9928E-05 0.993005 9.9928E-05
9.99201E-05 0.999101 9.99201E-05 9.99201E-05 9.99201E-05 9.99201E-05 9.99201E-05 9.99201E-05 9.99201E-05 9.99201E-05
0.00433713 0.159779 0.10859 0.00704563 0.0883316 0.0401147 0.0329489 9.9982E-05 9.9982E-05 0.558653
0.0377645 0.0337845 0.194891 0.00530603 0.076007 0.000753957 0.0204533 0.0931273 0.0309739 0.506939
0.0422604 0.777318 0.0267289 0.030773 9.9973E-05 0.00693953 9.9973E-05 9.9973E-05 0.00212188 0.113559
0.0381594 0.0955864 0.107792 9.9982E-05 0.076619 0.0354549 0.0279131 9.9982E-05 0.0589941 0.559281
0.0329922 0.190514 0.0272874 0.0260198 0.0717841 0.0415164 0.0374615 9.9991E-05 0.0641492 0.508176
9.99201E-05 0.999101 9.99201E-05 9.99201E-05 9.99201E-05 9.99201E-05 9.99201E-05 9.99201E-05 9.99201E-05 9.99201E-05
9.9964E-05 0.785895 0.0725443 0.00194587 9.9964E-05 9.9964E-05 9.9964E-05 0.0362104 0.0242241 0.0787805
9.9955E-05 9.9955E-05 9.9955E-05 0.00726635 0.427101 0.371103 9.9955E-05 0.153541 9.9955E-05 0.0404882
9.9937E-05 9.9937E-05 9.9937E-05 9.9937E-05 0.506296 0.13853 9.9937E-05 0.354474 9.9937E-05 9.9937E-05
0.0116252 9.9964E-05 0.123156 9.9964E-05 0.273131 0.163803 9.9964E-05 0.403309 0.0245761 9.9964E-05
0.0148919 9.9973E-05 9.9973E-05 0.018273 0.319149 0.277084 0.0040055 0.3548 0.0114963 9.9973E-05
0.00120445 0.0344139 9.9964E-05 9.9964E-05 0.57052 0.0481417 9.9964E-05 0.316772 0.0285476 9.9964E-05
0.0290783 0.0230018 0.0725221 0.052701 0.182344 0.214673 0.0110957 0.357414 0.00310052 0.0540704
0.0124186 9.9973E-05 0.136495 0.00194311 0.240757 0.267906 9.9973E-05 0.326087 9.9973E-05 0.0140936
9.9964E-05 9.9964E-05 9.9964E-05 0.0171074 0.381488 0.086047 9.9964E-05 0.468791 0.0210737 0.0250925
0.00173475 0.041037 0.155985 9.9973E-05 0.194369 0.131749 9.9973E-05 0.444564 0.0302619 9.9973E-05
0.020124 0.0035034 0.0862408 0.00325093 0.229347 0.336759 0.00327786 0.282393 0.0178876 0.0172163
9.9937E-05 9.9937E-05 9.9937E-05 9.9937E-05 0.655013 0.111545 9.9937E-05 0.232743 9.9937E-05 9.9937E-05
0.00859474 0.0111059 0.615239 0.0953311 0.028937 9.9982E-05 9.9982E-05 0.143839 0.0484933 0.04826
0.0237578 0.0326854 0.717515 0.0753437 9.9973E-05 0.0238001 9.9973E-05 0.112831 0.0137668 9.9973E-05
9.9964E-05 0.0302606 0.661735 0.100746 9.9964E-05 0.108861 0.0809774 9.9964E-05 0.0170191 9.9964E-05
9.9973E-05 0.02982 0.693021 0.083299 9.9973E-05 9.9973E-05 0.0103185 0.144286 0.0358382 0.00311721
0.021464 9.9964E-05 0.453876 0.126141 0.339395 9.9964E-05 9.9964E-05 9.9964E-05 0.0119092 0.0468149
0.0319727 0.0177039 0.635266 0.0851329 0.221492 0.00803277 9.9964E-05 9.9964E-05 9.9964E-05 9.9964E-05
0.0390019 0.0440898 0.526797 0.120582 0.19485 0.00366113 9.9973E-05 9.9973E-05 9.9973E-05 0.0707185
9.9955E-05 0.062418 0.665751 0.123659 0.11637 9.9955E-05 0.0313019 9.9955E-05 9.9955E-05 9.9955E-05
0.00997174 0.0824286 0.479258 0.0841833 0.216437 0.0286461 9.9973E-05 9.9973E-05 9.9973E-05 0.0987759
0.0352961 0.0235897 0.556779 0.074175 0.293646 9.9964E-05 0.0161148 9.9964E-05 9.9964E-05 9.9964E-05
0.0324967 0.0304434 0.606015 0.050775 0.0569846 9.9982E-05 9.9982E-05 0.141286 0.0420578 0.0397421
0.0323949 0.0147427 0.520189 0.0978092 0.215044 9.9973E-05 9.9973E-05 9.9973E-05 0.0117307 0.10779
0.00534397 0.063167 0.0745015 9.9973E-05 9.9973E-05 0.0145869 9.9973E-05 0.0306328 0.781693 0.029775
9.9964E-05 9.9964E-05 0.164048 0.00185816 9.9964E-05 0.00738319 0.0245806 9.9964E-05 0.75098 0.0507499
0.00425401 0.0185885 9.9955E-05 9.9955E-05 0.15297 9.9955E-05 9.9955E-05 9.9955E-05 0.803008 0.0206792
9.9964E-05 9.9964E-05 0.0753088 0.00277679 9.9964E-05 0.0189293 9.9964E-05 0.0464419 0.843998 0.0121457
9.9955E-05 0.0076232 0.101198 9.9955E-05 9.9955E-05 9.9955E-05 9.9955E-05 0.0330392 0.851211 0.00642908
9.9955E-05 0.00597956 0.224574 9.9955E-05 9.9955E-05 0.0411358 0.013754 9.9955E-05 0.714057 9.9955E-05
9.9946E-05 0.0127753 0.165383 9.9946E-05 9.9946E-05 9.9946E-05 9.9946E-05 0.0727008 0.748541 9.9946E-05
9.9955E-05 0.0135966 0.149134 9.9955E-05 9.9955E-05 9.9955E-05 9.9955E-05 0.0816994 0.670645 0.084425
9.9973E-05 0.0190538 0.169498 0.0115815 9.9973E-05 0.00683054 0.0319874 0.0279566 0.732792 9.9973E-05
9.99279E-05 9.99279E-05 9.99279E-05 9.99279E-05 0.997778 9.99279E-05 0.00142279 9.99279E-05 9.99279E-05 9.99279E-05
0.00460933 0.0478499 9.9955E-05 9.9955E-05 0.815818 9.9955E-05 9.9955E-05 0.114727 0.0164961 9.9955E-05
0.00144069 9.9973E-05 0.00529829 0.0217516 0.616253 0.301149 9.9973E-05 0.0213287 0.0324783 9.9973E-05
9.9964E-05 0.0172761 0.165458 9.9964E-05 0.590587 0.140815 0.0114377 0.0740257 9.9964E-05 9.9964E-05
9.9973E-05 0.00617552 0.254269 0.00999202 0.391455 0.0886806 9.9973E-05 0.227629 0.0214998 9.9973E-05
9.9973E-05 0.0133318 0.386622 9.9973E-05 0.327858 0.0626565 0.0162194 0.17439 0.0186233 9.9973E-05
9.9973E-05 0.018574 0.128687 0.0225611 0.730004 0.0537837 0.0355672 9.9973E-05 0.0105231 9.9973E-05
9.99279E-05 0.00781176 9.99279E-05 9.99279E-05 0.991389 9.99279E-05 9.99279E-05 9.99279E-05 9.99279E-05 9.99279E-05
9.9964E-05 0.0204898 9.9964E-05 0.0265709 0.682385 0.0629129 9.9964E-05 0.174401 9.9964E-05 0.0328405
9.9928E-05 9.9928E-05 0.126992 9.9928E-05 0.872208 9.9928E-05 9.9928E-05 9.9928E-05 9.9928E-05 9.9928E-05
0.00400706 0.0523127 0.103173 9.9964E-05 0.660476 9.9964E-05 9.9964E-05 0.149078 9.9964E-05 0.0305533
9.9946E-05 9.9946E-05 9.9946E-05 0.0200543 0.871119 9.9946E-05 9.9946E-05 0.0859374 0.0222899 9.9946E-05
9.9946E-05 0.0486435 0.0647418 9.9946E-05 9.9946E-05 9.9946E-05 9.9946E-05 0.0994081 9.9946E-05 0.786607
9.9937E-05 9.9937E-05 0.0593983 9.9937E-05 9.9937E-05 0.0130332 9.9937E-05 9.9937E-05 9.9937E-05 0.926869
9.9955E-05 0.0463811 0.21737 9.9955E-05 9.9955E-05 9.9955E-05 9.9955E-05 0.168845 0.0371579 0.529746
9.9955E-05 0.0536168 0.0621789 9.9955E-05 9.9955E-05 9.9955E-05 9.9955E-05 0.129261 0.0397514 0.714692
9.9937E-05 9.9937E-05 9.9937E-05 0.0187785 0.213039 9.9937E-05 9.9937E-05 9.9937E-05 9.9937E-05 0.767483
9.9973E-05 0.0334176 0.147503 0.0181196 9.9973E-05 9.9973E-05 0.00276281 0.137399 0.0466449 0.613854
9.9946E-05 0.044367 0.24594 9.9946E-05 9.9946E-05 9.9946E-05 9.9946E-05 9.9946E-05 0.0260729 0.68302
9.9955E-05 0.0389579 0.133071 9.9955E-05 9.9955E-05 9.9955E-05 9.9955E-05 0.121193 0.0373425 0.668935
9.9955E-05 0.016858 0.0694556 9.9955E-05 0.0138388 0.0291124 9.9955E-05 9.9955E-05 9.9955E-05 0.870235
9.9946E-05 0.00860242 0.112392 9.9946E-05 9.9946E-05 9.9946E-05 9.9946E-05 0.0329773 9.9946E-05 0.845428
0.021643 9.9955E-05 9.9955E-05 0.0346586 9.9955E-05 9.9955E-05 0.0167739 0.0446716 9.9955E-05 0.881753
9.9946E-05 9.9946E-05 9.9946E-05 9.9946E-05 0.183042 0.0336212 0.734112 0.0486256 9.9946E-05 9.9946E-05
0.0210511 9.9964E-05 9.9964E-05 0.0104911 0.112849 0.0193904 0.658058 0.17776 9.9964E-05 9.9964E-05
9.9964E-05 0.0305186 9.9964E-05 0.0134184 0.028078 9.9964E-05 0.617485 0.284299 0.0258008 9.9964E-05
0.0436018 9.9964E-05 0.076335 9.9964E-05 9.9964E-05 0.0589821 0.553237 0.240101 0.0273431 9.9964E-05
9.9955E-05 9.9955E-05 0.132767 9.9955E-05 9.9955E-05 0.0647959 0.572775 0.188307 0.0408553 9.9955E-05
0.00294291 9.9964E-05 0.158672 9.9964E-05 9.9964E-05 0.0388403 0.560406 0.206535 0.0322046 9.9964E-05
9.9955E-05 9.9955E-05 0.155458 9.9955E-05 9.9955E-05 0.0108491 0.589472 0.223524 0.0201978 9.9955E-05
9.9964E-05 0.015621 9.9964E-05 0.0209662 9.9964E-05 0.12541 0.735234 0.080435 9.9964E-05 0.0219339
0.0170384 9.9955E-05 9.9955E-05 9.9955E-05 0.135893 0.0576598 0.63446 0.154449 9.9955E-05 9.9955E-05
0.0342717 9.9964E-05 0.0707445 9.9964E-05 9.9964E-05 0.041172 0.618286 0.220492 0.014634 9.9964E-05
9.9955E-05 9.9955E-05 0.0862721 9.9955E-05 9.9955E-05 0.0523824 0.56692 0.262029 0.0318965 9.9955E-05
9.9964E-05 0.0296853 0.157237 9.9964E-05 9.9964E-05 0.0141138 0.657348 0.118213 0.0230031 9.9964E-05
0.0146263 9.9955E-05 0.195151 9.9955E-05 9.9955E-05 0.0774249 0.0862394 0.626059 9.9955E-05 9.9955E-05
9.9946E-05 0.0691385 0.0229086 0.0392463 9.9946E-05 9.9946E-05 9.9946E-05 0.868107 9.9946E-05 9.9946E-05
0.0390196 9.9982E-05 0.00486251 0.00914995 0.0702189 0.169563 0.0598668 0.638134 9.9982E-05 0.00898488
0.0147478 9.9982E-05 9.9982E-05 0.0237963 0.0091564 0.0244662 0.0349175 0.782222 0.0390533 0.0714403
9.9964E-05 0.00946753 0.0875413 0.0318064 9.9964E-05 9.9964E-05 0.0105101 0.847619 0.0126561 9.9964E-05
9.9964E-05 9.9964E-05 0.1561 0.0135407 9.9964E-05 0.0829705 0.0658169 0.6672 0.0139725 9.9964E-05
0.044075 0.0167782 0.0141214 0.0322278 0.0874398 0.077568 0.0210939 0.706169 9.9991E-05 0.000426835
0.00610924 0.0115073 0.072978 0.0187823 0.067082 0.107521 0.0201741 0.69047 9.9991E-05 0.00527529
0.0229023 0.029715 0.00525119 0.00367771 0.0297471 9.9991E-05 0.014181 0.866735 0.0145398 0.0131505
0.0170595 0.00331823 0.0710447 9.9982E-05 0.0272679 9.9982E-05 0.0192152 0.826869 0.0165784 0.0184467
0.0447675 9.9973E-05 9.9973E-05 0.00309266 0.124852 0.024155 0.0644193 0.696012 9.9973E-05 0.0424011
9.9955E-05 0.0214341 0.094125 9.9955E-05 9.9955E-05 9.9955E-05 0.0309515 0.837404 0.015586 9.9955E-05
9.9946E-05 0.0253392 9.9946E-05 0.0157582 9.9946E-05 0.025994 0.932309 9.9946E-05 9.9946E-05 9.9946E-05
9.9937E-05 9.9937E-05 9.9937E-05 0.0115792 0.0371306 9.9937E-05 0.950591 9.9937E-05 9.9937E-05 9.9937E-05
0.0108625 9.9937E-05 9.9937E-05 9.9937E-05 0.0318985 9.9937E-05 0.956539 9.9937E-05 9.9937E-05 9.9937E-05
9.9946E-05 9.9946E-05 0.017125 9.9946E-05 9.9946E-05 9.9946E-05 0.875007 0.0818123 0.0254559 9.9946E-05
9.9946E-05 9.9946E-05 0.102073 9.9946E-05 9.9946E-05 0.0151954 0.881949 9.9946E-05 0.000183069 9.9946E-05
9.9946E-05 9.9946E-05 0.118287 9.9946E-05 9.9946E-05 9.9946E-05 0.82539 0.0231177 0.032605 9.9946E-05
9.9964E-05 0.00380165 0.074426 0.0114198 9.9964E-05 0.00329258 0.842643 0.0640173 9.9964E-05 9.9964E-05
9.9946E-05 9.9946E-05 0.0680829 9.9946E-05 9.9946E-05 9.9946E-05 0.864228 0.0572581 0.00983164 9.9946E-05
0.0163624 9.9937E-05 9.9937E-05 9.9937E-05 0.0660054 9.9937E-05 0.916933 9.9937E-05 9.9937E-05 9.9937E-05
9.9928E-05 9.9928E-05 9.9928E-05 9.9928E-05 0.096084 9.9928E-05 0.903117 9.9928E-05 9.9928E-05 9.9928E-05
9.9946E-05 0.00911227 9.9946E-05 0.0120071 9.9946E-05 9.9946E-05 0.952098 9.9946E-05 9.9946E-05 0.0261831
0.0163847 9.9955E-05 0.07468 0.00627526 9.9955E-05 9.9955E-05 0.891376 9.9955E-05 0.0107839 9.9955E-05
0.00670088 0.0709605 0.114277 9.9973E-05 0.161524 9.9973E-05 9.9973E-05 0.0622217 0.091926 0.49209
0.025957 0.0839085 0.0369921 0.011872 0.121433 0.0297047 9.9991E-05 0.0392851 0.102258 0.54849
0.0285218 0.118785 9.9973E-05 0.0339029 0.157842 0.00671421 9.9973E-05 9.9973E-05 0.0302932 0.62364
0.011616 0.0661463 0.132833 0.00907548 0.058562 0.0453369 0.0383228 0.0055247 0.0915627 0.54102
0.034707 0.0765615 0.0890131 0.0331557 0.1385 0.0774483 9.9982E-05 9.9982E-05 0.0616065 0.488808
9.9973E-05 0.150112 0.277402 9.9973E-05 9.9973E-05 0.0477701 0.0251268 0.0348553 0.0738814 0.390553
0.0149997 9.9955E-05 0.146821 0.000165826 9.9955E-05 9.9955E-05 0.0255646 9.9955E-05 9.9955E-05 0.811949
0.0218184 0.0596778 0.112442 0.0216097 9.9982E-05 0.0413257 0.0368786 9.9982E-05 0.000467147 0.705581
0.0427154 9.9946E-05 9.9946E-05 9.9946E-05 0.128905 0.0241027 9.9946E-05 9.9946E-05 9.9946E-05 0.803677
9.9982E-05 0.0876473 0.159475 0.00674314 9.9982E-05 0.0167796 0.0283895 0.00821927 0.0102088 0.682338
9.9964E-05 0.0969535 9.9964E-05 0.00162586 0.0778676 9.9964E-05 9.9964E-05 0.0687614 0.0169014 0.73749
0.0424346 9.9946E-05 9.9946E-05 9.9946E-05 9.9946E-05 0.0203737 0.00380964 9.9946E-05 9.9946E-05 0.932782
9.9964E-05 9.9964E-05 0.0343956 9.9964E-05 0.0839962 0.0440754 0.000555724 9.9964E-05 0.00942458 0.827153
0.0434689 9.9937E-05 9.9937E-05 9.9937E-05 0.194761 9.9937E-05 9.9937E-05 9.9937E-05 9.9937E-05 0.76107
9.9973E-05 0.0524455 0.246829 0.0154481 9.9973E-05 0.0607559 9.9973E-05 0.0221743 0.0334488 0.568599
9.9928E-05 0.00297372 9.9928E-05 9.9928E-05 9.9928E-05 0.996227 9.9928E-05 9.9928E-05 9.9928E-05 9.9928E-05
9.9955E-05 0.0238813 0.10719 9.9955E-05 9.9955E-05 0.581302 0.275132 9.9955E-05 0.0119942 9.9955E-05
9.99369E-05 9.99369E-05 9.99369E-05 9.99369E-05 9.99369E-05 0.994197 0.00131292 9.99369E-05 0.00379017 9.99369E-05
0.0146308 0.0114561 0.0288599 9.9973E-05 9.9973E-05 0.852937 0.066777 0.013489 0.0115503 9.9973E-05
9.9955E-05 0.0119773 0.180961 9.9955E-05 9.9955E-05 0.596493 0.0975437 0.112525 9.9955E-05 9.9955E-05
0.00938596 0.00943692 9.9973E-05 9.9973E-05 9.9973E-05 0.591664 0.191139 0.148436 0.028696 0.0209419
0.0235604 9.9955E-05 9.9955E-05 9.9955E-05 0.0105832 0.79526 0.12272 9.9955E-05 9.9955E-05 0.0473766
0.0276778 9.9946E-05 9.9946E-05 9.9946E-05 9.9946E-05 0.884989 0.086024 9.9946E-05 0.000709697 9.9946E-05
0.0319459 9.9955E-05 0.664608 9.9955E-05 0.112708 9.9955E-05 9.9955E-05 0.137855 0.0523842 9.9955E-05
0.0559346 9.9955E-05 0.603125 0.0218716 0.245503 9.9955E-05 9.9955E-05 9.9955E-05 9.9955E-05 0.0730662
0.999101 9.99201E-05 9.99201E-05 9.99201E-05 9.99201E-05 9.99201E-05 9.99201E-05 9.99201E-05 9.99201E-05 9.99201E-05
0.00761951 0.0259474 0.485523 9.9982E-05 0.135371 0.144223 9.9982E-05 0.075943 0.0224769 0.102696
0.0291372 0.108975 0.505007 0.0210451 0.202432 0.0551601 0.0427074 9.9991E-05 0.00092046 0.0345149
0.0373627 0.0478607 0.650486 0.0253927 0.0588489 0.105539 9.9982E-05 9.9982E-05 0.00840789 0.065902
0.999101 9.99201E-05 9.99201E-05 9.99201E-05 9.99201E-05 9.99201E-05 9.99201E-05 9.99201E-05 9.99201E-05 9.99201E-05
0.902979 9.9964E-05 0.0487621 0.0043614 9.9964E-05 9.9964E-05 0.0162402 0.0202635 0.00699409 9.9964E-05
0.0703979 9.9982E-05 0.527494 0.0458388 0.122648 0.0743865 9.9982E-05 0.0345608 0.00694213 0.117533
0.0313486 0.0360938 0.564217 0.0300355 0.157075 9.9982E-05 9.9982E-05 0.106562 0.0466918 0.0277772
0.124953 0.00638557 0.466979 0.0402173 0.154838 0.0397973 0.0126164 0.0213514 0.0254968 0.107366
0.0543344 0.0359889 0.697933 0.026215 0.0241053 0.108342 9.9982E-05 9.9982E-05 0.00232383 0.0505582
0.0506984 0.0294547 0.598158 0.0425116 0.178966 0.0552168 0.0204812 9.9991E-05 0.000884165 0.0235287
0.0281333 9.9955E-05 0.886614 9.9955E-05 9.9955E-05 0.0444887 9.9955E-05 0.0284242 0.0118397 9.9955E-05
0.0225687 0.0134785 0.850684 0.0137884 0.0361369 9.9973E-05 9.9973E-05 0.039309 9.9973E-05 0.0237349
0.0462148 9.9964E-05 0.828679 0.00914354 0.0219295 0.0749133 9.9964E-05 9.9964E-05 0.0187203 9.9964E-05
0.0145136 0.0383415 0.774747 0.0430915 0.107601 9.9964E-05 9.9964E-05 9.9964E-05 9.9964E-05 0.0213063
0.0451386 0.00453981 0.662927 0.03645 0.0259446 0.0809097 9.9991E-05 0.00238052 0.0162524 0.125357
0.0599577 9.9982E-05 0.635599 0.0223256 0.160547 0.00508817 9.9982E-05 0.0422627 0.0186146 0.0554046
0.0272356 0.0511629 0.667437 0.0230999 0.125256 9.9973E-05 9.9973E-05 0.0612212 0.0442874 9.9973E-05
9.9982E-05 0.00878652 0.738989 0.0439603 9.9982E-05 0.0632462 0.0271469 0.0505244 0.0423066 0.0248401
0.0433681 0.0488207 0.618684 0.0128456 0.0746554 9.9973E-05 9.9973E-05 0.164872 0.0364543 9.9973E-05
0.0469916 9.9937E-05 0.914696 9.9937E-05 9.9937E-05 0.0376125 9.9937E-05 9.9937E-05 9.9937E-05 9.9937E-05
