0.168288 9.9973E-05 0.0898546 0.741557 9.9973E-05 9.9973E-05
0.0778833 9.9982E-05 0.104854 0.73018 0.0868821 9.9982E-05
0.114133 9.9982E-05 0.0516174 0.746952 0.0870982 9.9982E-05
9.9973E-05 0.0528047 9.9973E-05 0.72349 0.223406 9.9973E-05
9.9964E-05 9.9964E-05 9.9964E-05 0.678364 0.321236 9.9964E-05
0.0187947 9.9973E-05 9.9973E-05 0.760967 0.219939 9.9973E-05
0.0248637 0.0821797 0.093438 0.687613 0.0962475 0.0156586
0.0323778 0.0632636 0.0654306 0.728942 0.0963409 0.0136445
0.0641122 0.0523389 0.0182728 0.768102 0.0768224 0.020352
9.996E-05 9.996E-05 0.9995 9.996E-05 9.996E-05 9.996E-05
0.299758 9.9982E-05 0.440221 0.0699336 0.189887 9.9982E-05
0.250589 0.0410188 0.40848 0.12179 0.168015 0.0101059
0.0280489 0.0626483 0.805097 0.0547434 9.9991E-05 0.0493624
9.9973E-05 0.0469511 0.852325 0.100424 9.9973E-05 9.9973E-05
9.996E-05 9.996E-05 0.9995 9.996E-05 9.996E-05 9.996E-05
0.236368 0.0142925 0.67557 0.0497994 9.9991E-05 0.0238702
9.996E-05 9.996E-05 0.9995 9.996E-05 9.996E-05 9.996E-05
0.0913445 0.00317621 0.870084 0.00653974 9.9991E-05 0.0287552
9.9982E-05 0.0403622 0.916363 0.0249096 9.9982E-05 0.0181651
0.258579 0.0388133 0.368148 0.136799 0.19756 9.9991E-05
9.996E-05 9.996E-05 0.9995 9.996E-05 9.996E-05 9.996E-05
0.463396 0.0553832 0.284707 0.0691477 0.0734066 0.05396
0.357526 0.0319529 0.309988 0.0936526 0.162463 0.0444176
0.271289 0.0394719 0.22343 0.00504505 0.407825 0.0529399
0.362525 9.9982E-05 0.337069 9.9982E-05 0.261608 0.0385977
0.277708 0.061946 0.198115 0.0874317 0.370395 0.00440387
0.336426 0.0492738 0.229702 9.9991E-05 0.339351 0.0451469
0.428201 0.0246069 0.331074 0.101133 0.073142 0.0418431
0.356472 0.0186705 0.29537 0.0447537 0.23469 0.0500437
0.378001 0.0289277 0.351733 0.0545084 0.116682 0.0701478
0.384186 0.0367337 0.35504 0.0719792 0.122805 0.029256
0.0496068 0.0252275 0.0465645 0.601486 9.9991E-05 0.277015
0.0689443 9.9982E-05 0.0714634 0.74293 9.9982E-05 0.116463
0.0602608 0.0139154 0.0536826 0.669937 0.0186646 0.183539
9.9982E-05 0.00434368 9.9982E-05 0.760694 0.061029 0.173733
0.03784 0.0279536 0.0499454 0.692161 9.9991E-05 0.192
0.0159487 0.0267375 9.9991E-05 0.676037 0.0459263 0.23525
0.0131854 0.0341077 0.0102195 0.806253 0.0129333 0.123301
9.9982E-05 0.0199796 9.9982E-05 0.812673 0.0417274 0.12542
9.9973E-05 9.9973E-05 9.9973E-05 0.588926 0.204945 0.205829
0.0322591 9.9973E-05 9.9973E-05 0.794994 9.9973E-05 0.172447
9.9973E-05 0.929479 0.0304751 9.9973E-05 0.0397464 9.9973E-05
0.0311264 0.954772 9.9982E-05 9.9982E-05 0.00425165 0.00965015
9.9982E-05 0.914928 0.0354561 9.9982E-05 0.0209276 0.0284886
0.0191414 0.902752 0.0573679 9.9982E-05 9.9982E-05 0.0205386
0.00209847 0.894976 0.0661472 0.0051663 9.9991E-05 0.0315119
9.9982E-05 0.902844 0.0515035 0.0105512 9.9982E-05 0.0349013
0.0871582 0.779704 0.0506187 0.0474048 0.00469785 0.0304169
0.0186942 0.948958 0.0320476 9.9973E-05 9.9973E-05 9.9973E-05
9.996E-05 0.9995 9.996E-05 9.996E-05 9.996E-05 9.996E-05
0.0150835 0.934599 9.9982E-05 0.0324458 9.9982E-05 0.0176714
9.996E-05 0.9995 9.996E-05 9.996E-05 9.996E-05 9.996E-05
9.996E-05 0.9995 9.996E-05 9.996E-05 9.996E-05 9.996E-05
0.958996 9.9964E-05 9.9964E-05 9.9964E-05 9.9964E-05 0.0406041
0.778808 9.9982E-05 0.0474621 9.9982E-05 0.140638 0.0328928
0.604491 0.0430224 0.0954611 0.0701019 0.152881 0.0340423
0.874481 0.0110648 0.0678149 9.9991E-05 0.033667 0.0128723
0.660109 0.0659894 0.0545256 9.9991E-05 0.169814 0.0494618
0.695991 0.0665821 0.0414655 9.9991E-05 0.150738 0.0451228
0.878622 0.0342248 9.9982E-05 0.034057 9.9982E-05 0.0528965
0.838323 0.0339467 0.0479365 0.0465447 9.99912E-05 0.033149
0.035132 9.9982E-05 9.9982E-05 0.489018 0.472573 0.00307757
9.9964E-05 9.9964E-05 9.9964E-05 0.48384 0.51576 9.9964E-05
9.9991E-05 0.0344607 0.0622638 0.551337 0.321322 0.0305165
9.9991E-05 0.0119092 0.00152715 0.562989 0.394523 0.0289514
9.9973E-05 0.035347 9.9973E-05 0.398245 0.566108 9.9973E-05
0.0626397 0.0163561 0.098105 0.482876 0.287524 0.0524985
0.0627929 9.9991E-05 0.0668704 0.529232 0.314557 0.0264482
9.9982E-05 0.040049 9.9982E-05 0.519646 0.404327 0.035778
0.0653164 0.0553607 0.014764 0.623981 0.240478 9.9991E-05
0.036238 0.0239649 0.0576248 0.605739 0.276333 9.9991E-05
9.9964E-05 9.9964E-05 9.9964E-05 0.365032 0.634568 9.9964E-05
0.226487 0.0736985 0.445319 0.153837 0.0639505 0.0367079
0.296369 0.0287388 0.46371 0.186057 9.9991E-05 0.0250251
0.255687 0.0372365 0.466001 0.155329 9.9991E-05 0.0856463
0.292559 0.0512235 0.421377 0.184972 9.9991E-05 0.0497685
0.168131 0.0217024 0.390074 9.9982E-05 0.419893 9.9982E-05
0.257328 9.9982E-05 0.416675 0.0687355 0.257062 9.9982E-05
0.302957 9.9982E-05 0.438771 0.00640258 0.251669 9.9982E-05
0.304118 9.9991E-05 0.505731 0.0127118 0.11614 0.0611999
0.358127 0.00580873 0.344347 0.0671075 0.22451 9.9991E-05
0.235196 0.0038669 0.364643 0.00116625 0.356042 0.0390864
0.253351 0.0715046 0.372721 0.142628 0.127073 0.0327228
0.234973 0.0342195 0.381114 9.9991E-05 0.34121 0.00838347
0.12387 0.797159 0.0267897 0.0273691 0.0146374 0.0101752
0.122836 0.759076 0.0706759 0.0472118 9.9982E-05 9.9982E-05
0.0202004 0.805334 9.9973E-05 9.9973E-05 0.174166 9.9973E-05
0.0467719 0.853718 0.0287052 0.0572105 0.00886719 0.00472713
0.0831893 0.858399 9.9973E-05 0.0581121 9.9973E-05 9.9973E-05
0.0923677 0.715461 0.114965 0.0676472 9.9991E-05 0.00945888
0.0957143 0.766024 0.0444701 0.0708518 9.9991E-05 0.0228401
0.185562 0.675187 0.0230709 0.112012 9.9991E-05 0.00406691
0.0718284 0.746006 0.0820498 0.0816273 9.9991E-05 0.0183882
9.9964E-05 9.9964E-05 9.9964E-05 9.9964E-05 0.98739 0.0122105
9.9982E-05 0.0291538 9.9982E-05 0.115497 0.838857 0.0162921
9.9982E-05 0.0268503 0.0140018 0.280553 0.678395 9.9982E-05
0.0283651 9.9991E-05 0.0853781 0.270629 0.613947 0.00158052
0.0305346 0.0548624 0.130224 0.357565 0.411635 0.0151797
0.143944 0.0303981 0.17344 0.266708 0.34781 0.0376997
9.9991E-05 0.023251 0.115616 0.0155556 0.781532 0.0639453
9.9973E-05 9.9973E-05 0.0122959 9.9973E-05 0.979175 0.00822954
0.0208849 9.9982E-05 0.0116158 0.273096 0.694203 9.9982E-05
9.9973E-05 0.00942784 0.0604392 9.9973E-05 0.929833 9.9973E-05
0.106877 9.9982E-05 9.9982E-05 0.160806 0.719766 0.0123506
9.9982E-05 0.0264975 9.9982E-05 0.0967954 0.858135 0.0183719
0.865206 0.0167315 0.032833 0.0697269 9.9991E-05 0.0154031
0.929543 0.000782881 0.0340497 9.9991E-05 0.0230255 0.0124991
0.670677 0.0462865 0.0727974 0.170649 0.0313779 0.00821203
0.806882 0.0481252 9.9973E-05 0.144692 9.9973E-05 9.9973E-05
0.654324 0.0251226 9.9973E-05 9.9973E-05 0.320253 9.9973E-05
0.687723 0.0785893 0.0808763 0.0987773 0.00997294 0.0440609
0.852343 0.0326005 0.0955637 0.0192928 9.9982E-05 9.9982E-05
0.789955 0.0506431 0.0310965 0.117823 0.0103826 9.9991E-05
0.891064 0.00709737 0.00173761 9.9982E-05 0.0999011 9.9982E-05
0.926106 9.9973E-05 0.026444 0.0471503 9.9973E-05 9.9973E-05
0.805954 0.0276517 0.052233 9.9991E-05 0.094812 0.0192493
9.9973E-05 9.9973E-05 9.9973E-05 0.0916706 0.168957 0.739073
9.9973E-05 9.9973E-05 9.9973E-05 0.163623 0.138943 0.697134
0.0104495 0.0444448 9.9991E-05 0.210738 0.0402941 0.693974
0.000381582 0.0462832 0.0612972 0.280233 0.013482 0.598323
0.0167442 0.0501479 0.0729411 0.241189 9.9991E-05 0.618878
9.9982E-05 0.0560702 0.0788835 0.268051 9.9982E-05 0.596795
0.0276009 0.0348452 0.0618406 0.249216 9.9991E-05 0.626397
0.0306462 9.9982E-05 0.0198862 0.172994 9.9982E-05 0.776274
9.9973E-05 9.9973E-05 9.9973E-05 0.179006 0.159621 0.661073
9.9991E-05 0.0320753 0.0433484 0.277247 0.000189091 0.64704
9.9991E-05 0.0508927 0.029729 0.287629 0.0192045 0.612444
0.0448664 0.0309477 0.0742129 0.166923 9.9991E-05 0.68295
0.0640484 0.0128542 0.0960154 0.665617 9.9991E-05 0.161364
0.0206225 0.0249323 0.0641942 0.803709 9.9991E-05 0.086442
9.9991E-05 0.00279677 0.0141108 0.706938 0.147485 0.128569
0.00473814 0.0596711 0.0250877 0.696952 0.0559498 0.157601
9.9991E-05 0.0487411 0.0700395 0.714763 0.00753886 0.158818
0.0314976 0.0253023 0.103682 0.690173 9.9991E-05 0.149245
0.0044599 9.9991E-05 0.0228343 0.705999 0.151325 0.115281
0.00586977 0.013 0.0385627 0.726836 0.122593 0.0931391
0.0238094 0.0396131 9.9991E-05 0.757182 0.0517508 0.127545
0.0334591 0.0339265 9.9991E-05 0.75357 0.0553711 0.123573
9.9982E-05 0.00699299 9.9982E-05 0.602343 0.201298 0.189165
0.0418862 0.0401855 0.0286281 0.714956 9.9991E-05 0.174244
0.0120384 9.9982E-05 0.0251347 9.9982E-05 0.0123078 0.950319
9.9964E-05 9.9964E-05 9.9964E-05 9.9964E-05 0.0223351 0.977265
9.9964E-05 9.9964E-05 9.9964E-05 9.9964E-05 0.042151 0.957449
0.00620639 0.0313358 9.9982E-05 0.0359766 9.9982E-05 0.926281
0.0216777 0.0137857 0.0478935 9.9982E-05 9.9982E-05 0.916443
9.9982E-05 0.0469809 0.074593 0.0360439 9.9982E-05 0.842182
9.9982E-05 0.00574831 0.0570003 0.0486457 9.9982E-05 0.888406
0.04546 0.0124317 0.00283841 0.0530833 9.9991E-05 0.886087
9.9964E-05 9.9964E-05 9.9964E-05 9.9964E-05 0.0762994 0.923301
9.9964E-05 9.9964E-05 9.9964E-05 9.9964E-05 0.0789575 0.920643
0.0326588 9.9973E-05 0.00409279 9.9973E-05 9.9973E-05 0.962949
9.9973E-05 0.027556 0.0621497 9.9973E-05 9.9973E-05 0.909994
0.579532 0.102396 0.0381704 0.052261 0.212823 0.0148186
0.641505 0.100779 0.0209708 0.0238786 0.19944 0.0134262
0.717135 0.0367456 9.9973E-05 9.9973E-05 0.24582 9.9973E-05
0.642407 0.107199 0.0397681 0.0666465 0.108277 0.0357025
0.593053 0.0606048 0.0817955 0.0275301 0.236917 9.9991E-05
0.688745 0.0810881 0.0772235 0.121698 9.9991E-05 0.0311456
0.880022 9.9982E-05 0.0895606 9.9982E-05 0.0105017 0.0197153
0.816276 0.0116148 0.0764818 0.0396164 0.0378147 0.0181965
0.710832 0.0100261 9.9973E-05 9.9973E-05 0.278842 9.9973E-05
0.840132 0.0232667 0.0784843 0.0214057 9.9991E-05 0.0366113
0.824129 0.0366103 9.9982E-05 9.9982E-05 0.103458 0.0356028
0.838083 0.0201022 9.9973E-05 9.9973E-05 0.141515 9.9973E-05
0.794029 0.0288096 0.0034482 9.9982E-05 0.173513 9.9982E-05
0.640713 9.9964E-05 9.9964E-05 9.9964E-05 0.358887 9.9964E-05
0.727317 0.0331593 0.134141 0.105183 9.9982E-05 9.9982E-05
0.125663 9.9982E-05 0.00184955 0.848607 0.0236805 9.9982E-05
0.111526 0.0131041 0.0888262 0.50676 9.9991E-05 0.279684
0.10351 0.00970996 0.00542499 0.842491 0.026668 0.0121963
0.0801779 0.00195142 0.0225152 0.715439 0.117629 0.062287
0.11318 9.9982E-05 0.0968587 0.687056 9.9982E-05 0.102705
0.0588604 0.033115 9.9991E-05 0.669012 0.0371999 0.201713
0.0839382 9.9991E-05 0.00237638 0.616215 0.164372 0.132999
9.9991E-05 0.019699 0.0245066 0.723972 0.138901 0.0928222
0.230456 0.086648 0.318472 0.152325 0.188893 0.0232058
0.284038 0.00126183 0.325053 0.0121943 0.377354 9.9991E-05
0.0131691 9.9973E-05 0.252674 9.9973E-05 0.733857 9.9973E-05
0.342763 0.0238841 0.195901 0.246596 0.173669 0.0171867
0.358649 9.9991E-05 0.250983 0.098619 0.247285 0.044364
0.399621 0.00323611 0.327039 0.142186 0.127817 9.9991E-05
0.0979051 0.00165773 0.239568 9.9982E-05 0.660669 9.9982E-05
0.078191 0.0414413 0.286765 9.9991E-05 0.590344 0.00315795
0.271586 0.0217059 0.323653 0.153377 0.229578 9.9991E-05
0.28614 0.0443392 0.329302 0.134659 0.205459 9.9991E-05
0.249029 0.0518202 0.29981 0.0679713 0.297284 0.034086
0.352391 0.004545 0.385443 0.133011 0.12451 9.9991E-05
0.295075 9.9991E-05 0.345501 0.0709107 0.271304 0.0171084
0.339363 0.0277078 0.418576 0.201351 9.9991E-05 0.0129026
0.370057 9.9991E-05 0.438415 0.0931059 0.0733521 0.0249698
0.294671 0.0341371 0.405084 0.140134 0.125874 9.9991E-05
0.37235 9.9991E-05 0.413046 0.051226 0.148912 0.0143652
0.390046 0.0339858 0.35627 0.126405 0.0902088 0.0030849
0.262174 0.0369385 0.349406 0.0916741 0.259708 9.9991E-05
0.309275 0.0569237 0.367327 0.094931 0.17029 0.00125343
0.335404 0.0420771 0.406182 0.174555 9.9991E-05 0.0416817
0.260784 0.0609734 0.332504 0.167762 0.154304 0.0236726
0.279648 0.0362572 0.452375 0.170804 0.060817 9.9991E-05
