9.9982E-05 9.9982E-05 0.725579 0.185888 0.010267 0.0780661
9.9982E-05 9.9982E-05 0.722155 0.0604893 0.121471 0.0956844
9.9982E-05 9.9982E-05 0.712983 0.113937 0.100851 0.0720295
0.0647592 9.9982E-05 0.685441 9.9982E-05 0.229415 0.0201845
9.9964E-05 9.9964E-05 0.65398 9.9964E-05 0.34562 9.9964E-05
0.00562027 9.9982E-05 0.739081 0.0242724 0.230826 9.9982E-05
0.0901153 0.00494917 0.679302 0.0255246 0.11014 0.0899684
0.0604593 0.000774806 0.725984 0.049251 0.108561 0.05497
0.0549163 0.026801 0.759417 0.0762953 0.0737952 0.00877547
9.996E-05 9.996E-05 9.996E-05 9.996E-05 9.996E-05 0.9995
9.9982E-05 9.9982E-05 0.0568628 0.321152 0.199924 0.421861
0.0373229 0.0240764 0.0943872 0.276524 0.185543 0.382146
0.0798782 0.0392115 0.0646498 0.0418122 9.9991E-05 0.774348
0.0568206 9.9973E-05 0.0918997 9.9973E-05 9.9973E-05 0.85098
9.996E-05 9.996E-05 9.996E-05 9.996E-05 9.996E-05 0.9995
0.000884619 0.0200499 0.0681768 0.259042 9.9991E-05 0.651747
9.996E-05 9.996E-05 9.996E-05 9.996E-05 9.996E-05 0.9995
0.011723 0.0209119 0.0386397 0.0801341 9.9991E-05 0.848491
0.0414528 0.0247593 0.0198865 9.9982E-05 9.9982E-05 0.913701
0.0437424 0.00427824 0.126098 0.261015 0.218153 0.346714
9.996E-05 9.996E-05 9.996E-05 9.996E-05 9.996E-05 0.9995
0.0585724 0.061568 0.0635339 0.444694 0.10762 0.264012
0.0325757 0.048314 0.0938398 0.359866 0.21681 0.248595
0.0418367 0.0505277 9.9991E-05 0.274378 0.434393 0.198764
9.9982E-05 0.0300298 9.9982E-05 0.371949 0.307786 0.290035
0.0483806 9.9991E-05 0.0786417 0.291046 0.411913 0.169919
0.0477885 0.0482534 9.9991E-05 0.334441 0.340847 0.22857
0.029935 0.0662762 0.0754713 0.414966 0.13191 0.281441
0.0348283 0.061707 0.0182387 0.322558 0.296566 0.266102
0.0276177 0.0595651 0.054382 0.406882 0.140758 0.310795
0.039532 0.0336076 0.0578659 0.397525 0.158303 0.313166
0.0182771 0.258794 0.638439 0.0625485 9.9991E-05 0.0218411
9.9982E-05 0.11018 0.73464 0.0939504 9.9982E-05 0.0610293
0.0202687 0.153292 0.685028 0.0493898 0.0436713 0.0483506
9.9973E-05 0.166312 0.767746 9.9973E-05 0.0656423 9.9973E-05
0.0266954 0.171766 0.702147 0.0472251 9.9991E-05 0.0520673
0.0194423 0.224067 0.674798 0.0413796 0.0402127 9.9991E-05
0.0397072 0.088974 0.860824 0.00534124 9.9991E-05 0.00505392
0.0172598 0.115323 0.826297 9.9982E-05 0.0409209 9.9982E-05
9.9973E-05 0.193942 0.615077 9.9973E-05 0.190681 9.9973E-05
9.9973E-05 0.143545 0.814247 0.0419081 9.9973E-05 9.9973E-05
0.933129 9.9973E-05 9.9973E-05 9.9973E-05 0.0462097 0.0203611
0.965487 0.0053962 9.9973E-05 0.0288173 9.9973E-05 9.9973E-05
0.922083 0.0327135 9.9982E-05 9.9982E-05 0.0131475 0.0318558
0.902298 0.0241054 9.9982E-05 0.0309553 9.9982E-05 0.0424414
0.899215 0.018764 0.0168996 0.0120941 0.0113246 0.0417029
0.8977 0.0285808 0.0223018 9.9982E-05 9.9982E-05 0.0512175
0.782116 0.0341932 0.0421118 0.0857113 0.00860043 0.0472673
0.957787 9.9973E-05 9.9973E-05 0.00744803 9.9973E-05 0.034465
0.9995 9.996E-05 9.996E-05 9.996E-05 9.996E-05 9.996E-05
0.932536 0.00090033 0.0529721 0.0133917 9.9982E-05 9.9982E-05
0.9995 9.996E-05 9.996E-05 9.996E-05 9.996E-05 9.996E-05
0.9995 9.996E-05 9.996E-05 9.996E-05 9.996E-05 9.996E-05
9.9964E-05 0.0383662 9.9964E-05 0.961234 9.9964E-05 9.9964E-05
9.9982E-05 0.0387852 9.9982E-05 0.776558 0.155933 0.0285238
0.0335409 0.0299781 0.069352 0.595619 0.186919 0.0845909
0.0195285 0.0115016 9.9991E-05 0.843972 0.0454469 0.0794509
0.0750361 0.0389342 0.0161311 0.660569 0.163268 0.0460619
0.0560126 0.0475435 9.9991E-05 0.717703 0.148905 0.0297363
0.0319136 0.0577955 0.0361733 0.873918 9.9982E-05 9.9982E-05
0.037089 0.0190053 0.0559529 0.84407 0.000976518 0.0429065
9.9973E-05 0.00698991 0.483948 9.9973E-05 0.508762 9.9973E-05
9.9964E-05 9.9964E-05 0.4916 9.9964E-05 0.508 9.9964E-05
0.0402609 0.0212319 0.545964 9.9991E-05 0.330588 0.0618558
0.0194147 0.016976 0.56391 9.9991E-05 0.391151 0.00844815
0.037685 9.9982E-05 0.387152 0.0145192 0.560443 9.9982E-05
0.0215685 0.0450852 0.485903 0.0787067 0.289165 0.0795711
9.9991E-05 0.0153372 0.536371 0.033191 0.341024 0.0739767
0.0353852 0.0348646 0.501299 9.9982E-05 0.428252 9.9982E-05
0.0461092 0.00265874 0.590507 0.0810463 0.250048 0.0296312
0.0236469 0.00943525 0.573438 0.0341932 0.339147 0.0201392
9.9964E-05 9.9964E-05 0.378982 9.9964E-05 0.620618 9.9964E-05
0.0598133 0.0503867 0.142267 0.288352 0.0596963 0.399485
0.0242106 0.0343877 0.180957 0.337506 9.9991E-05 0.422839
0.031927 0.1094 0.133848 0.275659 9.9991E-05 0.449065
0.0461617 0.0466445 0.18637 0.305035 9.9991E-05 0.41569
0.018739 0.00633139 9.9991E-05 0.180072 0.43179 0.362968
9.9982E-05 9.9982E-05 0.0567796 0.279542 0.264404 0.399075
9.9982E-05 9.9982E-05 0.0283772 0.317456 0.251408 0.402559
9.9991E-05 0.0476859 0.0244606 0.311324 0.139846 0.476584
0.000581704 9.9991E-05 0.0633619 0.363826 0.262166 0.309964
9.9991E-05 0.0378957 0.0107625 0.253371 0.361816 0.336054
0.0630599 0.0250205 0.131672 0.283125 0.17407 0.323052
0.0340825 0.00326322 9.9991E-05 0.256037 0.334453 0.372064
0.795079 0.00752059 0.0390905 0.130256 0.0116746 0.01638
0.762118 0.0180929 0.0278425 0.123547 9.9991E-05 0.0682991
0.809923 9.9973E-05 9.9973E-05 0.0259539 0.163823 9.9973E-05
0.862003 0.00394162 0.0577193 0.0596284 9.9991E-05 0.016608
0.849134 9.9973E-05 0.0574865 0.0930792 9.9973E-05 9.9973E-05
0.727827 0.0174824 0.0555526 0.0986485 9.9991E-05 0.100389
0.760677 0.0130142 0.0748173 0.116449 9.9991E-05 0.0349425
0.684168 9.9982E-05 0.123925 0.176001 9.9982E-05 0.0157061
0.738912 0.0339035 0.0540521 0.0899458 9.9991E-05 0.0830863
9.9964E-05 0.0043658 9.9964E-05 9.9964E-05 0.995234 9.9964E-05
0.030149 9.9973E-05 0.142325 9.9973E-05 0.827226 9.9973E-05
0.0215133 9.9982E-05 0.282629 9.9982E-05 0.67333 0.0223277
9.9991E-05 0.0179376 0.258363 0.0239146 0.626287 0.0733969
0.0476007 0.023532 0.342986 0.0616198 0.398223 0.126039
0.0331813 0.0379778 0.255288 0.161186 0.374849 0.137519
0.019971 0.0679564 0.0134614 9.9991E-05 0.791167 0.107344
0.00283663 0.0100783 9.9982E-05 9.9982E-05 0.984106 0.00277944
9.9973E-05 9.9973E-05 0.264628 0.0712473 0.663825 9.9973E-05
0.00325664 9.9973E-05 9.9973E-05 9.9973E-05 0.929341 0.0671028
9.9973E-05 9.9973E-05 0.162254 0.117229 0.720217 9.9973E-05
0.0173355 0.00578039 0.105204 9.9982E-05 0.87148 9.9982E-05
0.02099 9.9982E-05 0.0843711 0.872051 9.9982E-05 0.0223875
0.00592254 9.9982E-05 9.9982E-05 0.946846 0.0162141 0.0308171
0.056248 0.00029278 0.189003 0.659112 0.022209 0.0731354
0.0616437 9.9982E-05 0.118527 0.814168 0.00546111 9.9982E-05
0.0188181 9.9973E-05 9.9973E-05 0.680666 0.300216 9.9973E-05
0.0813874 0.0327773 0.110635 0.695787 0.00648562 0.0729277
0.0362485 9.9982E-05 0.0257489 0.858655 9.9982E-05 0.0791476
0.0560057 9.9982E-05 0.101167 0.806106 9.9982E-05 0.0365218
0.00511319 9.9982E-05 9.9982E-05 0.892622 0.0934696 0.00859491
9.9982E-05 0.0021776 0.0434497 0.926797 9.9982E-05 0.0273756
0.0247343 0.00801486 0.0172173 0.813219 0.0881859 0.0486291
9.9973E-05 0.740682 0.114227 9.9973E-05 0.144792 9.9973E-05
9.9973E-05 0.709692 0.145421 9.9973E-05 0.144587 9.9973E-05
0.0432521 0.676261 0.245617 0.015147 0.0149966 0.00472621
0.0411292 0.58081 0.293364 0.0147632 0.0406535 0.0292802
0.0475299 0.591052 0.266734 0.0568153 9.9991E-05 0.0377684
0.0612132 0.600412 0.259499 0.00605829 9.9991E-05 0.0727177
0.0382916 0.642189 0.238569 0.0479437 9.9991E-05 0.0329065
9.9982E-05 0.762089 0.190937 0.0392234 9.9982E-05 0.00755032
9.9973E-05 0.651728 0.191453 9.9973E-05 0.156519 9.9973E-05
0.0259627 0.653062 0.259384 9.9991E-05 0.0294741 0.0320175
0.0484917 0.618772 0.296428 9.9991E-05 0.016207 0.0200017
0.0378101 0.685086 0.158395 0.0501193 9.9991E-05 0.0684892
0.00985516 0.146519 0.676205 0.0773625 9.9991E-05 0.0899582
0.0237718 0.0662012 0.805353 0.0334275 0.00439159 0.0668546
0.0061569 0.120055 0.691664 9.9991E-05 0.167905 0.01412
0.0655632 0.136691 0.705184 0.00863524 0.0683029 0.0156235
0.0403614 0.134367 0.736506 0.0172347 9.9991E-05 0.0714304
0.0358157 0.147532 0.701165 0.011072 9.9991E-05 0.104315
9.9982E-05 0.0871119 0.734904 9.9982E-05 0.140661 0.0371228
0.016886 0.0830197 0.737062 0.00438242 0.111238 0.047412
0.0308867 0.0990553 0.787594 0.0435272 0.0192899 0.0196467
0.0224944 0.108861 0.75015 0.0581891 0.060205 9.9991E-05
0.000700756 0.152338 0.636289 0.00161219 0.20896 9.9991E-05
0.0429382 0.142141 0.737204 0.0557225 9.9991E-05 0.0218934
9.9973E-05 0.967972 9.9973E-05 0.0241058 9.9973E-05 0.00762236
9.9964E-05 0.981151 9.9964E-05 9.9964E-05 0.0184494 9.9964E-05
9.9964E-05 0.970432 9.9964E-05 9.9964E-05 0.0291677 9.9964E-05
0.0307216 0.936024 0.0329541 9.9973E-05 9.9973E-05 9.9973E-05
0.00872749 0.922245 0.0059276 0.0322343 9.9991E-05 0.0307656
0.0415185 0.841613 0.049354 0.00156583 9.9991E-05 0.0658489
0.00898496 0.85618 0.098143 0.00504733 9.9991E-05 0.0315452
0.0260033 0.904347 0.0317892 0.0319332 9.9991E-05 0.00582731
9.9964E-05 0.948635 9.9964E-05 9.9964E-05 0.0509649 9.9964E-05
9.9964E-05 0.932538 9.9964E-05 9.9964E-05 0.067062 9.9964E-05
9.9973E-05 0.975885 9.9973E-05 0.0234984 9.9973E-05 0.000316939
0.023816 0.919456 9.9982E-05 0.00234412 9.9982E-05 0.054184
0.0963371 0.0204224 0.0435432 0.620261 0.199695 0.0197411
0.098541 0.00105613 0.0320079 0.65386 0.199701 0.0148333
0.0309647 9.9973E-05 9.9973E-05 0.738533 0.230202 9.9973E-05
0.0947438 0.0415068 0.0641631 0.6462 0.125264 0.0281224
0.0728536 9.9991E-05 0.0337012 0.568001 0.25917 0.0661743
0.0796075 0.037345 0.113267 0.714298 9.9991E-05 0.0553825
9.9982E-05 0.0306618 9.9982E-05 0.885664 0.00599335 0.0774806
0.015536 0.0126191 0.0311434 0.822964 0.0370366 0.0807014
0.0106903 9.9973E-05 9.9973E-05 0.693798 0.295212 9.9973E-05
0.0140693 0.033131 0.0323777 0.851786 9.9991E-05 0.0685358
0.0301291 0.0200297 9.9982E-05 0.845929 0.103712 9.9982E-05
0.014959 9.9973E-05 9.9973E-05 0.846158 0.138583 9.9973E-05
0.0346389 9.9982E-05 0.00554042 0.780918 0.178703 9.9982E-05
9.9964E-05 9.9964E-05 9.9964E-05 0.64943 0.350171 9.9964E-05
0.0397421 9.9982E-05 0.0981455 0.733197 9.9982E-05 0.128715
9.9973E-05 9.9973E-05 0.820765 0.120448 0.0584875 9.9973E-05
0.0154542 0.25236 0.54781 0.1068 9.9991E-05 0.0774761
0.018372 0.0177653 0.81544 0.0779783 0.0646274 0.00581687
9.9991E-05 0.0677473 0.716226 0.0684602 0.139417 0.00804984
9.9982E-05 0.0836901 0.691616 0.129467 9.9982E-05 0.0950273
0.0347139 0.209815 0.627091 0.0857168 0.0425633 9.9991E-05
9.9982E-05 0.125015 0.610066 0.0723887 0.192331 9.9982E-05
0.0256422 0.0821824 0.720418 9.9991E-05 0.168917 0.00274105
0.0657608 0.0452069 0.119303 0.254532 0.229422 0.285774
9.9973E-05 9.9973E-05 9.9973E-05 0.299453 0.417473 0.282775
9.9973E-05 9.9973E-05 9.9973E-05 0.0383507 0.771829 0.18952
0.0247697 0.0266118 0.228916 0.345632 0.181539 0.192532
9.9991E-05 0.0553675 0.069094 0.380969 0.249907 0.244562
9.9982E-05 9.9982E-05 0.126976 0.434263 0.139521 0.299041
0.00425395 9.9982E-05 9.9982E-05 0.0740984 0.740556 0.180892
0.0243049 0.0085494 9.9991E-05 0.110461 0.614447 0.242138
0.0214655 9.9991E-05 0.12873 0.300191 0.242106 0.307407
0.0407273 0.0181464 0.13849 0.307456 0.187657 0.307523
0.0427876 0.0472799 0.0359678 0.276602 0.325647 0.271715
0.0038386 0.00140031 0.126982 0.391407 0.122861 0.353512
9.9991E-05 0.0365568 0.0475323 0.29154 0.317586 0.306685
0.0287169 0.0182885 0.179312 0.335433 0.0517938 0.386456
9.9991E-05 0.0141245 0.0927636 0.430551 0.102866 0.359594
0.0418799 9.9991E-05 0.121784 0.274697 0.180207 0.381333
9.9991E-05 0.0157645 0.0422765 0.413824 0.153578 0.374457
0.0296133 9.99905E-05 0.0944556 0.423024 0.119336 0.333471
0.0211881 0.017531 0.0759311 0.305081 0.27805 0.302218
0.0520647 0.00766643 0.0792475 0.340322 0.199176 0.321522
0.0475367 0.0509753 0.171289 0.357936 9.9991E-05 0.372163
0.0523534 0.0190069 0.163365 0.293866 0.164869 0.30654
0.0170966 9.9991E-05 0.13957 0.299457 0.129607 0.41417
