0.0130991 9.9973E-05 9.9973E-05 0.716278 0.176521 9.9973E-05 0.0938015
0.0341317 9.9982E-05 9.9982E-05 0.711945 0.185093 0.0474909 0.0211397
0.0293096 0.00167544 9.9991E-05 0.70831 0.109862 0.076302 0.0744412
0.0305982 0.0564706 9.9973E-05 0.704787 9.9973E-05 0.207844 9.9973E-05
0.0164459 9.9964E-05 9.9964E-05 0.681716 9.9964E-05 0.301438 9.9964E-05
0.0147044 9.9973E-05 9.9973E-05 0.742421 9.9973E-05 0.199181 0.0433941
0.0408934 0.0893925 0.00626311 0.679236 0.0895648 0.0724451 0.0222047
0.00708567 0.0567913 0.011225 0.695998 0.142244 0.0865562 9.9991E-05
9.9991E-05 0.0543162 0.0411345 0.722463 0.125071 0.042902 0.0140131
0.9994 9.995E-05 9.995E-05 9.995E-05 9.995E-05 9.995E-05 9.995E-05
0.107222 9.9973E-05 9.9973E-05 9.9973E-05 0.682235 0.160225 0.0500177
0.116008 0.0341663 0.0178504 0.0424654 0.605532 0.151867 0.0321112
0.610672 0.0575783 0.0455951 0.0436324 0.237911 9.9991E-05 0.00451132
0.707585 0.0451782 9.9973E-05 0.0954016 0.151535 9.9973E-05 9.9973E-05
0.97042 9.9955E-05 9.9955E-05 9.9955E-05 9.9955E-05 0.0290798 9.9955E-05
0.351894 9.9982E-05 0.029026 0.0190692 0.514687 9.9982E-05 0.0851237
0.9994 9.995E-05 9.995E-05 9.995E-05 9.995E-05 9.995E-05 9.995E-05
0.665483 9.9982E-05 0.00795761 0.0165481 0.249986 9.9982E-05 0.0598256
0.779968 0.0305472 0.0251067 0.0349613 0.129217 9.9982E-05 9.9982E-05
0.0901615 0.0373155 9.9991E-05 0.0924875 0.558607 0.147367 0.0739622
0.9994 9.995E-05 9.995E-05 9.995E-05 9.995E-05 9.995E-05 9.995E-05
0.0101274 0.0577063 0.047853 0.0193569 0.609557 0.058111 0.197289
9.999E-05 0.0297556 0.0305459 0.0250113 0.658133 0.17049 0.0859644
0.0112736 0.0407491 0.0323119 9.9991E-05 0.472126 0.33722 0.106219
0.00218855 9.9973E-05 9.9973E-05 9.9973E-05 0.740289 0.237264 0.0199589
0.0193069 0.053322 0.00671272 0.0413757 0.427323 0.341994 0.109965
0.0217954 0.0464284 0.0223846 9.9991E-05 0.49558 0.279314 0.134398
9.9982E-05 0.0436718 0.043766 9.9982E-05 0.763789 0.0486282 0.0999449
0.0359896 0.0329338 0.0295795 9.9991E-05 0.552377 0.26964 0.0793807
0.0261391 0.0296122 0.0435854 9.9991E-05 0.73616 0.0806648 0.083738
0.0315934 0.045469 0.0202379 9.9991E-05 0.735697 0.109036 0.057867
9.9982E-05 0.0163179 0.278941 0.588194 0.0940871 9.9982E-05 0.0222604
0.00404092 9.9982E-05 0.121075 0.694914 0.158247 9.9982E-05 0.0215226
9.999E-05 0.0142865 0.177612 0.633187 0.145298 0.00935769 0.0201593
0.00765117 0.0084714 0.177155 0.73495 9.9982E-05 0.0715734 9.9982E-05
9.9973E-05 0.0247234 0.193601 0.645481 0.135895 9.9973E-05 9.9973E-05
0.00303615 0.0264103 0.222648 0.668698 9.9991E-05 0.0570766 0.022031
9.9973E-05 0.0397768 0.119398 0.790571 0.0499541 9.9973E-05 9.9973E-05
0.0027245 0.0203712 0.131561 0.788498 9.9982E-05 0.0566456 9.9982E-05
0.0155798 9.9973E-05 0.199904 0.561663 9.9973E-05 0.222553 9.9973E-05
9.9964E-05 9.9964E-05 0.157666 0.79075 9.9964E-05 9.9964E-05 0.0511837
0.00495488 0.918021 9.9982E-05 9.9982E-05 0.0256477 0.0461854 0.00499152
9.9973E-05 0.95532 9.9973E-05 9.9973E-05 0.0191347 0.00407087 0.0211748
9.9973E-05 0.910503 0.027716 9.9973E-05 0.0549065 0.00657432 9.9973E-05
9.9964E-05 0.885848 0.00395448 9.9964E-05 0.109797 9.9964E-05 9.9964E-05
9.9964E-05 0.874636 0.0185835 9.9964E-05 0.106381 9.9964E-05 9.9964E-05
9.9964E-05 0.885333 0.0251657 9.9964E-05 0.0891018 9.9964E-05 9.9964E-05
0.00524239 0.770979 0.0387615 0.0195462 0.125614 9.9991E-05 0.039757
0.0364004 0.941504 9.9964E-05 9.9964E-05 9.9964E-05 9.9964E-05 0.0216953
9.9955E-05 0.989201 9.9955E-05 9.9955E-05 9.9955E-05 0.010299 9.9955E-05
9.9973E-05 0.917496 0.00561008 0.0287517 0.0478423 9.9973E-05 9.9973E-05
9.995E-05 0.9994 9.995E-05 9.995E-05 9.995E-05 9.995E-05 9.995E-05
9.9955E-05 0.995831 9.9955E-05 9.9955E-05 9.9955E-05 0.0036693 9.9955E-05
9.9955E-05 9.9955E-05 0.0310314 9.9955E-05 9.9955E-05 9.9955E-05 0.968469
0.00593918 9.9982E-05 0.0304121 9.9982E-05 0.0896966 0.136919 0.736833
0.0133028 0.0267633 0.0227353 0.0593202 0.195265 0.131627 0.550986
0.0539609 9.9982E-05 0.00274873 9.9982E-05 0.0975564 0.00480644 0.840728
9.9991E-05 0.0718329 0.0315436 0.0115829 0.189253 0.106936 0.588751
0.0240624 0.0558708 0.0400313 9.9991E-05 0.0353283 0.125707 0.718901
9.9982E-05 0.0220346 0.0360878 0.0498511 0.0514618 9.9982E-05 0.840365
0.012036 0.0266371 0.0171196 0.0429521 0.0839648 9.9991E-05 0.81719
0.0186736 9.9982E-05 0.00241718 0.454863 9.9982E-05 0.495064 0.0287822
9.9955E-05 9.9955E-05 9.9955E-05 0.48953 9.9955E-05 0.50997 9.9955E-05
9.9982E-05 0.0374339 0.0374277 0.520592 0.109246 0.295101 9.9982E-05
0.0105972 0.0194243 0.0300314 0.581973 9.9982E-05 0.357775 9.9982E-05
9.9973E-05 0.0433551 9.9973E-05 0.410742 9.9973E-05 0.540621 0.00498174
0.0546187 0.00565941 0.0456993 0.48812 0.0754043 0.253919 0.0765786
9.9973E-05 9.9973E-05 0.0105568 0.532085 0.170017 0.287042 9.9973E-05
0.0233561 0.0402461 0.0356747 0.508046 9.9982E-05 0.392477 9.9982E-05
9.9982E-05 0.0500918 9.9982E-05 0.57876 0.139951 0.207281 0.0237165
0.0168303 0.0204522 0.0165215 0.575207 0.084639 0.251809 0.0345405
9.9955E-05 9.9955E-05 9.9955E-05 0.363967 9.9955E-05 0.635534 9.9955E-05
0.107799 0.0707428 0.034715 0.083246 0.647248 0.0310518 0.0251982
0.0736028 0.0297792 0.0244168 0.0998147 0.770829 9.9991E-05 0.00145795
0.119021 0.0272486 0.0879933 0.0825895 0.660826 9.9991E-05 0.022222
0.0811166 0.0404629 0.0428701 0.118382 0.669183 9.9991E-05 0.0478853
0.133108 0.0208949 9.9982E-05 9.9982E-05 0.480591 0.354397 0.0108093
0.0922065 9.9973E-05 9.9973E-05 9.9973E-05 0.645643 0.230154 0.0316964
0.141444 9.9973E-05 9.9973E-05 9.9973E-05 0.508187 0.231366 0.118704
0.139629 9.9982E-05 0.020757 9.9982E-05 0.650774 0.115658 0.0729819
0.0820642 9.9982E-05 9.9982E-05 0.0280481 0.501773 0.216315 0.1716
0.0782284 0.00100977 0.0269176 9.9991E-05 0.582882 0.280852 0.0300109
0.0590473 0.0510742 0.022249 0.101407 0.635049 0.0730052 0.0581684
0.0958531 0.0223988 9.9982E-05 9.9982E-05 0.563265 0.258513 0.0597703
9.9982E-05 0.771619 9.9982E-05 0.0560595 0.0654757 0.000636002 0.10601
0.0201709 0.752702 0.00451747 0.016771 0.151622 9.9991E-05 0.0541166
9.9964E-05 0.80268 9.9964E-05 9.9964E-05 9.9964E-05 0.158821 0.0380993
0.0133024 0.844796 0.00434976 0.0423213 0.0844583 9.9991E-05 0.0106721
9.9973E-05 0.853747 9.9973E-05 0.0322617 0.0887895 9.9973E-05 0.0249022
9.9973E-05 0.710028 0.0141221 0.0219239 0.253626 9.9973E-05 9.9973E-05
9.9982E-05 0.765692 0.0098642 0.0590209 0.14983 9.9982E-05 0.0153934
9.9973E-05 0.67737 9.9973E-05 0.0918449 0.156469 9.9973E-05 0.0740158
0.00920272 0.741334 0.0251182 0.0250957 0.19905 9.9982E-05 9.9982E-05
9.995E-05 9.995E-05 9.995E-05 9.995E-05 9.995E-05 0.9994 9.995E-05
9.9982E-05 0.0304534 0.00522902 0.131238 9.9982E-05 0.828966 0.00391319
0.0190079 0.0312956 9.9982E-05 0.299971 0.00828205 0.641244 9.9982E-05
9.9973E-05 9.9973E-05 0.0228903 0.210551 0.173234 0.593025 9.9973E-05
0.0218106 0.0385823 0.0224077 0.305122 0.232386 0.379591 9.9991E-05
0.00389167 0.0212694 0.042064 0.202847 0.35884 0.321707 0.0493812
0.0325985 0.0160629 0.0710323 9.9982E-05 0.14405 0.736057 9.9982E-05
9.99639E-05 0.0139612 0.00785268 9.99639E-05 9.99639E-05 0.977786 9.99639E-05
0.00984891 9.9982E-05 0.00183539 0.24888 9.9982E-05 0.693169 0.0460671
9.9955E-05 9.9955E-05 9.9955E-05 9.9955E-05 0.101892 0.897608 9.9955E-05
9.9982E-05 9.9982E-05 0.0252472 0.118642 0.0862451 0.681086 0.0885795
0.0165444 0.0344674 0.00846015 0.0875418 9.9982E-05 0.852786 9.9982E-05
0.0101209 0.0027607 0.0100931 0.0542273 0.0763461 9.9991E-05 0.846352
0.0117657 9.9973E-05 0.00105678 9.9973E-05 0.103954 9.9973E-05 0.882923
9.9982E-05 0.0419251 9.9982E-05 0.159784 0.214352 0.00219051 0.581549
9.9973E-05 0.0517619 9.9973E-05 0.104938 0.0955431 9.9973E-05 0.747457
0.0290194 9.9964E-05 9.9964E-05 9.9964E-05 9.9964E-05 0.263495 0.707085
0.0243996 0.0548393 0.0365797 0.101001 0.150257 9.9991E-05 0.632823
9.9964E-05 0.0238843 9.9964E-05 9.9964E-05 0.231214 9.9964E-05 0.744502
9.9973E-05 0.0534066 9.9973E-05 0.0870609 0.154817 9.9973E-05 0.704415
9.9973E-05 9.9973E-05 9.9973E-05 0.00365547 0.0674523 0.0475244 0.881068
9.9964E-05 9.9964E-05 0.0216306 9.9964E-05 0.137385 9.9964E-05 0.840585
0.0281287 0.00670972 0.0215554 9.9991E-05 0.058201 0.0695692 0.815736
9.9964E-05 9.9964E-05 0.742394 0.0793559 9.9964E-05 0.17785 9.9964E-05
0.0178896 9.9973E-05 0.67901 0.169386 9.9973E-05 0.133414 9.9973E-05
0.0178968 0.0329491 0.679986 0.224814 9.9991E-05 0.0273611 0.0168927
0.00296069 0.0349599 0.584993 0.264993 0.0739736 0.0380191 9.9991E-05
9.9973E-05 0.0486991 0.610664 0.205264 0.135073 9.9973E-05 9.9973E-05
9.9973E-05 0.0394989 0.587554 0.204097 0.16855 9.9973E-05 9.9973E-05
9.9973E-05 0.0145958 0.626898 0.191039 0.167168 9.9973E-05 9.9973E-05
0.0139794 9.9973E-05 0.753563 0.162495 9.9973E-05 9.9973E-05 0.0696621
9.9964E-05 9.9964E-05 0.650793 0.20281 9.9964E-05 0.145997 9.9964E-05
9.9973E-05 0.0126472 0.641394 0.213971 0.131688 9.9973E-05 9.9973E-05
9.9982E-05 0.0425276 0.613652 0.266383 0.0728311 0.00440649 9.9982E-05
9.9973E-05 0.0185047 0.682934 0.10626 0.192001 9.9973E-05 9.9973E-05
0.0072675 0.00136804 0.159546 0.630888 0.20073 9.9982E-05 9.9982E-05
0.0388779 0.0247225 0.0814846 0.767381 0.0720106 9.9991E-05 0.0154232
0.0129798 0.00155224 0.129209 0.689968 0.0250181 0.141172 9.9991E-05
0.0256122 0.0489261 0.126135 0.725603 9.9991E-05 0.0323183 0.0413056
0.0196529 0.0399567 0.154294 0.679531 0.106365 9.9982E-05 9.9982E-05
0.0220752 0.0291194 0.155595 0.619214 0.173796 9.9982E-05 9.9982E-05
0.0337217 9.9991E-05 0.107875 0.689533 0.0536846 0.109996 0.00508921
0.0171357 0.00320812 0.111543 0.669 0.0770577 0.102396 0.0196591
0.000809728 0.0310607 0.12547 0.754903 0.044111 0.0361416 0.00750468
9.9982E-05 0.0333565 0.132796 0.693041 0.106981 0.0336244 9.9982E-05
0.0239699 9.9982E-05 0.163088 0.609817 9.9982E-05 0.19151 0.0114154
9.9973E-05 0.0352139 0.157253 0.688456 0.118777 9.9973E-05 9.9973E-05
0.0169656 9.9982E-05 0.936566 9.9982E-05 0.0129562 0.0206366 0.012676
0.000664102 9.9964E-05 0.94262 9.9964E-05 9.9964E-05 0.0563165 9.9964E-05
9.9955E-05 9.9955E-05 0.959746 9.9955E-05 9.9955E-05 0.0397539 9.9955E-05
9.9973E-05 0.0235095 0.917972 0.0218919 0.0363263 9.9973E-05 9.9973E-05
9.9964E-05 0.0103056 0.889724 9.9964E-05 0.0995705 9.9964E-05 9.9964E-05
9.9973E-05 0.0314469 0.833436 0.01813 0.116688 9.9973E-05 9.9973E-05
0.002693 9.9973E-05 0.855922 0.0643104 0.0767745 9.9973E-05 9.9973E-05
9.9982E-05 0.00951526 0.874605 0.0276004 0.0744964 9.9982E-05 0.0135834
9.9955E-05 9.9955E-05 0.908594 9.9955E-05 9.9955E-05 0.0909061 9.9955E-05
9.9955E-05 9.9955E-05 0.909464 9.9955E-05 9.9955E-05 0.0900365 9.9955E-05
0.00845486 9.9973E-05 0.95028 9.9973E-05 9.9973E-05 0.00223146 0.038734
9.9964E-05 0.00237384 0.903023 9.9964E-05 0.0942029 9.9964E-05 9.9964E-05
9.9991E-05 0.0877609 0.0196571 0.0251764 0.146473 0.17867 0.542163
0.0137759 0.0781541 9.9991E-05 0.043616 0.0408079 0.156723 0.666823
0.0118493 0.0153271 9.9973E-05 9.9973E-05 9.9973E-05 0.205555 0.766969
0.00185013 0.0987031 0.0253313 0.0488322 0.133493 0.0990838 0.592706
0.0381878 0.0565541 9.9991E-05 0.0443351 0.0875121 0.202129 0.571182
9.9982E-05 0.0626296 0.0236962 0.0974785 0.228672 9.9982E-05 0.587324
0.0175525 9.9982E-05 0.0226138 9.9982E-05 0.139784 0.00215668 0.817693
0.0280345 9.9991E-05 0.0227706 0.0342316 0.131114 0.0087246 0.775025
9.9955E-05 9.9955E-05 9.9955E-05 9.9955E-05 9.9955E-05 0.257435 0.742066
0.0151807 0.0079373 0.034538 0.00698727 0.146493 9.9991E-05 0.788764
0.00642607 0.0265767 0.0202399 9.9982E-05 9.9982E-05 0.0838854 0.862672
0.00658347 9.9964E-05 9.9964E-05 9.9964E-05 9.9964E-05 0.0960407 0.896976
0.00135324 0.0250583 9.9991E-05 0.00580504 0.0230189 0.144303 0.800361
9.9955E-05 9.9955E-05 9.9955E-05 9.9955E-05 9.9955E-05 0.319203 0.680298
0.0336164 0.0263074 9.9982E-05 0.07623 0.247383 9.9982E-05 0.616263
0.0103252 9.9982E-05 0.00581061 0.818982 0.0342632 9.9982E-05 0.130419
0.0159257 0.0189281 0.260775 0.495768 0.177095 9.9991E-05 0.0314082
0.00747829 0.00714565 0.0225376 0.804484 0.0404832 0.0156588 0.102212
0.00125468 9.9991E-05 0.0450248 0.732481 0.0810971 0.0888292 0.0512129
9.9973E-05 9.9973E-05 0.0992505 0.630363 0.26162 9.9973E-05 0.008467
0.00434504 0.0294464 0.197614 0.64973 0.0267164 0.0241475 0.0680009
0.0255616 9.9982E-05 0.122208 0.630288 9.9982E-05 0.131402 0.0903407
0.0195333 0.023459 0.083157 0.725952 0.0185005 0.129298 9.9991E-05
9.9982E-05 0.0682617 0.038554 0.0528861 0.704298 0.1358 9.9982E-05
0.0205073 9.9973E-05 9.9973E-05 9.9973E-05 0.625301 0.300766 0.0531261
9.9955E-05 9.9955E-05 9.9955E-05 9.9955E-05 0.543788 0.455712 9.9955E-05
9.9991E-05 0.0326065 0.0182304 0.168514 0.502386 0.14618 0.131982
0.0163071 9.9991E-05 0.0525256 0.0191561 0.545093 0.201016 0.165802
0.0294108 9.9982E-05 9.9982E-05 0.0573307 0.679867 0.0867202 0.146471
9.9955E-05 9.9955E-05 9.9955E-05 9.9955E-05 0.532305 0.467195 9.9955E-05
0.011389 0.00751251 9.9973E-05 9.9973E-05 0.592773 0.388025 9.9973E-05
0.0376579 0.0104006 9.9991E-05 0.0632901 0.597467 0.194354 0.0967298
0.0424295 0.0399523 9.9991E-05 0.0839125 0.590435 0.175842 0.0673288
0.0344919 0.0407945 0.025327 0.0255016 0.56975 0.237074 0.0670608
0.0342857 0.00721935 0.00272835 0.0500744 0.742042 0.0819762 0.0816738
0.0409647 9.9982E-05 0.0234363 9.9982E-05 0.612587 0.239391 0.0834207
9.9973E-05 0.0165092 0.0141477 0.0438687 0.925174 9.9973E-05 9.9973E-05
0.0415246 9.9991E-05 0.0220984 0.00820495 0.864403 0.0192283 0.0444412
0.00488479 0.0253572 9.9982E-05 0.0191056 0.875412 0.0750407 9.9982E-05
0.046173 9.9982E-05 0.00175338 9.9982E-05 0.772152 0.0983633 0.0813579
0.0395012 0.0217037 9.9991E-05 0.0463276 0.678429 0.0556117 0.158327
0.0306284 0.0317321 0.0105321 9.9991E-05 0.689712 0.223198 0.0140976
0.0346861 0.0499854 9.9991E-05 0.0265825 0.722326 0.121314 0.0450056
0.0373673 0.0492461 0.0478999 0.0815823 0.759214 9.9991E-05 0.0245907
0.0266396 0.0547543 0.00913477 0.101591 0.686065 0.111607 0.0102088
9.9964E-05 9.9964E-05 9.9964E-05 0.00893297 0.981007 0.00966003 9.9964E-05
