0.450861 0.035083 0.514056
0.481688 0.000737332 0.517574
0.472038 0.0217486 0.506213
0.38502 0.0649032 0.550077
0.484979 9.9991E-05 0.514922
0.460252 0.0161186 0.523629
0.389238 0.0964294 0.514332
0.373845 0.0782182 0.547937
0.339159 0.0694965 0.591345
0.9998 9.999E-05 9.999E-05
0.894487 0.0478481 0.0576653
0.797694 0.0866244 0.115681
0.816885 0.0834666 0.0996486
0.85777 0.0666509 0.0755786
0.9998 9.999E-05 9.999E-05
0.87637 0.0512127 0.072417
0.94523 0.0309653 0.0238049
0.911449 0.0301209 0.0584298
0.883027 0.041508 0.0754651
0.791988 0.0838218 0.12419
0.9998 9.999E-05 9.999E-05
0.732416 0.156679 0.110905
0.77044 0.0942967 0.135263
0.775946 0.0983156 0.125739
0.86973 0.0755175 0.0547525
0.781537 0.101533 0.11693
0.779037 0.115276 0.105687
0.750677 0.124089 0.125234
0.799676 0.0799669 0.120358
0.781722 0.102473 0.115805
0.791865 0.118966 0.0891691
0.201915 0.0465407 0.751544
0.331752 0.00350579 0.664742
0.279304 0.0355049 0.685192
0.208907 0.0182263 0.772867
0.269182 0.0452841 0.685534
0.205511 0.036828 0.757661
0.233498 0.0558295 0.710672
0.227401 0.0213412 0.751258
0.272968 9.9991E-05 0.726932
0.204598 0.0183154 0.777087
0.0428001 0.9571 9.9991E-05
9.9991E-05 0.994358 0.00554177
0.0113622 0.950495 0.0381426
0.0208572 0.952949 0.0261942
0.0368514 0.924538 0.0386106
0.00291505 0.946429 0.0506561
0.111534 0.821698 0.0667681
0.00242166 0.997478 9.9991E-05
9.999E-05 0.9998 9.999E-05
9.9991E-05 0.967462 0.0324376
9.999E-05 0.9998 9.999E-05
9.999E-05 0.9998 9.999E-05
0.728335 0.220241 0.0514249
0.774951 0.161637 0.0634122
0.726478 0.162347 0.111175
0.786189 0.1975 0.0163112
0.703963 0.215872 0.0801658
0.707671 0.226702 0.0656272
0.668932 0.232454 0.0986138
0.713008 0.224873 0.0621193
0.535947 9.9991E-05 0.463953
0.486738 9.9991E-05 0.513162
0.444362 0.0441911 0.511447
0.440907 0.0226542 0.536438
0.529666 0.0570386 0.413295
0.508663 0.0300528 0.461284
0.518052 0.00588107 0.476067
0.442762 0.0461016 0.511137
0.456335 0.0748144 0.46885
0.472822 0.0372162 0.489961
0.478818 9.9991E-05 0.521082
0.729482 0.1122 0.158317
0.754148 0.0892494 0.156603
0.718781 0.0835734 0.197645
0.718813 0.108671 0.172516
0.882745 0.0513225 0.0659325
0.900327 0.0308 0.0688734
0.935896 0.0190305 0.0450734
0.895158 0.00847118 0.0963705
0.852658 0.0762342 0.0711081
0.863752 0.0396456 0.0966023
0.721865 0.110927 0.167208
0.86223 0.0721258 0.0656441
0.11719 0.850619 0.0321911
0.132643 0.827579 0.0397788
0.133256 0.866644 9.9991E-05
0.0453509 0.897459 0.0571905
0.0523734 0.914709 0.0329178
0.14677 0.785754 0.0674763
0.096941 0.828663 0.0743959
0.157704 0.761902 0.0803941
0.110661 0.800529 0.0888092
0.790734 9.9991E-05 0.209166
0.664785 0.0407006 0.294514
0.61268 0.0377621 0.349558
0.681244 9.9991E-05 0.318656
0.609923 0.0502934 0.339783
0.655169 0.0543616 0.29047
0.726621 0.0273613 0.246018
0.787839 0.0164381 0.195723
0.670748 0.00101054 0.328241
0.833319 0.0202367 0.146444
0.733774 0.00372491 0.262501
0.703746 0.025425 0.270829
0.732754 0.207613 0.0596329
0.806131 0.193769 9.9991E-05
0.667062 0.1933 0.139638
0.665396 0.237235 0.0973691
0.806816 0.193084 9.9991E-05
0.676142 0.211572 0.112285
0.768222 0.221045 0.0107334
0.694486 0.227999 0.0775155
0.799316 0.194167 0.00651615
0.781529 0.18501 0.0334612
0.758848 0.19682 0.0443324
9.999E-05 9.999E-05 0.9998
0.0805105 9.9991E-05 0.91939
0.0186984 0.0527649 0.928537
0.0926534 0.0451343 0.862212
0.067187 0.0782372 0.854576
0.081057 0.082048 0.836895
0.0756331 0.0464996 0.877867
0.0289212 0.0128903 0.958188
0.062186 9.9991E-05 0.937714
0.0546581 0.0294411 0.915901
0.0496451 0.0597432 0.890612
0.076953 0.0618935 0.861153
0.337169 0.0130605 0.649771
0.296687 0.0343222 0.668991
0.311061 0.00568321 0.683255
0.251844 0.0666251 0.68153
0.264678 0.0561528 0.67917
0.282674 0.0432934 0.674033
0.340502 9.9991E-05 0.659398
0.320653 0.0194214 0.659925
0.249524 0.051845 0.698631
0.276504 0.0518698 0.671627
0.324793 0.00699833 0.668209
0.22844 0.0682782 0.703282
9.999E-05 9.999E-05 0.9998
9.999E-05 9.999E-05 0.9998
9.999E-05 9.999E-05 0.9998
9.9991E-05 0.0156858 0.984214
9.9991E-05 0.0257445 0.974155
0.0130641 0.0473322 0.939604
9.9991E-05 0.0118615 0.988039
9.9991E-05 0.0158415 0.984059
9.999E-05 9.999E-05 0.9998
9.999E-05 9.999E-05 0.9998
9.999E-05 9.999E-05 0.9998
9.9991E-05 0.0413772 0.958523
0.676479 0.221837 0.101684
0.685762 0.248656 0.0655818
0.773528 0.198975 0.0274972
0.66252 0.238681 0.098799
0.757906 0.18746 0.0546336
0.670647 0.23388 0.0954736
0.792867 0.193243 0.0138893
0.762765 0.183286 0.0539485
0.813222 0.167767 0.0190107
0.734017 0.201491 0.0644918
0.72617 0.220494 0.0533358
0.776043 0.203548 0.0204091
0.767488 0.201668 0.0308447
0.829237 0.162196 0.00856719
0.728807 0.204421 0.066772
0.382021 0.0168884 0.601091
0.267053 0.053589 0.679358
0.343036 0.0310947 0.625869
0.384946 0.0084463 0.606608
0.373957 0.0207295 0.605313
0.246357 0.0508885 0.702754
0.377494 9.9991E-05 0.622406
0.314542 0.0303921 0.655066
0.703839 0.114118 0.182044
0.896277 0.0459189 0.057804
0.951907 0.0239996 0.0240937
0.675362 0.101299 0.223339
0.783651 0.06083 0.155519
0.831665 0.080026 0.0883093
0.951016 0.0298966 0.0190873
0.86702 0.047461 0.0855189
0.803473 0.0739195 0.122607
0.775969 0.0896077 0.134423
0.778382 0.100128 0.121489
0.82569 0.0745757 0.0997344
0.835025 0.050465 0.11451
0.754641 0.100608 0.144751
0.833088 0.0671124 0.0997998
0.826562 0.0894265 0.0840112
0.873034 0.055934 0.071032
0.807188 0.106744 0.0860678
0.820101 0.0800361 0.0998634
0.801702 0.114457 0.0838409
0.724412 0.104664 0.170924
0.746903 0.105971 0.147125
0.821529 0.0831108 0.0953598
