0.160674 0.0358506 0.628025 0.104539 0.0709108
0.108902 0.0096765 0.721054 0.140373 0.0199948
0.095656 0.0258102 0.730085 0.087225 0.0612236
0.0807898 0.0727133 0.819885 0.0265115 9.9991E-05
0.00947942 9.9991E-05 0.931802 0.0457352 0.0128832
9.9982E-05 0.0286529 0.950364 9.9982E-05 0.0207827
0.138927 0.102434 0.646452 0.112086 9.9991E-05
0.131452 0.0868021 0.691688 0.0899588 9.9991E-05
0.189645 0.0729975 0.707489 0.0201997 0.00966848
9.997E-05 9.997E-05 9.997E-05 0.9996 9.997E-05
9.999E-05 0.0082081 0.149162 0.535638 0.306893
0.043459 0.0404228 0.145747 0.489495 0.280876
0.0946296 0.0830808 9.9982E-05 0.82209 9.9982E-05
0.0333253 0.0639725 0.0349282 0.867674 9.9991E-05
9.997E-05 9.997E-05 9.997E-05 0.9996 9.997E-05
0.0662578 0.0142774 9.9991E-05 0.707377 0.211988
9.997E-05 9.997E-05 9.997E-05 0.9996 9.997E-05
0.0582367 0.0197653 9.9991E-05 0.880195 0.0417027
0.0391585 0.0381177 9.9982E-05 0.922524 9.9982E-05
0.0307725 0.0512001 0.207877 0.436155 0.273995
9.997E-05 9.997E-05 9.997E-05 0.9996 9.997E-05
0.108039 0.0741522 0.0360998 0.338194 0.443515
0.0712675 0.0352696 0.148359 0.370666 0.374438
0.0267265 0.0327863 0.215155 0.332601 0.392731
0.0542926 0.00253916 0.0339156 0.455199 0.454054
0.00130644 0.0436644 0.266955 0.28588 0.402194
0.0523511 0.0428074 0.112201 0.348429 0.444211
0.12233 0.0506656 0.0229093 0.394948 0.409147
0.0747962 0.0165461 0.121839 0.401795 0.385024
0.105438 0.0382509 0.0414644 0.420672 0.394175
0.0901851 0.0474621 0.0380846 0.441518 0.382751
0.460979 0.0481456 0.446951 0.0438251 9.9991E-05
0.325303 9.9991E-05 0.550392 0.100232 0.0239729
0.340561 0.0268709 0.566706 0.065763 9.9991E-05
0.338497 0.0140466 0.647256 9.9982E-05 9.9982E-05
0.370137 0.0491602 0.514515 0.066088 9.9991E-05
0.381474 0.0356478 0.582679 9.9982E-05 9.9982E-05
0.314708 0.0455311 0.639561 9.9982E-05 9.9982E-05
0.309274 0.0286079 0.661918 9.9982E-05 9.9982E-05
0.297243 9.9973E-05 0.702457 9.9973E-05 9.9973E-05
0.347122 0.0065222 0.646156 9.9982E-05 9.9982E-05
9.9982E-05 0.935717 9.9982E-05 0.0577112 0.00637174
0.00968761 0.967276 9.9982E-05 9.9982E-05 0.0228361
0.0362782 0.924207 9.9982E-05 0.039315 9.9982E-05
0.0362204 0.912896 9.9982E-05 0.050684 9.9982E-05
0.037529 0.908127 0.00146699 0.0448777 0.00799911
0.0399359 0.904206 9.9982E-05 0.0556579 9.9982E-05
0.0603861 0.791837 0.00344974 0.071436 0.0728913
9.9982E-05 0.967626 9.9982E-05 0.0278886 0.00428508
9.997E-05 0.9996 9.997E-05 9.997E-05 9.997E-05
0.0487289 0.950971 9.9973E-05 9.9973E-05 9.9973E-05
9.997E-05 0.9996 9.997E-05 9.997E-05 9.997E-05
9.997E-05 0.9996 9.997E-05 9.997E-05 9.997E-05
0.0821632 0.0269643 9.9982E-05 9.9982E-05 0.890673
0.0819188 0.0163769 0.01233 0.0731214 0.816253
0.060016 0.0442318 0.124375 0.133705 0.637672
0.0314758 0.0514297 9.9991E-05 0.0677374 0.849257
0.0432812 0.0823546 0.0614743 0.0876506 0.725239
0.0653242 0.0827232 0.0150467 0.0777603 0.759146
0.11072 0.0671094 9.9982E-05 9.9982E-05 0.821971
0.0747391 0.0676089 9.9991E-05 0.0529045 0.804647
0.0207543 9.9991E-05 0.800811 0.0358241 0.14251
9.9982E-05 0.00186958 0.928226 9.9982E-05 0.0697048
0.102289 0.052295 0.717484 0.127832 9.9991E-05
0.0849851 0.0303594 0.81635 0.0682051 9.9991E-05
9.9991E-05 0.0391009 0.786311 0.0200155 0.154473
0.128467 0.0219317 0.597538 0.129014 0.123049
0.0798418 0.000459604 0.697037 0.117073 0.105589
0.069891 0.0429076 0.767777 0.0524471 0.0669772
0.0848014 0.0697016 0.680402 0.0976154 0.06748
0.0838114 0.0349791 0.723308 0.0756698 0.082232
9.9973E-05 9.9973E-05 0.978643 9.9973E-05 0.0210575
0.117481 0.0776899 0.0816527 0.494818 0.228358
0.141461 0.0631252 0.0405183 0.519349 0.235546
0.169026 0.0561435 0.0603887 0.515912 0.19853
0.137227 0.0615368 0.0791771 0.475797 0.246263
9.9991E-05 0.0166018 0.172546 0.507927 0.302825
9.9982E-05 9.9982E-05 0.181953 0.498294 0.319553
9.9982E-05 9.9982E-05 0.15093 0.487002 0.361868
0.0749214 9.9991E-05 0.0439087 0.557739 0.323331
9.9991E-05 0.0117573 0.17649 0.405802 0.405851
0.0207646 0.000609079 0.187425 0.496334 0.294867
0.0751742 0.0655938 0.148493 0.422948 0.287791
0.0102125 0.0311556 0.129874 0.481684 0.347074
0.0308356 0.808625 0.00858428 0.0261901 0.125765
0.0440033 0.770723 9.9991E-05 0.0868144 0.0983589
9.9982E-05 0.828815 0.0379779 9.9982E-05 0.133007
0.0370291 0.86821 0.0253342 0.0322935 0.037133
0.050546 0.880489 0.00275272 9.9991E-05 0.0661126
0.0619357 0.744456 9.9991E-05 0.134189 0.059319
0.063138 0.784034 9.9991E-05 0.0723394 0.0803888
0.087101 0.705081 0.0140406 0.0291023 0.164675
0.0886879 0.771903 9.9991E-05 0.106694 0.0326153
9.9982E-05 9.9982E-05 0.486007 0.16734 0.346454
9.9991E-05 0.00427439 0.647202 0.0793132 0.26911
9.9991E-05 0.0268634 0.726815 0.136561 0.109661
9.9982E-05 9.9982E-05 0.62379 0.173767 0.202243
0.0577657 0.0309616 0.533119 0.227094 0.15106
0.0849565 0.0292096 0.399926 0.253403 0.232505
0.0105724 0.00904826 0.489376 0.266538 0.224465
9.9982E-05 9.9982E-05 0.485867 0.183273 0.33066
9.9982E-05 9.9982E-05 0.668269 0.0795329 0.251998
9.9982E-05 9.9982E-05 0.471456 0.2188 0.309544
9.9982E-05 9.9982E-05 0.559447 0.096377 0.343976
9.9982E-05 9.9982E-05 0.613092 0.132861 0.253847
0.0719628 0.0541778 0.00507609 0.0316037 0.83718
0.0386998 0.0317972 9.9991E-05 0.0336368 0.895766
0.0896766 0.0768105 0.122594 0.0789537 0.631965
0.0540739 0.0922817 0.0772873 9.9991E-05 0.776257
9.9982E-05 0.0243065 0.107323 9.9982E-05 0.868171
0.113232 0.0946703 0.0337543 0.0903696 0.667974
0.0495179 0.0674892 9.9991E-05 0.0924591 0.790434
0.0754719 0.0851531 0.0265942 0.0367497 0.776031
9.9991E-05 0.0323234 0.0426011 0.00654203 0.918433
0.0582603 0.0188524 9.9991E-05 0.0298529 0.892934
0.0508383 0.0437415 0.00654874 0.0542015 0.84467
0.760017 9.9973E-05 0.239684 9.9973E-05 9.9973E-05
0.76004 9.9991E-05 0.225588 0.00951653 0.00475565
0.776775 0.0400308 0.179614 9.9991E-05 0.00347969
0.699774 0.046112 0.196556 0.0574582 9.9991E-05
0.724112 0.060941 0.149643 0.0572784 0.00802513
0.739459 0.0715513 0.105403 0.0834869 9.9991E-05
0.765952 0.050092 0.112987 0.0664243 0.00454475
0.840786 9.9991E-05 0.126235 0.000864266 0.0320147
0.720149 9.9973E-05 0.279551 9.9973E-05 9.9973E-05
0.745582 0.0255832 0.164183 0.0645517 9.9991E-05
0.711803 0.0500188 0.222576 0.0155025 9.9991E-05
0.821229 0.0629385 0.0116509 0.0991922 0.00498968
0.338564 0.0324692 0.509404 0.110953 0.00860999
0.26954 0.038185 0.627117 0.0650589 9.9991E-05
0.281843 0.0136554 0.666285 0.038117 9.9991E-05
0.31229 0.0754819 0.590341 0.021787 9.9991E-05
0.329388 0.0613472 0.537813 0.071352 9.9991E-05
0.338741 0.0524131 0.494821 0.113925 9.9991E-05
0.258545 0.00178916 0.668705 0.0708608 9.9991E-05
0.264123 0.0285239 0.639977 0.0672763 9.9991E-05
0.309552 0.0497157 0.634774 0.00585811 9.9991E-05
0.294941 0.0484705 0.620947 0.0148235 0.0208175
0.283094 0.00515141 0.643439 0.0315868 0.0367287
0.36447 0.0612197 0.523437 0.0507737 9.9991E-05
0.99148 9.9973E-05 9.9973E-05 9.9973E-05 0.00822001
0.9996 9.997E-05 9.997E-05 9.997E-05 9.997E-05
0.9996 9.997E-05 9.997E-05 9.997E-05 9.997E-05
0.976936 0.0227645 9.9973E-05 9.9973E-05 9.9973E-05
0.958375 0.0106914 9.9982E-05 0.0307332 9.9982E-05
0.894611 0.0424963 9.9982E-05 0.0626922 9.9982E-05
0.952471 9.9973E-05 9.9973E-05 0.0472288 9.9973E-05
0.959368 0.0188377 9.9982E-05 9.9982E-05 0.0215941
0.9996 9.997E-05 9.997E-05 9.997E-05 9.997E-05
0.97674 9.9973E-05 9.9973E-05 9.9973E-05 0.0229603
0.9996 9.997E-05 9.997E-05 9.997E-05 9.997E-05
0.949603 0.00745406 9.9982E-05 0.0427431 9.9982E-05
0.0185079 0.113522 0.147567 0.0572629 0.663141
0.016768 0.118143 0.113586 0.0532046 0.698299
9.9991E-05 0.0448325 0.0728554 0.0292935 0.852919
0.0758344 0.128486 0.0629409 0.0834004 0.649339
0.000138424 0.0874313 0.155795 0.122604 0.634031
0.110368 0.100866 0.0359267 0.108842 0.643997
0.0581015 0.0189568 9.9991E-05 0.0804962 0.842346
0.0734729 0.0342657 9.9991E-05 0.102324 0.789837
9.9991E-05 0.0282413 0.111794 0.00814689 0.851718
0.0844893 0.0522084 9.9991E-05 0.0737772 0.789425
0.0532707 0.0648184 0.0199506 9.9991E-05 0.86186
0.0324666 0.0307098 0.0301368 9.9991E-05 0.906587
0.0159321 0.0559328 0.0655711 0.0287578 0.833806
9.9982E-05 0.00821794 0.117401 9.9982E-05 0.874181
0.0936443 0.0754907 9.9991E-05 0.140585 0.69018
0.179138 0.00466257 0.736346 0.0231587 0.0566942
0.430664 0.046851 0.398753 0.0995951 0.0241367
0.179119 0.0372628 0.753362 0.0169022 0.0133542
0.196402 0.0238754 0.700221 0.0362671 0.0432349
0.278292 0.0177816 0.537663 0.115918 0.0503452
0.357102 0.0456469 0.574923 0.00542081 0.0169074
0.24206 9.9991E-05 0.657862 0.0179817 0.0819965
0.211932 0.032333 0.735734 0.0199013 9.9991E-05
0.0951311 0.0728578 0.165562 0.381987 0.284462
9.9982E-05 9.9982E-05 0.178619 0.406544 0.414638
9.9982E-05 9.9982E-05 0.16609 0.469811 0.363899
0.07204 0.0359464 0.275908 0.256592 0.359513
0.0726348 0.00353162 0.172137 0.342428 0.409269
0.00600973 0.0198093 0.17544 0.395263 0.403477
9.9982E-05 9.9982E-05 0.215774 0.417084 0.366942
0.00951111 0.00792814 0.196301 0.46073 0.325529
0.0193176 0.0268145 0.215873 0.400935 0.337059
0.0452359 0.0584217 0.190177 0.396256 0.30991
0.0473682 0.0389038 0.169053 0.394735 0.34994
0.0396674 0.0351146 0.138647 0.451307 0.335264
0.049044 9.9991E-05 0.165455 0.413225 0.372176
0.106489 0.0602214 0.092475 0.5043 0.236514
0.0775039 0.00613478 0.067768 0.483113 0.36548
0.021256 0.0667708 0.155695 0.500447 0.255831
0.051585 9.9991E-05 0.0706449 0.483473 0.394197
0.0309368 0.0450362 0.120363 0.41984 0.383825
0.0155278 0.0341665 0.182425 0.449668 0.318213
0.0538353 0.0599928 0.101652 0.448567 0.335953
0.144263 0.0748044 0.0515508 0.468492 0.26089
0.0711253 0.067485 0.185261 0.409685 0.266444
0.0420291 0.0479673 0.125663 0.54835 0.23599
