0.0442531 0.773481 0.0958107 9.9982E-05 0.0366322 0.018052 9.9982E-05 0.0315709
0.0473086 0.794438 0.0232707 9.9982E-05 0.0500369 9.9982E-05 0.0399138 0.0448322
0.0494394 0.820828 0.0714877 0.0215454 0.0363997 9.9973E-05 9.9973E-05 9.9973E-05
0.182344 0.611732 9.9964E-05 9.9964E-05 9.9964E-05 9.9964E-05 0.113347 0.0921769
9.9946E-05 0.907535 9.9946E-05 9.9946E-05 9.9946E-05 9.9946E-05 0.0918654 9.9946E-05
9.9946E-05 0.994553 9.9946E-05 0.00484749 9.9946E-05 9.9946E-05 9.9946E-05 9.9946E-05
0.351917 0.395022 9.9982E-05 0.0180761 0.0577744 9.9982E-05 0.0466357 0.130375
0.168318 0.661985 9.9982E-05 9.9982E-05 0.0112662 0.00298291 0.0241189 0.131129
0.1863 0.635253 9.9973E-05 9.9973E-05 9.9973E-05 0.0343887 0.000774222 0.142984
9.994E-05 9.994E-05 9.994E-05 9.994E-05 0.9993 9.994E-05 9.994E-05 9.994E-05
9.99777E-05 0.0704424 0.27961 9.99777E-05 0.334846 9.99777E-05 0.261446 0.053356
0.108369 9.9982E-05 0.188816 9.9982E-05 0.281603 0.00406951 0.25576 0.161183
0.0390424 0.00398729 0.0466571 9.9982E-05 0.705043 0.0358114 9.9982E-05 0.169259
0.071678 0.0155622 9.9973E-05 0.0288113 0.812933 9.9973E-05 9.9973E-05 0.0707156
9.9946E-05 9.9946E-05 9.9946E-05 0.0218186 0.977582 9.9946E-05 9.9946E-05 9.9946E-05
0.0033329 0.0394884 0.240451 9.9991E-05 0.549484 0.0221871 0.0483479 0.0966089
9.994E-05 9.994E-05 9.994E-05 9.994E-05 0.9993 9.994E-05 9.994E-05 9.994E-05
0.0277731 0.00406148 0.0934868 0.039099 0.820852 0.0145273 9.9982E-05 9.9982E-05
0.0308569 9.9973E-05 9.9973E-05 0.0148763 0.878198 0.0208018 9.9973E-05 0.0549673
0.0506197 0.0445096 0.19398 9.9991E-05 0.24225 0.0141368 0.291419 0.162985
9.994E-05 9.994E-05 9.994E-05 9.994E-05 0.9993 9.994E-05 9.994E-05 9.994E-05
9.9982E-05 0.0513425 0.359931 9.9982E-05 0.177891 0.0634375 0.165566 0.181632
9.9982E-05 0.160945 0.262075 9.9982E-05 0.164268 0.0210961 0.265004 0.126412
9.999E-05 0.0383114 0.208193 0.0218459 0.127722 0.0398125 0.476411 0.0876043
9.9973E-05 9.9973E-05 0.308479 9.9973E-05 0.175967 0.0371587 0.402005 0.0760908
0.113606 9.9982E-05 0.229776 0.00495754 0.101964 9.9982E-05 0.418331 0.131166
9.9982E-05 9.9982E-05 0.270926 0.00110791 0.131099 0.0454134 0.415031 0.136222
9.9982E-05 0.039625 0.320313 9.9982E-05 0.179699 0.0606466 0.22483 0.174686
9.9991E-05 0.0502009 0.283061 0.0172191 0.17602 0.0513692 0.34284 0.0791906
0.0225937 9.9982E-05 0.295875 9.9982E-05 0.207151 0.0625083 0.267243 0.14443
9.9982E-05 0.0721956 0.326124 9.9982E-05 0.193617 0.0295525 0.240325 0.137986
0.562608 0.101999 0.0618936 0.037131 0.0190088 0.217159 9.9982E-05 9.9982E-05
0.640857 0.151011 0.0866583 0.00337353 0.0540388 0.0542093 9.9991E-05 0.00975215
0.682589 0.104983 0.0445247 0.0466472 0.0406799 0.0803759 9.9982E-05 9.9982E-05
0.970892 9.9955E-05 9.9955E-05 0.0285009 9.9955E-05 0.00010765 9.9955E-05 9.9955E-05
0.686802 0.0251767 0.0265708 9.9982E-05 0.0276641 0.116297 9.9982E-05 0.117289
0.838704 9.9964E-05 0.0287964 0.0387854 9.9964E-05 0.0933143 9.9964E-05 9.9964E-05
0.900424 9.9955E-05 9.9955E-05 9.9955E-05 9.9955E-05 0.00532682 9.9955E-05 0.0937489
0.962506 9.9955E-05 9.9955E-05 0.00647189 9.9955E-05 9.9955E-05 9.9955E-05 0.0305227
0.747179 0.0734913 9.9982E-05 0.0287691 0.0215777 0.0760379 0.0527454 9.9982E-05
0.922722 9.9964E-05 0.0258473 0.0164695 9.9964E-05 0.0345617 9.9964E-05 9.9964E-05
9.9973E-05 9.9973E-05 0.0234104 0.852224 0.0355615 9.9973E-05 0.00890803 0.0795959
9.9946E-05 9.9946E-05 9.9946E-05 0.677462 9.9946E-05 9.9946E-05 9.9946E-05 0.321938
9.9964E-05 9.9964E-05 9.9964E-05 0.792952 0.0199997 0.0314354 9.9964E-05 0.155213
9.9982E-05 0.0125075 0.000663066 0.687427 0.0259629 0.019582 9.9982E-05 0.253658
9.9973E-05 0.029892 9.9973E-05 0.691678 0.0255165 0.0149938 9.9973E-05 0.23762
9.9973E-05 0.0165559 9.9973E-05 0.775984 0.0255515 0.043072 9.9973E-05 0.138536
0.0338132 9.9991E-05 0.034459 0.523288 0.0329778 0.0338673 0.00942915 0.332066
9.9973E-05 0.00920535 0.0250731 0.847446 0.0141907 9.9973E-05 9.9973E-05 0.103785
9.994E-05 9.994E-05 9.994E-05 0.9993 9.994E-05 9.994E-05 9.994E-05 9.994E-05
0.0277075 9.9955E-05 9.9955E-05 0.650144 9.9955E-05 9.9955E-05 9.9955E-05 0.321648
9.994E-05 9.994E-05 9.994E-05 0.9993 9.994E-05 9.994E-05 9.994E-05 9.994E-05
9.994E-05 9.994E-05 9.994E-05 0.9993 9.994E-05 9.994E-05 9.994E-05 9.994E-05
9.9955E-05 9.9955E-05 0.888149 0.079898 9.9955E-05 0.0314528 9.9955E-05 9.9955E-05
9.9982E-05 0.047225 0.738995 0.0790092 0.0266098 0.031198 0.0767626 9.9982E-05
0.123636 9.9991E-05 0.551663 0.0907796 0.0471055 0.0067948 0.156191 0.0237303
9.9973E-05 0.0348885 0.809463 0.0951804 0.057879 0.0022888 9.9973E-05 9.9973E-05
9.999E-05 0.0371193 0.611457 0.13584 0.0299315 0.0329391 0.136541 0.0160721
9.999E-05 0.0229592 0.672393 0.13305 0.0136525 0.0396633 0.110772 0.00741078
0.0355724 9.9964E-05 0.775434 9.9964E-05 9.9964E-05 0.0311261 9.9964E-05 0.157467
0.0577199 9.9982E-05 0.783766 0.0707229 0.00778852 0.00692551 9.9982E-05 0.0728774
0.200255 0.426332 0.0127895 0.0484209 9.9973E-05 9.9973E-05 0.311902 9.9973E-05
0.457579 0.145553 9.9955E-05 9.9955E-05 9.9955E-05 9.9955E-05 0.396369 9.9955E-05
0.379426 0.225819 9.9973E-05 9.9973E-05 0.0139395 9.9973E-05 0.275425 0.10509
0.366371 0.308259 9.9973E-05 0.0451356 9.9973E-05 9.9973E-05 0.277623 0.00231163
0.367166 0.06888 9.9973E-05 0.013353 9.9973E-05 9.9973E-05 0.487932 0.0623691
0.347031 0.217958 0.0253993 9.9991E-05 0.050979 0.0256012 0.249844 0.0830867
0.315284 0.295281 0.0155175 0.0370357 0.0275842 0.011595 0.297603 9.9991E-05
0.51485 0.0933127 9.9964E-05 0.0572168 9.9964E-05 9.9964E-05 0.33422 9.9964E-05
0.467386 0.154816 0.0360084 9.9982E-05 0.000411549 9.9982E-05 0.198679 0.142499
0.267318 0.397043 0.0105746 0.0282266 0.0148576 0.0157305 0.248403 0.0178471
0.358946 0.146867 9.9955E-05 9.9955E-05 9.9955E-05 9.9955E-05 0.493687 9.9955E-05
0.130225 9.9982E-05 0.17512 9.9982E-05 0.289817 0.00774975 0.172511 0.224377
0.070394 0.0729644 0.257799 9.9991E-05 0.322734 0.0469833 0.0569672 0.172058
9.9982E-05 0.131229 0.204298 9.9982E-05 0.334373 0.0962624 0.0803828 0.153255
0.145938 9.9982E-05 0.224974 9.9982E-05 0.317627 0.0440506 0.0667974 0.200413
0.00375683 9.9982E-05 0.154826 9.9982E-05 0.277193 0.00655212 0.467191 0.0902811
9.9973E-05 0.083115 0.274312 0.0388154 0.315034 9.9973E-05 0.288423 9.9973E-05
0.021787 0.0159388 0.310577 0.0355376 0.327617 9.9982E-05 0.288343 9.9982E-05
0.0249963 9.9982E-05 0.315213 9.9982E-05 0.388967 0.05159 0.19298 0.0260543
0.0200514 0.0798477 0.366251 0.0411254 0.244966 9.9991E-05 0.241756 0.00590227
9.9991E-05 0.0459291 0.200086 0.014541 0.256404 0.0300133 0.408206 0.0447208
0.114599 9.9982E-05 0.190902 9.9982E-05 0.230098 0.0133204 0.229294 0.221587
9.9973E-05 9.9973E-05 0.198792 9.9973E-05 0.271194 0.00968576 0.404282 0.115746
9.9946E-05 9.9946E-05 9.9946E-05 0.144673 9.9946E-05 9.9946E-05 9.9946E-05 0.854728
9.9946E-05 9.9946E-05 9.9946E-05 0.0929645 9.9946E-05 9.9946E-05 9.9946E-05 0.906436
9.9955E-05 9.9955E-05 9.9955E-05 0.212824 9.9955E-05 9.9955E-05 0.0337333 0.752943
9.9946E-05 9.9946E-05 9.9946E-05 0.05909 9.9946E-05 9.9946E-05 9.9946E-05 0.94031
9.994E-05 9.994E-05 9.994E-05 9.994E-05 9.994E-05 9.994E-05 9.994E-05 0.9993
9.9964E-05 0.0356096 9.9964E-05 0.16414 0.0347499 9.9964E-05 9.9964E-05 0.765101
9.9946E-05 9.9946E-05 9.9946E-05 0.0705112 9.9946E-05 9.9946E-05 9.9946E-05 0.928889
0.0298229 9.9964E-05 0.00711688 0.0143379 9.9964E-05 9.9964E-05 9.9964E-05 0.948322
9.994E-05 9.994E-05 9.994E-05 9.994E-05 9.994E-05 9.994E-05 9.994E-05 0.9993
9.9955E-05 9.9955E-05 9.9955E-05 0.0116515 9.9955E-05 0.0206637 0.967185 9.9955E-05
0.221892 9.9955E-05 9.9955E-05 0.0592481 9.9955E-05 9.9955E-05 0.71836 9.9955E-05
0.0967899 0.310203 9.9964E-05 0.0539896 9.9964E-05 9.9964E-05 0.538618 9.9964E-05
0.167544 0.210295 0.0497922 0.0237235 0.0367657 9.9982E-05 0.511679 9.9982E-05
0.295072 0.0809243 0.00746117 9.9982E-05 0.069467 9.9982E-05 0.415868 0.131008
0.168831 0.0578382 0.0907761 9.9991E-05 0.0704837 0.0515495 0.421484 0.138937
9.9982E-05 0.102713 9.9982E-05 0.0359798 0.0628936 0.0612062 0.733284 0.00372394
9.9955E-05 9.9955E-05 9.9955E-05 0.0385719 9.9955E-05 0.0260394 0.934889 9.9955E-05
0.245242 0.108645 0.0511522 0.00685846 9.9973E-05 9.9973E-05 0.587802 9.9973E-05
9.9964E-05 0.0387994 9.9964E-05 0.0491533 0.0230043 9.9964E-05 0.888643 9.9964E-05
0.191235 0.00675124 0.0807064 9.9973E-05 9.9973E-05 9.9973E-05 0.690086 0.0309209
0.200177 9.9955E-05 9.9955E-05 0.0483247 9.9955E-05 9.9955E-05 0.750998 9.9955E-05
0.082048 9.9955E-05 0.760388 9.9955E-05 9.9955E-05 9.9955E-05 9.9955E-05 0.157065
9.9964E-05 0.015585 0.874034 0.105351 0.00463029 9.9964E-05 9.9964E-05 9.9964E-05
0.178443 9.9973E-05 0.571054 9.9973E-05 0.019698 9.9973E-05 0.0243021 0.206203
0.0985441 9.9955E-05 0.709503 9.9955E-05 9.9955E-05 9.9955E-05 9.9955E-05 0.191453
0.00302976 9.9964E-05 0.686235 0.10925 9.9964E-05 9.9964E-05 0.201085 9.9964E-05
0.0919569 9.9982E-05 0.603813 9.9982E-05 0.042277 0.0182324 0.0155592 0.227962
9.9982E-05 0.0212766 0.786279 0.0454452 0.043231 0.00912172 9.9982E-05 0.0944467
0.111636 9.9973E-05 0.707029 0.00648776 0.00225789 9.9973E-05 9.9973E-05 0.172289
9.9964E-05 0.0310423 0.846874 0.0912032 9.9964E-05 9.9964E-05 0.0304806 9.9964E-05
0.0313936 0.00987034 0.868018 0.0626696 0.00543584 9.9982E-05 9.9982E-05 0.0224123
0.0641264 9.9982E-05 0.780461 0.102888 0.0347564 9.9982E-05 0.0167577 0.000810217
0.128857 0.0611552 9.9964E-05 9.9964E-05 9.9964E-05 0.725946 0.083642 9.9964E-05
0.189095 0.0174387 9.9973E-05 0.0204248 9.9973E-05 0.666815 0.105926 9.9973E-05
0.275273 9.9982E-05 0.0126813 0.0495673 9.9982E-05 0.649019 0.00181706 0.0114426
0.193972 0.107944 9.9991E-05 0.00428753 0.00961538 0.57552 0.0368908 0.0716713
0.174076 0.0808979 9.9973E-05 9.9973E-05 0.0357795 0.599949 9.9973E-05 0.108998
0.154786 0.0587767 9.9973E-05 9.9973E-05 0.0284254 0.595671 9.9973E-05 0.162041
0.185675 0.0461005 0.0193508 9.9982E-05 0.0263426 0.628242 9.9982E-05 0.0940896
0.0975107 0.0978774 0.0141916 0.0335404 0.0114694 0.745211 9.9982E-05 9.9982E-05
0.175105 0.0860212 9.9973E-05 0.00486784 9.9973E-05 0.634751 0.0989555 9.9973E-05
0.183909 0.0656883 9.9982E-05 9.9982E-05 0.0131196 0.631303 0.0270752 0.0787045
0.217513 0.0332022 9.9973E-05 9.9973E-05 9.9973E-05 0.606222 0.0183919 0.124371
0.0661593 0.0661026 0.0219026 9.9982E-05 0.0563091 0.691119 9.9982E-05 0.0982071
0.616661 0.129326 0.0791426 0.026213 0.065729 0.0827291 9.9982E-05 9.9982E-05
0.859638 9.9964E-05 0.0115583 9.9964E-05 0.0453131 9.9964E-05 9.9964E-05 0.0830913
0.653482 0.153564 9.9982E-05 0.0453789 0.0148732 0.0476868 0.084815 9.9982E-05
0.739781 0.0307566 0.00150493 0.0152545 0.00578343 0.0641991 0.0408097 0.101911
0.807573 9.9964E-05 9.9964E-05 9.9964E-05 0.0408476 0.0308665 9.9964E-05 0.120313
0.631127 0.122133 0.0164974 0.0222354 0.0791801 0.0792119 9.9991E-05 0.0495151
0.720934 0.10994 0.0287991 0.0145808 0.0317532 0.0227424 0.0711504 9.9991E-05
0.67575 0.117099 0.00737554 0.0275715 0.0424229 0.0475985 0.0720793 0.0101028
0.883386 9.9964E-05 0.0303812 9.9964E-05 0.0124341 9.9964E-05 9.9964E-05 0.0733985
0.848244 9.9973E-05 0.0216231 9.9973E-05 9.9973E-05 0.013254 0.037378 0.0792007
0.708461 0.0327916 9.9982E-05 0.0551973 0.00228026 0.0639893 0.137081 9.9982E-05
0.796268 9.9973E-05 0.0305041 9.9973E-05 0.0026971 0.0617858 9.9973E-05 0.108445
9.9955E-05 0.0498525 0.0175932 9.9955E-05 9.9955E-05 0.932055 9.9955E-05 9.9955E-05
9.9964E-05 9.9964E-05 0.00778366 0.0192139 0.00160955 0.970993 9.9964E-05 9.9964E-05
9.9946E-05 9.9946E-05 9.9946E-05 9.9946E-05 9.9946E-05 0.967421 0.0319794 9.9946E-05
0.0458731 9.9964E-05 9.9964E-05 0.00559222 9.9964E-05 0.905289 9.9964E-05 0.0428461
9.9973E-05 0.0167648 0.00438277 9.9973E-05 0.0291175 0.905309 9.9973E-05 0.044126
0.00251592 0.0135952 9.9982E-05 9.9982E-05 0.0313794 0.846856 0.00295578 0.102498
0.0319534 0.0411872 0.00160171 9.9982E-05 0.0201818 0.86225 9.9982E-05 0.042626
0.0390785 9.9955E-05 9.9955E-05 9.9955E-05 9.9955E-05 0.866992 9.9955E-05 0.0934301
9.9946E-05 9.9946E-05 9.9946E-05 9.9946E-05 9.9946E-05 0.950474 0.048926 9.9946E-05
9.9946E-05 9.9946E-05 9.9946E-05 9.9946E-05 9.9946E-05 0.926759 0.072641 9.9946E-05
9.9955E-05 9.9955E-05 0.0228145 0.0196132 9.9955E-05 0.957073 9.9955E-05 9.9955E-05
9.9964E-05 9.9964E-05 9.9964E-05 0.0159324 0.0378575 0.908651 9.9964E-05 0.0371592
0.0826696 9.9982E-05 0.540439 0.0580941 0.0119486 9.9982E-05 0.169958 0.136691
0.0633067 0.000222133 0.580448 0.108648 9.9982E-05 9.9982E-05 0.160822 0.0863538
9.9964E-05 0.0595669 0.700285 0.138569 9.9964E-05 9.9964E-05 0.10118 9.9964E-05
0.0314719 0.0480883 0.562823 0.064578 9.9991E-05 0.0249182 0.128637 0.139383
0.0259676 0.0306019 0.553476 0.108834 0.0412501 9.9991E-05 0.204653 0.0351176
0.0535344 0.0388721 0.625629 0.00795402 0.0367116 0.0360198 9.9991E-05 0.20118
9.9964E-05 9.9964E-05 0.823169 0.0891916 0.0655463 0.0216932 9.9964E-05 9.9964E-05
9.9973E-05 0.0578873 0.77067 0.0930545 0.0585304 0.0195575 9.9973E-05 9.9973E-05
9.9964E-05 0.0237854 0.641752 0.113856 9.9964E-05 9.9964E-05 0.220207 9.9964E-05
9.9982E-05 0.0512139 0.780695 0.078157 0.0344899 0.0255643 9.9982E-05 0.0296798
0.0976926 9.9964E-05 0.788593 0.108688 9.9964E-05 9.9964E-05 0.00462592 9.9964E-05
9.9964E-05 0.0100595 0.820103 0.109282 9.9964E-05 9.9964E-05 0.0601551 9.9964E-05
9.9964E-05 0.0563911 0.744631 0.123947 9.9964E-05 9.9964E-05 0.0746309 9.9964E-05
9.9955E-05 9.9955E-05 0.637307 0.103319 9.9955E-05 9.9955E-05 0.258875 9.9955E-05
9.9982E-05 0.101008 0.659724 0.0252484 0.0920309 0.00317286 9.9982E-05 0.118615
9.994E-05 0.9993 9.994E-05 9.994E-05 9.994E-05 9.994E-05 9.994E-05 9.994E-05
0.0178801 0.562174 0.0188299 9.9982E-05 0.0430898 0.285509 9.9982E-05 0.0723173
9.9955E-05 0.966871 9.9955E-05 9.9955E-05 9.9955E-05 0.00738904 9.9955E-05 0.0252402
0.0243048 0.852415 0.00754963 9.9973E-05 9.9973E-05 0.0746221 9.9973E-05 0.040809
0.0810873 0.664823 0.0544033 9.9982E-05 0.044568 0.113021 9.9982E-05 0.0418969
0.158269 0.532377 9.9964E-05 9.9964E-05 9.9964E-05 0.207835 9.9964E-05 0.101119
9.9973E-05 0.81915 0.0184692 0.0165557 9.9973E-05 0.124987 0.0205377 9.9973E-05
9.9964E-05 0.882199 9.9964E-05 0.0174058 9.9964E-05 0.0968498 0.00314511 9.9964E-05
0.0860846 9.9982E-05 0.14152 9.9982E-05 0.135238 0.0328565 0.354631 0.249471
9.9964E-05 9.9964E-05 0.207544 9.9964E-05 0.167886 9.9964E-05 0.513716 0.110455
9.9964E-05 9.9964E-05 9.9964E-05 0.00248153 0.0414999 9.9964E-05 0.921184 0.0344345
0.063671 0.175464 0.294323 9.9991E-05 0.0985211 0.0386307 0.215438 0.113853
9.9991E-05 0.116996 0.348652 0.00513164 0.15356 0.0466712 0.275661 0.0532285
9.9973E-05 0.14709 0.357715 9.9973E-05 0.203173 9.9973E-05 0.189548 0.102173
9.9964E-05 9.9964E-05 0.0154817 0.0322954 0.0734383 9.9964E-05 0.878385 9.9964E-05
9.99639E-05 9.99639E-05 9.99639E-05 9.99639E-05 0.115503 0.00481511 0.763877 0.115405
0.0167892 0.105051 0.191383 9.9982E-05 0.208554 9.9982E-05 0.339335 0.138688
0.131984 9.9973E-05 0.226971 9.9973E-05 0.204082 9.9973E-05 0.294328 0.142335
9.99905E-05 0.023395 0.179359 9.99905E-05 0.175056 0.0507911 0.430119 0.141079
9.9982E-05 0.140727 0.313071 9.9982E-05 0.239277 0.0061426 0.193648 0.106935
9.9991E-05 0.0931932 0.257993 0.0289941 0.224496 0.0326059 0.334645 0.0279729
0.00570255 0.119571 0.240007 9.9991E-05 0.251488 0.0417851 0.176232 0.165114
0.0188989 0.0427812 0.305957 9.9991E-05 0.248761 0.0277033 0.209983 0.145815
9.9973E-05 0.122158 0.181045 9.9973E-05 0.245032 9.9973E-05 0.285585 0.16588
0.0383157 9.9982E-05 0.34294 9.9982E-05 0.277679 0.00762847 0.25869 0.0745474
9.9982E-05 0.092522 0.325753 9.9982E-05 0.230278 0.0129734 0.19258 0.145693
0.0668474 0.0214929 0.227035 9.9982E-05 0.220283 9.9982E-05 0.351626 0.112515
0.0688294 9.9973E-05 0.243362 9.9973E-05 0.214835 9.9973E-05 0.269238 0.203435
0.0156088 0.119738 0.285828 9.9991E-05 0.273036 0.0634797 0.04829 0.19392
0.151277 9.9973E-05 0.18507 9.9973E-05 0.189807 9.9973E-05 0.25695 0.216596
0.000802461 0.1013 0.169194 9.9991E-05 0.274774 0.00170237 0.275393 0.176735
