0.141585 9.9955E-05 9.9955E-05 0.0725994 0.00714917 9.9955E-05 9.9955E-05 0.0724069 9.9955E-05 0.70576
0.112473 9.9964E-05 0.0311396 0.0900318 0.0134816 9.9964E-05 9.9964E-05 0.0313257 9.9964E-05 0.721148
0.0565284 9.9982E-05 0.00299743 0.0665417 0.0276869 0.0351619 9.9982E-05 0.0624226 0.0499698 0.698491
9.9955E-05 9.9955E-05 0.0305594 9.9955E-05 0.00899446 9.9955E-05 0.0595879 9.9955E-05 0.320759 0.5796
9.9937E-05 9.9937E-05 0.0275917 0.282853 9.9937E-05 9.9937E-05 9.9937E-05 9.9937E-05 9.9937E-05 0.688856
9.9964E-05 9.9964E-05 9.9964E-05 0.0888332 0.00777302 0.0313385 9.9964E-05 0.0334223 0.166789 0.671444
0.0828924 0.00104984 0.0308925 0.0567645 0.0354641 9.9991E-05 0.0772983 0.00944289 0.0752195 0.630876
0.0795428 9.9982E-05 0.0173498 0.054785 0.0161869 9.9982E-05 0.0587132 0.000591753 0.0906042 0.682026
0.0934948 0.0182059 0.00253946 0.019901 9.9982E-05 9.9982E-05 0.0525686 0.0172732 0.0920415 0.703776
9.99201E-05 9.99201E-05 9.99201E-05 9.99201E-05 0.999101 9.99201E-05 9.99201E-05 9.99201E-05 9.99201E-05 9.99201E-05
0.658036 9.9964E-05 0.0299455 0.00256667 0.0852097 9.9964E-05 9.9964E-05 0.0951428 0.128699 9.9964E-05
0.598595 0.0105564 0.00459362 9.9973E-05 0.103742 9.9973E-05 0.0331503 0.0542124 0.19485 9.9973E-05
0.245878 0.0445192 9.9964E-05 9.9964E-05 0.582706 9.9964E-05 0.0685012 0.021875 9.9964E-05 0.0361211
0.147395 0.000506264 0.00274468 9.9964E-05 0.709323 9.9964E-05 0.0438135 9.9964E-05 9.9964E-05 0.0958169
9.9937E-05 9.9937E-05 0.0316863 0.00162727 0.965987 9.9937E-05 9.9937E-05 9.9937E-05 9.9937E-05 9.9937E-05
0.474846 0.0056834 0.0081148 9.9964E-05 0.344308 9.9964E-05 9.9964E-05 0.141361 9.9964E-05 0.0252867
9.99201E-05 9.99201E-05 9.99201E-05 9.99201E-05 0.999101 9.99201E-05 9.99201E-05 9.99201E-05 9.99201E-05 9.99201E-05
0.214758 0.00975785 9.9955E-05 9.9955E-05 0.676391 9.9955E-05 9.9955E-05 0.0751431 9.9955E-05 0.0234499
0.101096 0.0121189 0.000813603 9.9964E-05 0.787209 9.9964E-05 0.0323385 9.9964E-05 9.9964E-05 0.0660241
0.583644 9.9982E-05 0.0122716 0.00388 0.0737681 0.00779943 0.0345985 0.0456612 0.238177 9.9982E-05
9.99201E-05 9.99201E-05 9.99201E-05 9.99201E-05 0.999101 9.99201E-05 9.99201E-05 9.99201E-05 9.99201E-05 9.99201E-05
0.630131 0.0508558 0.00150553 0.0322752 0.0059128 0.164019 0.0616277 0.0208574 0.0319608 0.000854674
0.666149 0.02219 0.0206139 0.0881814 9.9991E-05 0.041051 0.0207771 0.0511614 0.0603064 0.0294701
0.42629 0.0173151 0.0261481 0.297988 0.0190253 0.140431 0.0301409 9.9982E-05 0.0424607 9.9982E-05
0.700402 9.9937E-05 9.9937E-05 0.26365 9.9937E-05 0.0352481 9.9937E-05 9.9937E-05 9.9937E-05 9.9937E-05
0.389151 9.9973E-05 0.0109425 0.135638 0.0187711 0.187428 0.0333436 9.9973E-05 0.224425 9.9973E-05
0.478468 0.0263986 0.00938596 0.261998 0.00710041 0.125867 0.0401923 0.0290328 0.0214569 9.9991E-05
0.708735 0.0114629 9.9973E-05 0.101714 9.9973E-05 0.0452295 0.0337975 0.0506413 9.9973E-05 0.0481192
0.578116 0.0264855 9.9973E-05 0.201214 0.0262644 0.10687 0.0130347 9.9973E-05 0.047715 9.9973E-05
0.716124 0.043009 9.9964E-05 0.135153 0.00889396 0.0817211 0.0146985 9.9964E-05 9.9964E-05 9.9964E-05
0.693277 0.000263112 0.00433134 0.144562 0.0253381 0.0671887 0.037199 0.0210188 9.9991E-05 0.00672216
0.04533 0.258412 9.9964E-05 9.9964E-05 0.00218621 9.9964E-05 0.00642574 0.0767338 9.9964E-05 0.610513
0.137044 0.103647 9.9955E-05 0.00941782 9.9955E-05 9.9955E-05 9.9955E-05 0.0350498 9.9955E-05 0.714342
0.0983768 0.160305 9.9973E-05 0.0113751 9.9973E-05 9.9973E-05 0.00748731 0.0550016 0.0443757 0.622779
9.9937E-05 0.184958 9.9937E-05 9.9937E-05 9.9937E-05 9.9937E-05 9.9937E-05 9.9937E-05 0.227352 0.58699
0.127927 0.179268 9.9964E-05 9.9964E-05 9.9964E-05 0.00126226 0.0212744 9.9964E-05 0.0820719 0.587797
9.9964E-05 0.232992 0.00367113 9.9964E-05 9.9964E-05 0.00127903 0.0159381 9.9964E-05 0.205667 0.540053
0.0455748 0.119784 9.9955E-05 9.9955E-05 9.9955E-05 9.9955E-05 0.0331669 9.9955E-05 0.123636 0.677338
9.9946E-05 0.14666 9.9946E-05 9.9946E-05 9.9946E-05 9.9946E-05 0.00963422 9.9946E-05 0.214934 0.628172
9.9964E-05 0.19278 9.9964E-05 0.0209062 0.0195636 9.9964E-05 9.9964E-05 0.0147782 0.257663 0.49391
9.9946E-05 0.161532 9.9946E-05 9.9946E-05 9.9946E-05 0.0156767 9.9946E-05 9.9946E-05 0.126591 0.6956
0.00975189 9.9964E-05 0.0177832 0.0444063 0.0192221 9.9964E-05 0.907279 0.00115805 9.9964E-05 9.9964E-05
0.00534877 0.000765427 9.9955E-05 9.9955E-05 9.9955E-05 0.0147779 0.949711 9.9955E-05 0.0288975 9.9955E-05
0.0211288 0.035847 0.0141976 0.0132492 0.00589937 9.9964E-05 0.909278 9.9964E-05 9.9964E-05 9.9964E-05
0.112107 0.00248736 9.9955E-05 9.9955E-05 9.9955E-05 9.9955E-05 0.871158 0.0105122 9.9955E-05 0.00323592
0.080535 0.0124754 0.0173902 0.00149361 9.9964E-05 9.9964E-05 0.870477 9.9964E-05 9.9964E-05 0.0172291
0.0681382 0.00456372 9.9946E-05 9.9946E-05 9.9946E-05 9.9946E-05 0.88585 9.9946E-05 9.9946E-05 0.0408481
0.109151 0.0215155 0.0154612 9.9982E-05 9.9982E-05 0.0167207 0.771931 0.0270526 0.0112832 0.0266843
9.9937E-05 9.9937E-05 9.9937E-05 9.9937E-05 0.0251996 9.9937E-05 0.933747 0.040354 9.9937E-05 9.9937E-05
9.99281E-05 9.99281E-05 9.99281E-05 9.99281E-05 9.99281E-05 9.99281E-05 0.988822 9.99281E-05 0.0103785 9.99281E-05
0.0458019 0.00834883 9.9955E-05 9.9955E-05 9.9955E-05 9.9955E-05 0.903376 0.0183235 9.9955E-05 0.0236502
9.99201E-05 9.99201E-05 9.99201E-05 9.99201E-05 9.99201E-05 9.99201E-05 0.999101 9.99201E-05 9.99201E-05 9.99201E-05
9.9937E-05 9.9937E-05 0.00258425 0.0115708 9.9937E-05 9.9937E-05 0.985145 9.9937E-05 9.9937E-05 9.9937E-05
9.99201E-05 9.99201E-05 9.99201E-05 9.99201E-05 9.99201E-05 9.99201E-05 9.99201E-05 0.999101 9.99201E-05 9.99201E-05
0.115796 0.0287884 0.00624334 0.110707 0.00274858 0.471092 9.9973E-05 0.264325 9.9973E-05 9.9973E-05
0.190267 0.0123888 0.0374605 0.0898873 0.0115544 0.47724 0.0404597 0.0473739 9.9991E-05 0.0932685
9.9946E-05 9.9946E-05 0.0314085 9.9946E-05 0.0267455 9.9946E-05 0.00048885 0.940757 9.9946E-05 9.9946E-05
0.124541 0.0342757 0.0222728 0.0839466 9.9982E-05 0.513533 0.0675973 0.132952 9.9982E-05 0.0206813
0.0227621 0.0260733 0.031102 0.138483 0.0235931 0.421292 0.0585327 0.277962 9.9982E-05 9.9982E-05
9.99201E-05 9.99201E-05 9.99201E-05 9.99201E-05 9.99201E-05 9.99201E-05 9.99201E-05 0.999101 9.99201E-05 9.99201E-05
0.0586936 9.99691E-05 9.99691E-05 9.99691E-05 9.99691E-05 0.0685851 0.0241007 0.829924 0.000403923 0.017893
9.9982E-05 0.00790641 0.00860845 0.0316791 0.0164831 0.000474821 9.9982E-05 0.0507724 0.629584 0.254291
9.9928E-05 9.9928E-05 9.9928E-05 9.9928E-05 9.9928E-05 9.9928E-05 9.9928E-05 9.9928E-05 0.839153 0.160047
0.133599 0.0348313 0.0102866 9.9964E-05 9.9964E-05 9.9964E-05 0.0256662 9.9964E-05 0.469559 0.325658
9.99549E-05 0.0264371 0.0210784 9.99549E-05 9.99549E-05 9.99549E-05 0.0218083 9.99549E-05 0.625872 0.304305
0.0133558 9.99549E-05 9.99549E-05 9.99549E-05 9.99549E-05 9.99549E-05 0.0352151 0.000192313 0.916853 0.0338842
0.0640692 0.0538005 0.0308417 0.0201734 0.0455099 0.0450695 0.0166842 0.0284516 0.356915 0.338485
0.146888 0.0181188 0.0173782 0.0986666 9.9973E-05 9.9973E-05 9.9973E-05 0.0115979 0.295117 0.411934
9.9964E-05 0.0356501 9.9964E-05 9.9964E-05 0.0165177 0.000171471 0.0411212 9.9964E-05 0.644571 0.261569
0.129966 0.0188863 9.9964E-05 9.9964E-05 9.9964E-05 9.9964E-05 0.0369408 0.0194605 0.504841 0.289506
0.0787943 0.0209089 0.0464854 0.0534115 0.000862969 0.00641144 0.0179961 0.0106042 0.333189 0.431336
9.99201E-05 9.99201E-05 9.99201E-05 9.99201E-05 9.99201E-05 9.99201E-05 9.99201E-05 9.99201E-05 0.999101 9.99201E-05
0.608737 0.0551172 0.0103038 0.00353043 0.104529 0.0590165 0.0653321 9.9991E-05 0.0418421 0.0514915
0.705226 0.0313428 0.0240669 9.9973E-05 0.0539358 9.9973E-05 0.0180496 0.0736367 9.9973E-05 0.0934425
0.664158 0.0735953 0.00267431 9.9973E-05 0.0986911 9.9973E-05 0.0201176 0.050049 9.9973E-05 0.0904145
0.673053 0.0484665 9.9982E-05 9.9982E-05 0.0837198 0.0225136 0.0457304 0.00651501 0.0329532 0.0868488
0.438262 9.9964E-05 0.0446277 0.131615 0.129368 0.0590313 9.9964E-05 9.9964E-05 0.196697 9.9964E-05
0.619224 9.9955E-05 0.0225113 9.9955E-05 0.0781623 9.9955E-05 9.9955E-05 0.0618654 0.217737 9.9955E-05
0.508715 9.9964E-05 0.0522119 0.072572 0.132537 9.9964E-05 9.9964E-05 0.144308 0.0892565 9.9964E-05
0.67501 0.0123524 9.9964E-05 0.00698542 0.115476 9.9964E-05 9.9964E-05 0.0808266 0.10895 9.9964E-05
0.475997 9.9982E-05 0.00887818 0.0588471 0.0905686 0.00109777 0.0050877 0.172699 0.186624 9.9982E-05
0.548785 9.9973E-05 0.0510125 0.0972296 0.0753687 0.0034653 9.9973E-05 0.0407331 0.183106 9.9973E-05
0.660886 0.0145955 0.0185028 9.9991E-05 0.0288778 0.0534578 0.0516721 0.00120695 0.144661 0.0260401
0.518368 9.9982E-05 0.0433241 0.0702399 0.096047 0.0763213 0.0171706 0.0221452 0.156184 9.9982E-05
0.0733418 9.9973E-05 9.9973E-05 0.000919725 9.9973E-05 0.0389962 0.785738 0.0578097 0.0215736 0.0213215
0.150554 9.9955E-05 9.9955E-05 9.9955E-05 0.00591221 0.0603372 0.754284 9.9955E-05 9.9955E-05 0.0284129
9.9946E-05 9.9946E-05 9.9946E-05 9.9946E-05 9.9946E-05 0.0219754 0.78616 0.0220174 0.169247 9.9946E-05
0.0931203 0.00456061 9.9964E-05 9.9964E-05 9.9964E-05 0.00231767 0.838124 9.9964E-05 0.0278817 0.033596
0.106501 9.9955E-05 9.9955E-05 9.9955E-05 9.9955E-05 0.00950503 0.847898 0.00576808 9.9955E-05 0.0298283
0.214997 9.9946E-05 9.9946E-05 9.9946E-05 9.9946E-05 9.9946E-05 0.697585 0.0201661 9.9946E-05 0.0666516
0.164133 0.0150478 9.9964E-05 9.9964E-05 9.9964E-05 0.00662576 0.757591 0.00242641 9.9964E-05 0.0537766
0.160038 0.00448532 9.9964E-05 9.9964E-05 9.9964E-05 0.065033 0.675207 0.0202867 9.9964E-05 0.0745496
0.189009 0.0478925 9.9955E-05 9.9955E-05 0.00572187 9.9955E-05 0.732562 9.9955E-05 9.9955E-05 0.0243147
9.99201E-05 9.99201E-05 9.99201E-05 0.999101 9.99201E-05 9.99201E-05 9.99201E-05 9.99201E-05 9.99201E-05 9.99201E-05
9.9955E-05 9.9955E-05 9.9955E-05 0.0761708 0.000915109 9.9955E-05 0.00634276 0.0417993 0.874272 9.9955E-05
0.000459292 9.9964E-05 9.9964E-05 0.416248 0.0142986 9.9964E-05 0.0266105 9.9964E-05 0.362012 0.179971
0.16956 0.0167869 9.9973E-05 0.0851447 0.0172245 9.9973E-05 9.9973E-05 0.074469 0.60682 0.0296954
0.293013 0.0283069 9.9964E-05 0.119575 9.9964E-05 9.9964E-05 0.0265454 9.9964E-05 0.414646 0.117514
0.401152 0.0545838 9.9982E-05 0.179047 9.9982E-05 0.00317727 0.0262527 0.00936069 0.216512 0.109715
0.0109135 0.0244903 9.99639E-05 0.916541 0.0174573 9.99639E-05 0.0102242 9.99639E-05 9.99639E-05 0.0199737
9.99201E-05 9.99201E-05 9.99201E-05 0.999101 9.99201E-05 9.99201E-05 9.99201E-05 9.99201E-05 9.99201E-05 9.99201E-05
0.0553332 9.9955E-05 9.9955E-05 9.9955E-05 0.0119326 0.0298548 9.9955E-05 0.002013 0.900367 9.9955E-05
9.99201E-05 9.99201E-05 9.99201E-05 0.999101 9.99201E-05 9.99201E-05 9.99201E-05 9.99201E-05 9.99201E-05 9.99201E-05
0.135269 9.9964E-05 0.00171708 0.20205 9.9964E-05 0.020168 9.9964E-05 0.0611178 0.579278 9.9964E-05
9.9946E-05 9.9946E-05 9.9946E-05 0.226538 0.0345724 9.9946E-05 0.0180493 9.9946E-05 0.720241 9.9946E-05
0.0873616 0.0248351 9.9964E-05 9.9964E-05 9.9964E-05 0.80732 0.0105046 0.0420865 9.9964E-05 0.0274925
0.0977274 9.9928E-05 9.9928E-05 9.9928E-05 9.9928E-05 0.901473 9.9928E-05 9.9928E-05 9.9928E-05 9.9928E-05
0.209656 0.0132296 9.9973E-05 9.9973E-05 9.9973E-05 0.55149 0.0424844 0.0156082 0.0693834 0.0978482
0.0818063 9.9964E-05 9.9964E-05 9.9964E-05 9.9964E-05 0.730728 0.0482106 0.0301936 0.0341261 0.0745352
9.9937E-05 9.9937E-05 9.9937E-05 9.9937E-05 0.0178128 0.759864 9.9937E-05 9.9937E-05 0.221624 9.9937E-05
0.165307 0.0440573 9.9982E-05 9.9982E-05 0.016889 0.630883 0.0555674 0.00396293 0.0231669 0.0599665
0.240445 9.9946E-05 9.9946E-05 9.9946E-05 9.9946E-05 0.66494 0.0311233 0.0628923 9.9946E-05 9.9946E-05
0.157102 0.0107831 9.9973E-05 9.9973E-05 9.9973E-05 0.680219 0.0597618 0.0223559 0.01709 0.0523888
0.0660228 9.9955E-05 9.9955E-05 9.9955E-05 9.9955E-05 0.873221 9.9955E-05 0.0252882 0.020319 0.0146496
0.103459 9.9937E-05 9.9937E-05 9.9937E-05 9.9937E-05 0.865842 9.9937E-05 9.9937E-05 9.9937E-05 0.0299998
0.0291076 0.013213 0.0148134 9.9982E-05 0.0337973 0.884153 0.00232349 9.9982E-05 0.0104709 0.0119212
9.9928E-05 0.721699 9.9928E-05 9.9928E-05 9.9928E-05 9.9928E-05 9.9928E-05 9.9928E-05 0.277502 9.9928E-05
9.99665E-05 0.657137 0.012362 0.122874 0.00940244 0.00491082 9.99665E-05 9.99665E-05 9.99665E-05 0.192913
9.9973E-05 0.689556 9.9973E-05 9.9973E-05 0.00489835 0.00767693 0.0381373 0.0112824 0.082056 0.166093
0.072129 0.57907 0.0453564 0.00940529 9.9964E-05 9.9964E-05 0.0389276 9.9964E-05 9.9964E-05 0.254711
0.140232 0.593036 9.9946E-05 9.9946E-05 9.9946E-05 9.9946E-05 0.044132 9.9946E-05 9.9946E-05 0.222
0.13839 0.549002 9.99459E-05 9.99459E-05 9.99459E-05 9.99459E-05 0.0374861 9.99459E-05 9.99459E-05 0.274523
0.137283 0.615328 9.9955E-05 9.9955E-05 9.9955E-05 9.9955E-05 0.01593 0.00781599 9.9955E-05 0.223143
9.9964E-05 0.742312 9.9964E-05 0.00617323 0.0052062 0.0249101 9.9964E-05 0.0340855 9.9964E-05 0.186913
9.9955E-05 0.64128 0.0303134 0.0712475 9.9955E-05 9.9955E-05 9.9955E-05 9.9955E-05 0.0706818 0.185977
0.081524 0.628422 0.0331456 9.99625E-05 9.99625E-05 9.99625E-05 0.0150482 9.99625E-05 9.99625E-05 0.24136
0.0598712 0.59555 9.9955E-05 9.9955E-05 9.9955E-05 9.9955E-05 0.0431298 9.9955E-05 0.0911923 0.209757
0.151111 0.647503 9.99549E-05 9.99549E-05 9.99549E-05 9.99549E-05 0.0252442 0.037826 9.99549E-05 0.137816
0.161988 0.134054 0.0291358 9.9964E-05 9.9964E-05 0.00355792 9.9964E-05 0.00254001 9.9964E-05 0.668325
0.0146595 0.0954638 9.9973E-05 9.9973E-05 0.0236966 9.9973E-05 0.0182241 0.0153724 0.118749 0.713535
9.9973E-05 0.119412 0.0348522 0.106347 0.00444838 9.9973E-05 0.00282486 9.9973E-05 0.0501471 0.681669
9.9973E-05 0.148342 0.00856674 9.9973E-05 0.0199459 0.0337688 0.0556029 9.9973E-05 0.161202 0.572272
0.0898328 0.155081 9.9973E-05 0.00556472 0.0120878 9.9973E-05 0.0354713 9.9973E-05 0.0679136 0.633749
0.149769 0.131279 0.00515211 9.9964E-05 0.0240515 9.9964E-05 0.0122839 9.9964E-05 9.9964E-05 0.677064
9.9973E-05 0.111419 0.0413094 0.0506969 0.0236112 9.9973E-05 9.9973E-05 0.0125445 0.105392 0.654728
0.037185 0.103708 0.0132246 0.0853709 0.0154772 0.00370511 0.0147858 0.00471826 0.061166 0.660659
9.9982E-05 0.117125 0.00232764 9.9982E-05 0.00676473 0.00970216 0.0258298 0.00604132 0.174996 0.657014
0.0508987 0.145969 0.00391098 9.9973E-05 9.9973E-05 0.0208611 0.0258822 9.9973E-05 0.16758 0.584598
9.9973E-05 0.165234 0.0264005 0.0840869 0.0143299 0.0385389 9.9973E-05 9.9973E-05 0.127625 0.543484
0.0827628 0.150346 9.9964E-05 9.9964E-05 9.9964E-05 0.0036424 0.0373856 9.9964E-05 0.0474758 0.677988
0.000646665 0.930345 9.9946E-05 9.9946E-05 0.00732897 9.9946E-05 9.9946E-05 0.0610798 9.9946E-05 9.9946E-05
9.9946E-05 0.945139 9.9946E-05 0.0223961 0.0186491 9.9946E-05 9.9946E-05 0.0132167 9.9946E-05 9.9946E-05
9.99371E-05 0.968888 0.0220739 0.00833806 9.99371E-05 9.99371E-05 9.99371E-05 9.99371E-05 9.99371E-05 9.99371E-05
0.0478539 0.92807 9.9946E-05 9.9946E-05 9.9946E-05 9.9946E-05 0.0233697 9.9946E-05 0.000107096 9.9946E-05
0.104917 0.882347 9.9946E-05 9.9946E-05 9.9946E-05 9.9946E-05 9.9946E-05 0.0115939 9.9946E-05 0.00054257
0.12397 0.821135 9.9946E-05 9.9946E-05 9.9946E-05 9.9946E-05 0.0332971 9.9946E-05 9.9946E-05 0.0209981
0.0667741 0.839622 9.9955E-05 9.9955E-05 0.00450579 9.9955E-05 9.9955E-05 0.00715843 9.9955E-05 0.0814399
0.0766041 0.872076 9.9964E-05 9.9964E-05 9.9964E-05 0.0198623 0.00721992 9.9964E-05 0.0224235 0.00141432
9.9928E-05 0.90856 9.9928E-05 9.9928E-05 9.9928E-05 9.9928E-05 9.9928E-05 9.9928E-05 0.0906407 9.9928E-05
9.9937E-05 0.913404 9.9937E-05 0.037442 9.9937E-05 9.9937E-05 9.9937E-05 9.9937E-05 0.0484549 9.9937E-05
9.9946E-05 0.951984 9.9946E-05 9.9946E-05 0.0150974 0.00159381 9.9946E-05 0.0307253 9.9946E-05 9.9946E-05
0.0865316 0.884834 0.0124972 9.9946E-05 9.9946E-05 9.9946E-05 0.0155379 9.9946E-05 9.9946E-05 9.9946E-05
0.149088 9.9964E-05 0.00183151 9.9964E-05 9.9964E-05 0.491073 0.0822315 0.0758867 0.199489 9.9964E-05
0.00738857 9.9991E-05 0.0377242 0.126341 0.00909139 0.545394 0.0949622 0.107316 0.00978002 0.0619025
9.9973E-05 9.9973E-05 0.0333098 0.0259127 0.0317532 0.48118 0.0227617 0.311781 0.0930017 9.9973E-05
0.0942255 0.0293423 0.0203494 0.0772629 0.00371159 0.544688 0.0972161 0.0617825 9.9991E-05 0.0713212
0.0539187 9.9982E-05 0.0366331 0.148266 0.0332149 0.503842 0.0506508 0.117208 9.9982E-05 0.0560666
0.241856 0.0154989 0.00595422 9.9973E-05 9.9973E-05 0.368194 0.0722562 0.202822 9.9973E-05 0.0931186
0.159617 0.0159518 0.0200524 9.9964E-05 0.000371368 0.787485 9.9964E-05 0.0161234 9.9964E-05 9.9964E-05
0.113444 9.9982E-05 0.0303859 0.0181567 0.0138614 0.692946 0.00721429 0.0629938 9.9982E-05 0.0607972
9.9937E-05 9.9937E-05 0.0354935 0.163369 9.9937E-05 0.800438 9.9937E-05 9.9937E-05 9.9937E-05 9.9937E-05
0.141702 0.0416661 0.00357832 9.9982E-05 0.00951503 0.641727 0.0156781 0.141052 9.9982E-05 0.00488152
9.9964E-05 0.0137107 9.9964E-05 9.9964E-05 0.00162918 0.767799 0.020251 0.0834959 0.112714 9.9964E-05
9.9946E-05 0.00730913 0.0399689 0.00797957 9.9946E-05 0.944143 9.9946E-05 9.9946E-05 9.9946E-05 9.9946E-05
0.0500126 0.00620974 0.005459 0.0479768 9.9991E-05 0.772858 0.0240443 0.0374358 0.0521595 0.00374427
9.9946E-05 9.9946E-05 0.0533428 0.102502 9.9946E-05 0.792362 9.9946E-05 9.9946E-05 0.0511929 9.9946E-05
0.222471 9.9964E-05 9.9964E-05 9.9964E-05 0.0206462 0.547829 0.0375093 0.0682852 9.9964E-05 0.102859
9.9937E-05 9.9937E-05 9.9937E-05 0.116803 9.9937E-05 9.9937E-05 9.9937E-05 0.0467207 9.9937E-05 0.835776
0.108567 0.234154 9.9964E-05 0.0324188 9.9964E-05 9.9964E-05 0.0253386 0.0466386 9.9964E-05 0.552483
9.9955E-05 9.9955E-05 0.00252716 0.102681 9.9955E-05 0.0396136 0.00880819 9.9955E-05 9.9955E-05 0.84587
0.0191808 0.019833 0.0136068 0.152607 9.9964E-05 9.9964E-05 9.9964E-05 0.0333128 9.9964E-05 0.76106
0.193616 0.0678495 0.00676169 0.0175832 9.9964E-05 9.9964E-05 9.9964E-05 0.0407411 9.9964E-05 0.673049
0.0181167 0.188681 0.00120875 0.0576233 9.9991E-05 0.0249948 0.0290042 0.0104959 0.0239507 0.645825
9.9982E-05 0.0969262 0.0253666 0.0544458 0.0166926 0.0652144 9.9982E-05 0.0398309 0.0692628 0.632061
9.9964E-05 0.0516138 0.0390483 0.137575 0.0118872 9.9964E-05 0.0138728 9.9964E-05 9.9964E-05 0.745603
0.675738 0.0325547 0.0346619 0.0509579 9.9982E-05 0.00100605 0.0746523 9.9982E-05 0.0899063 0.0403229
0.595369 9.9964E-05 0.0631805 0.153604 0.021603 0.0758115 9.9964E-05 9.9964E-05 0.0900321 9.9964E-05
9.99201E-05 9.99201E-05 0.999101 9.99201E-05 9.99201E-05 9.99201E-05 9.99201E-05 9.99201E-05 9.99201E-05 9.99201E-05
0.495819 0.0170954 0.012333 0.0939708 9.9991E-05 0.0767798 0.0267272 0.0320488 0.115624 0.129502
0.569431 0.0273643 0.0211991 0.0755294 0.00678475 0.0262335 9.9982E-05 0.140549 0.132709 9.9982E-05
0.63119 9.9982E-05 0.0439809 0.0288569 0.0236308 0.0747943 9.9982E-05 0.0718448 0.0548462 0.0706563
9.99201E-05 9.99201E-05 0.999101 9.99201E-05 9.99201E-05 9.99201E-05 9.99201E-05 9.99201E-05 9.99201E-05 9.99201E-05
0.0343457 0.010527 0.907995 9.9964E-05 0.00447594 9.9964E-05 0.00646257 9.9964E-05 9.9964E-05 0.0357939
0.545341 9.9982E-05 0.0691532 0.119496 0.0298223 0.0996365 0.00956386 9.9982E-05 0.0474557 0.0793313
0.568862 0.0114123 0.0320862 9.9982E-05 0.0401727 0.0231998 0.041499 0.0410475 0.24152 9.9982E-05
0.450921 0.0176756 0.122098 0.152489 0.036558 0.103848 0.0427255 9.9982E-05 9.9982E-05 0.0734853
0.705696 9.9982E-05 0.04602 9.9982E-05 0.0214256 0.0356419 0.00807826 0.0757713 0.0694607 0.0377063
0.606102 0.00794868 0.0481569 0.0629176 0.0277455 9.9973E-05 9.9973E-05 0.0802478 0.166581 9.9973E-05
0.862907 9.9946E-05 0.0319131 9.9946E-05 9.9946E-05 9.9946E-05 0.00702016 9.9946E-05 9.9946E-05 0.0975602
0.820476 0.0226643 0.0294005 9.9973E-05 0.0180215 9.9973E-05 9.9973E-05 0.0351531 0.0454867 0.0284981
0.854434 9.9964E-05 0.0400661 0.0666896 0.0016148 9.9964E-05 0.014684 9.9964E-05 9.9964E-05 0.0221113
0.75299 9.9973E-05 0.0088309 0.0263013 0.0385057 0.00986844 9.9973E-05 0.0698813 0.0933225 9.9973E-05
0.659666 9.9991E-05 0.0483181 0.0242763 0.0289839 0.0837354 0.0350836 0.0408584 0.0175767 0.0614017
0.647333 9.9973E-05 0.0509405 0.04406 0.0279492 0.0669809 0.0176176 9.9973E-05 0.144819 9.9973E-05
0.709384 9.9973E-05 0.0231602 0.00662474 0.0254392 9.9973E-05 0.0532076 0.0403823 0.141502 9.9973E-05
0.781214 0.0276501 9.9964E-05 9.9964E-05 0.0255243 9.9964E-05 0.0461936 0.0156586 9.9964E-05 0.10336
0.613281 0.0244375 0.0483607 0.0290096 0.0206752 9.9991E-05 0.0452731 0.0344908 0.136518 0.0478532
0.917786 9.9946E-05 0.0385308 0.0104937 9.9946E-05 9.9946E-05 9.9946E-05 9.9946E-05 9.9946E-05 0.0325903
