0.0321511 0.515158 0.452691
0.00951096 0.523559 0.46693
0.0282495 0.521493 0.450257
0.0756931 0.556097 0.36821
9.9991E-05 0.522281 0.477619
0.0213475 0.533491 0.445162
0.113252 0.511546 0.375202
0.0765425 0.56294 0.360517
0.0788349 0.593547 0.327618
9.999E-05 9.999E-05 0.9998
0.0447178 0.0621949 0.893087
0.0904988 0.124498 0.785004
0.0870724 0.106369 0.806558
0.0620512 0.096562 0.841387
0.00582721 9.9991E-05 0.994073
0.0574581 0.0564716 0.88607
0.0229066 0.015499 0.961594
0.0251743 0.0540157 0.92081
0.0492711 0.0649892 0.88574
0.0986671 0.126046 0.775287
9.999E-05 9.999E-05 0.9998
0.145383 0.10831 0.746307
0.100439 0.141794 0.757767
0.101427 0.124273 0.7743
0.078266 0.0567932 0.864941
0.126181 0.122262 0.751557
0.119764 0.100842 0.779395
0.115957 0.125423 0.75862
0.0907786 0.13431 0.774911
0.111214 0.114191 0.774595
0.114255 0.089777 0.795968
0.0478522 0.746566 0.205582
0.00732322 0.668183 0.324493
0.034957 0.689634 0.275409
0.0231825 0.775192 0.201626
0.0470889 0.686413 0.266498
0.0380818 0.763958 0.19796
0.0419715 0.718972 0.239056
0.0363528 0.750544 0.213103
9.9991E-05 0.735487 0.264413
0.0224378 0.772849 0.204713
0.963815 9.9991E-05 0.0360851
0.996193 0.00370739 9.9991E-05
0.957829 0.0420706 9.9991E-05
0.946849 0.0319502 0.0212013
0.928531 0.0438693 0.0276002
0.93785 0.0548084 0.00734205
0.829565 0.0636081 0.106826
0.991184 9.9991E-05 0.00871559
0.9998 9.999E-05 9.999E-05
0.96546 0.0344397 9.9991E-05
0.9998 9.999E-05 9.999E-05
0.9998 9.999E-05 9.999E-05
0.22446 0.0644789 0.711061
0.167656 0.0573987 0.774945
0.168032 0.101021 0.730947
0.20323 0.0136804 0.783089
0.227463 0.068228 0.704309
0.230874 0.0594186 0.709707
0.235688 0.111027 0.653285
0.235821 0.0714117 0.692768
9.9991E-05 0.467198 0.532702
0.00843589 0.513105 0.47846
0.0512992 0.506686 0.442015
0.0226523 0.532869 0.444479
0.0540828 0.408261 0.537657
0.038679 0.471987 0.489334
0.00973736 0.483592 0.506671
0.0515018 0.516088 0.43241
0.0763475 0.47671 0.446943
0.0371947 0.485317 0.477488
9.9991E-05 0.520223 0.479677
0.118555 0.157555 0.72389
0.084897 0.155179 0.759924
0.106134 0.196847 0.697019
0.110148 0.170371 0.719481
0.0554375 0.0651871 0.879375
0.0256749 0.064918 0.909407
0.0253141 0.0473218 0.927364
0.0145049 0.0968142 0.888681
0.0741267 0.0710968 0.854777
0.0374995 0.101054 0.861447
0.119072 0.145256 0.735672
0.0726426 0.0543044 0.873053
0.857574 0.0401007 0.102325
0.819775 0.0379273 0.142298
0.873805 9.9991E-05 0.126095
0.886419 0.0618364 0.0517444
0.921501 0.0326808 0.0458179
0.787009 0.0656285 0.147362
0.826664 0.0723208 0.101016
0.759704 0.0973949 0.142901
0.788279 0.0903543 0.121367
9.9991E-05 0.213116 0.786784
0.0400603 0.281605 0.678334
0.0275181 0.349793 0.622689
9.9991E-05 0.330955 0.668945
0.0604358 0.338283 0.601281
0.074159 0.293848 0.631993
0.0236719 0.246474 0.729854
0.014477 0.196188 0.789335
0.00250346 0.328074 0.669423
0.0240635 0.150201 0.825735
0.0121034 0.260026 0.727871
0.0345328 0.27413 0.691337
0.218426 0.0676187 0.713956
0.205506 9.9991E-05 0.794394
0.19786 0.139572 0.662568
0.242903 0.0904809 0.666616
0.198425 9.9991E-05 0.801475
0.220489 0.112673 0.666838
0.227091 0.0176073 0.755302
0.235232 0.0863369 0.678431
0.205568 0.00591689 0.788515
0.184156 0.0422656 0.773579
0.201399 0.0468328 0.751768
9.9991E-05 0.999545 0.000355204
0.00148504 0.91689 0.0816251
0.0646704 0.921067 0.014263
0.051414 0.859919 0.0886668
0.086846 0.835179 0.0779745
0.0864948 0.85203 0.061475
0.0654035 0.860062 0.0745341
0.0160654 0.970691 0.0132434
9.9991E-05 0.935278 0.0646223
0.0457186 0.90988 0.0444014
0.060018 0.892205 0.0477773
0.07066 0.864493 0.0648475
0.0230807 0.662064 0.314855
0.0523603 0.674152 0.273488
0.0178924 0.682131 0.299976
0.0715767 0.679025 0.249399
0.0587396 0.680521 0.26074
0.04003 0.675841 0.284129
9.9991E-05 0.65974 0.34016
0.0165376 0.660217 0.323245
0.0412021 0.702545 0.256252
0.0481825 0.672366 0.279451
0.0078538 0.670736 0.32141
0.0541318 0.703733 0.242135
9.999E-05 0.9998 9.999E-05
9.999E-05 0.9998 9.999E-05
9.999E-05 0.9998 9.999E-05
0.0191431 0.980757 9.9991E-05
0.0291943 0.970706 9.9991E-05
0.0453432 0.936504 0.0181525
0.0108186 0.989081 9.9991E-05
0.0262178 0.973682 9.9991E-05
9.999E-05 0.9998 9.999E-05
9.999E-05 0.9998 9.999E-05
9.999E-05 0.9998 9.999E-05
0.0412162 0.958684 9.9991E-05
0.23349 0.0878145 0.678696
0.251317 0.0522014 0.696482
0.201051 0.0190235 0.779925
0.252486 0.103498 0.644017
0.196961 0.0603731 0.742666
0.231922 0.113125 0.654954
0.18495 0.0193094 0.79574
0.182135 0.0569714 0.760894
0.179874 0.026287 0.793839
0.206056 0.0652261 0.728718
0.222858 0.0439898 0.733152
0.202029 0.0125301 0.785441
0.21451 0.0331727 0.752317
0.16063 0.0107555 0.828615
0.204178 0.0742302 0.721592
0.0155418 0.624282 0.360177
0.0519447 0.68019 0.267866
0.0370094 0.624839 0.338152
0.0279361 0.602643 0.369421
0.0175432 0.613655 0.368801
0.0503722 0.699073 0.250555
9.9991E-05 0.620976 0.378924
0.0274948 0.653854 0.318652
0.123168 0.166258 0.710573
0.0527998 0.0553669 0.891833
0.0264217 0.0309464 0.942632
0.0902939 0.216599 0.693107
0.0718103 0.149263 0.778926
0.0888551 0.0917425 0.819402
0.0354286 0.0254604 0.939111
0.0461708 0.0875921 0.866237
0.0660995 0.131684 0.802216
0.100371 0.142275 0.757354
0.0986022 0.124639 0.776759
0.079628 0.103947 0.816425
0.0548282 0.117336 0.827835
0.0927263 0.13592 0.771353
0.0628684 0.103297 0.833834
0.097264 0.0773492 0.825387
0.0560879 0.0769866 0.866926
0.101958 0.0872487 0.810794
0.0816183 0.0974554 0.820926
0.122214 0.0760082 0.801778
0.11712 0.162449 0.72043
0.10939 0.155899 0.734712
0.0805734 0.10214 0.817286
