0.523163 0.44916 0.0276768
0.516487 0.478076 0.00543647
0.514796 0.45485 0.0303535
0.549527 0.38099 0.0694829
0.508563 0.491337 9.9991E-05
0.531116 0.449369 0.0195147
0.512932 0.389978 0.0970897
0.550406 0.368266 0.0813282
0.598179 0.332844 0.0689771
9.999E-05 0.9998 9.999E-05
0.0593057 0.900582 0.0401121
0.122001 0.800214 0.0777849
0.115225 0.798206 0.0865694
0.0894405 0.853748 0.0568116
9.999E-05 0.9998 9.999E-05
0.0651731 0.88186 0.0529668
0.0242726 0.952747 0.0229806
0.0524757 0.929855 0.0176694
0.0692079 0.884133 0.046659
0.123141 0.793657 0.0832016
9.999E-05 0.9998 9.999E-05
0.11788 0.737023 0.145097
0.131684 0.781476 0.0868396
0.107054 0.793067 0.0998794
0.0471136 0.89326 0.0596267
0.127625 0.769082 0.103293
0.0940169 0.794433 0.11155
0.114646 0.771125 0.11423
0.126284 0.792389 0.0813268
0.113399 0.787189 0.0994127
0.0924629 0.802423 0.105114
0.755171 0.20778 0.037049
0.675576 0.324324 9.9991E-05
0.690862 0.2776 0.0315384
0.783765 0.193885 0.0223503
0.713893 0.24505 0.0410576
0.759487 0.20752 0.032993
0.723612 0.235195 0.041193
0.752096 0.211512 0.0363922
0.732574 0.267326 9.9991E-05
0.775535 0.205316 0.019149
9.9991E-05 0.0422097 0.95769
0.00484606 9.9991E-05 0.995054
0.0461266 0.00853421 0.945339
0.0301092 0.0201144 0.949776
0.0482194 0.0284633 0.923317
0.0419682 0.0117289 0.946303
0.0734478 0.109923 0.81663
9.9991E-05 0.011551 0.988349
9.999E-05 9.999E-05 0.9998
0.0417697 9.9991E-05 0.95813
9.999E-05 9.999E-05 0.9998
9.999E-05 9.999E-05 0.9998
0.0565302 0.727325 0.216145
0.0482456 0.793192 0.158562
0.100351 0.740735 0.158914
0.00802673 0.796964 0.195009
0.069284 0.720469 0.210247
0.0502811 0.721672 0.228047
0.102874 0.671887 0.225239
0.0675864 0.714267 0.218147
0.457616 0.534964 0.00741955
0.507325 0.490026 0.00264874
0.507914 0.448459 0.043627
0.536343 0.441943 0.0217144
0.420413 0.528213 0.0513739
0.463017 0.508717 0.0282668
0.479459 0.512185 0.0083554
0.504027 0.448981 0.046992
0.472418 0.457165 0.070417
0.484578 0.485031 0.0303913
0.521313 0.478587 9.9991E-05
0.15269 0.722063 0.125247
0.156583 0.766516 0.0769008
0.210626 0.703471 0.0859022
0.184519 0.720368 0.0951132
0.0705448 0.882879 0.0465764
0.0649465 0.910634 0.0244191
0.0447271 0.938586 0.016687
0.0941772 0.896217 0.00960585
0.0659505 0.868117 0.0659322
0.109707 0.857521 0.0327719
0.151482 0.745812 0.102706
0.0534342 0.884591 0.0619749
0.0411607 0.107604 0.851235
0.0418753 0.139513 0.818611
9.9991E-05 0.140663 0.859237
0.056022 0.0439554 0.900023
0.0346614 0.0526526 0.912686
0.060632 0.1572 0.782168
0.0875714 0.0949997 0.817429
0.0900236 0.150133 0.759843
0.0829264 0.124819 0.792254
0.206813 0.793087 9.9991E-05
0.282551 0.680174 0.0372746
0.353222 0.616718 0.0300599
0.327177 0.672723 9.9991E-05
0.340112 0.606856 0.0530319
0.286822 0.660815 0.052363
0.243473 0.732901 0.0236254
0.191953 0.794805 0.0132421
0.331248 0.668652 9.9991E-05
0.140116 0.845622 0.0142624
0.260694 0.727399 0.0119074
0.271517 0.698523 0.0299605
0.0625865 0.733659 0.203755
9.9991E-05 0.799621 0.200279
0.137054 0.668709 0.194238
0.0947597 0.670417 0.234823
9.9991E-05 0.813374 0.186526
0.12426 0.664232 0.211508
0.0184359 0.767413 0.214151
0.0814945 0.69829 0.220216
0.00398102 0.794758 0.201261
0.0384997 0.773828 0.187673
0.0319611 0.773182 0.194857
0.9998 9.999E-05 9.999E-05
0.919214 0.0806862 9.9991E-05
0.923112 0.0343194 0.0425683
0.859001 0.0948837 0.046115
0.843933 0.0812624 0.0748049
0.851828 0.0688621 0.0793099
0.871805 0.0805953 0.0475993
0.959293 0.0326878 0.00801949
0.948806 0.0488947 0.00229918
0.898775 0.0633889 0.0378365
0.89523 0.0512096 0.0535601
0.869077 0.0637596 0.0671636
0.656877 0.323794 0.0193293
0.674237 0.291265 0.0344982
0.68576 0.297941 0.016299
0.679555 0.23869 0.0817551
0.68218 0.251886 0.0659339
0.662455 0.285806 0.0517398
0.665262 0.334638 9.9991E-05
0.646517 0.329598 0.0238857
0.693963 0.255697 0.0503394
0.681706 0.26545 0.0528444
0.670373 0.319371 0.0102559
0.705423 0.239723 0.0548536
0.9998 9.999E-05 9.999E-05
0.9998 9.999E-05 9.999E-05
0.9998 9.999E-05 9.999E-05
0.987497 9.9991E-05 0.0124034
0.984467 9.9991E-05 0.0154334
0.937546 0.0101753 0.0522783
0.990028 9.9991E-05 0.00987196
0.968376 9.9991E-05 0.0315241
0.9998 9.999E-05 9.999E-05
0.9998 9.999E-05 9.999E-05
0.9998 9.999E-05 9.999E-05
0.963813 9.9991E-05 0.0360866
0.0920165 0.688597 0.219387
0.0584417 0.701214 0.240344
0.0206826 0.778129 0.201188
0.0969292 0.660959 0.242112
0.0544826 0.749666 0.195851
0.117637 0.653173 0.22919
0.00896365 0.808184 0.182853
0.053736 0.771102 0.175162
0.0303155 0.796793 0.172891
0.0660987 0.740642 0.193259
0.0555883 0.725203 0.219209
0.0170281 0.783919 0.199053
0.0301012 0.773639 0.19626
0.0108459 0.825995 0.163159
0.0771921 0.725384 0.197424
0.59999 0.38626 0.0137497
0.682681 0.264597 0.0527221
0.616334 0.339149 0.044517
0.601842 0.381124 0.0170339
0.600126 0.376722 0.0231527
0.699893 0.247938 0.0521691
0.629504 0.370396 9.9991E-05
0.653323 0.31455 0.0321269
0.169417 0.705676 0.124907
0.0533797 0.901623 0.0449975
0.0199241 0.959045 0.0210313
0.228106 0.685463 0.0864316
0.152481 0.78404 0.0634797
0.0938824 0.8434 0.0627178
0.0266512 0.945149 0.0282002
0.085092 0.870693 0.0442147
0.128215 0.784092 0.0876936
0.133893 0.764869 0.101238
0.122168 0.783135 0.0946976
0.0901403 0.827975 0.0818844
0.119887 0.829222 0.0508913
0.146935 0.768263 0.0848025
0.114054 0.837734 0.0482115
0.0828343 0.828516 0.08865
0.0733348 0.877197 0.0494678
0.0809355 0.810926 0.108139
0.0991273 0.829763 0.0711096
0.0869918 0.800013 0.112995
0.172375 0.714705 0.11292
0.152303 0.750828 0.0968693
0.0987042 0.835376 0.06592
