0.135045 0.0310213 0.123755 0.0993755 0.610804
0.0891423 0.00711498 0.0779905 0.134756 0.690996
0.147362 0.0283033 0.0547708 0.0728743 0.696689
0.0349828 0.0802206 0.0400544 0.054715 0.790027
0.127431 9.9982E-05 9.9982E-05 0.029923 0.842446
0.113309 0.0211463 9.9982E-05 9.9982E-05 0.865344
0.050884 0.107511 0.103393 0.111732 0.62648
0.0635841 0.0765104 0.104139 0.0794717 0.676295
0.084888 0.0827386 0.133146 0.00684422 0.692383
9.997E-05 9.997E-05 9.997E-05 0.9996 9.997E-05
0.407444 0.013196 0.0209771 0.469806 0.0885768
0.328811 0.0556369 0.0522599 0.431791 0.131501
0.0151186 0.0894012 0.0885261 0.806854 9.9991E-05
9.999E-05 0.0528601 0.0323206 0.882015 0.0327041
9.997E-05 9.997E-05 9.997E-05 0.9996 9.997E-05
0.240602 0.0255194 0.0704018 0.663377 9.9991E-05
9.997E-05 9.997E-05 9.997E-05 0.9996 9.997E-05
0.0553171 0.0195299 0.0458148 0.879238 9.9991E-05
9.9982E-05 0.0333138 0.0237865 0.9427 9.9982E-05
0.354212 0.0561153 0.0316297 0.387895 0.170149
9.997E-05 9.997E-05 9.997E-05 0.9996 9.997E-05
0.451589 0.0978201 0.116453 0.306881 0.0272569
0.44186 0.0479513 0.082283 0.32322 0.104686
0.482344 0.0534521 0.0458896 0.268086 0.150228
0.526492 0.0228195 0.081222 0.369366 9.9991E-05
0.469415 0.0753696 0.0192691 0.243965 0.191982
0.498506 0.0643931 0.0720108 0.288622 0.0764678
0.468816 0.0721307 0.124895 0.327122 0.00703649
0.464739 0.0455037 0.0775674 0.313739 0.0984512
0.408202 0.0654646 0.129619 0.375935 0.0207793
0.422823 0.0776917 0.0747728 0.391433 0.0332799
0.018367 0.0467501 0.406058 0.048114 0.480711
0.0592426 0.0053008 0.256804 0.0960211 0.582631
0.0308252 0.0320499 0.288922 0.0670625 0.58114
9.9982E-05 0.0201483 0.27995 9.9982E-05 0.699702
0.0114634 0.0472871 0.315965 0.0756022 0.549682
0.00929825 0.0470817 0.324917 9.9991E-05 0.618603
9.9991E-05 0.0536325 0.233681 0.00988086 0.702706
9.9982E-05 0.0359962 0.242409 9.9982E-05 0.721395
0.0376701 9.9982E-05 0.248493 9.9982E-05 0.713637
0.00676446 0.0245192 0.282698 9.9991E-05 0.685918
0.0221465 0.947342 9.9982E-05 0.0303113 9.9982E-05
0.0121195 0.983484 0.00419649 9.9982E-05 9.9982E-05
9.9982E-05 0.935399 0.0337731 0.030628 9.9982E-05
9.9982E-05 0.91877 0.0244867 0.0565433 9.9982E-05
0.00565122 0.910503 0.0310563 0.0526895 9.9991E-05
9.9982E-05 0.921379 0.0463722 0.0320484 9.9982E-05
0.0573913 0.811301 0.052225 0.0651131 0.0139693
9.9973E-05 0.970772 9.9973E-05 0.0289279 9.9973E-05
9.997E-05 0.9996 9.997E-05 9.997E-05 9.997E-05
9.99836E-05 0.957688 0.0408143 9.99836E-05 0.00129762
9.997E-05 0.9996 9.997E-05 9.997E-05 9.997E-05
9.997E-05 0.9996 9.997E-05 9.997E-05 9.997E-05
0.822626 0.095593 0.0815809 9.9982E-05 9.9982E-05
0.788847 0.0805628 0.0856 0.0448898 9.9991E-05
0.643632 0.0889849 0.0596063 0.113521 0.0942566
0.794829 0.0959356 0.0516005 0.0575345 9.9991E-05
0.701675 0.137108 0.0747681 0.0584571 0.0279917
0.742665 0.12995 0.089212 0.038073 9.9991E-05
0.763442 0.124911 0.111448 9.9982E-05 9.9982E-05
0.752567 0.130227 0.0828722 0.0342334 9.9991E-05
0.246834 9.9982E-05 9.9982E-05 0.0241129 0.728853
0.159734 9.9973E-05 9.9973E-05 9.9973E-05 0.839966
0.100901 0.050684 0.0703771 0.100299 0.677739
0.0871815 0.0246557 0.0380251 0.0618361 0.788302
0.245705 0.0399928 9.9982E-05 9.9982E-05 0.714103
0.19089 0.0205103 0.102117 0.115953 0.57053
0.198643 0.000867526 0.0591452 0.0883619 0.652982
0.124926 0.0485451 0.0430331 0.0500933 0.733402
0.163592 0.0691729 0.0558795 0.0511086 0.660247
0.158533 0.0339627 0.0707425 0.0677797 0.668982
0.124828 9.9973E-05 9.9973E-05 9.9973E-05 0.874872
0.292905 0.0972583 0.108177 0.426412 0.0752475
0.287847 0.0663674 0.134829 0.453342 0.0576146
0.230138 0.0589173 0.163367 0.488208 0.0593704
0.256945 0.083983 0.125172 0.447455 0.0864445
0.393668 0.0211362 9.9991E-05 0.434351 0.150744
0.400422 9.9982E-05 9.9982E-05 0.446894 0.152484
0.450971 9.9982E-05 9.9982E-05 0.44161 0.107219
0.389115 9.9991E-05 0.0889716 0.50656 0.0152543
0.469922 0.0361689 0.0106224 0.341463 0.141824
0.410526 9.99994E-05 0.0507088 0.413888 0.124777
0.329232 0.0928219 0.0797209 0.365674 0.132551
0.422669 0.0498014 0.00929351 0.424458 0.0937782
0.109185 0.81498 0.0279949 0.0221754 0.0256643
0.0655883 0.791164 0.0421457 0.101002 9.9991E-05
0.156374 0.829271 9.9982E-05 9.9982E-05 0.0141551
0.0367225 0.866061 0.0155088 0.0334861 0.048222
0.0533884 0.889513 0.0299087 0.0173766 0.00981362
0.0565584 0.755168 0.0734431 0.11473 9.9991E-05
0.0359453 0.81468 0.0685011 0.0740955 0.00677826
0.127469 0.731139 0.058867 0.0511743 0.0313502
0.0343096 0.77966 0.0786493 0.105519 0.00186168
0.498572 9.9982E-05 9.9982E-05 0.110772 0.390456
0.40831 0.00762415 9.9991E-05 0.0329842 0.550981
0.253236 0.014097 9.9991E-05 0.0967043 0.635863
0.316573 9.9982E-05 9.9982E-05 0.136461 0.546766
0.227035 0.0390096 0.0459144 0.193332 0.494709
0.324174 0.0367716 0.0747606 0.218396 0.345898
0.351611 0.00298116 0.0190179 0.224227 0.402163
0.483374 9.9982E-05 9.9982E-05 0.128696 0.38773
0.367166 9.9982E-05 9.9982E-05 0.0469985 0.585635
0.489031 9.9982E-05 9.9982E-05 0.168395 0.342374
0.461268 9.9982E-05 9.9982E-05 0.0695045 0.469028
0.372836 0.0069142 9.9991E-05 0.0983279 0.521822
0.785758 0.111758 0.0801789 0.0222046 9.9991E-05
0.838379 0.0962976 0.0498999 0.015324 9.9991E-05
0.622492 0.121559 0.0725345 0.0659997 0.117414
0.718181 0.154156 0.0591771 9.9991E-05 0.0683863
0.85105 0.0759476 9.9982E-05 9.9982E-05 0.072802
0.630619 0.135583 0.105077 0.0904772 0.0382441
0.737456 0.127623 0.0529828 0.0818383 9.9991E-05
0.718289 0.140124 0.076394 0.0251646 0.040029
0.876459 0.0996171 0.0128214 9.9991E-05 0.0110029
0.847828 0.0762693 0.0757029 9.9982E-05 9.9982E-05
0.791035 0.108453 0.060764 0.0396475 9.9991E-05
9.9973E-05 9.9973E-05 0.741419 9.9973E-05 0.258281
0.0343052 9.9982E-05 0.724744 9.9982E-05 0.240751
9.9991E-05 0.0413268 0.752021 0.00495152 0.2016
9.9991E-05 0.0535063 0.67819 0.065299 0.202905
0.00313932 0.0642168 0.692209 0.0604474 0.179988
9.9991E-05 0.0720522 0.710392 0.083729 0.133726
9.9991E-05 0.0429262 0.748594 0.0664205 0.141959
0.0256219 0.00887821 0.829703 9.9991E-05 0.135696
0.029324 9.9982E-05 0.699429 9.9982E-05 0.271047
9.9991E-05 0.026866 0.720322 0.0629271 0.189785
9.9991E-05 0.0509768 0.68585 0.0320802 0.230993
9.9991E-05 0.0555349 0.784749 0.0976953 0.0619208
0.0538617 0.0223107 0.288324 0.110281 0.525223
9.9991E-05 0.0468341 0.206047 0.0793601 0.667659
0.0242018 0.0134319 0.214775 0.0437728 0.703818
0.0150259 0.0776616 0.237915 0.0189152 0.650483
9.9991E-05 0.062326 0.262027 0.0801083 0.595438
9.9991E-05 0.0449357 0.269391 0.126499 0.559074
0.0582506 0.0104311 0.194352 0.0508681 0.686098
0.0461876 0.029846 0.187673 0.0617655 0.674528
0.0120666 0.0568925 0.23058 0.0155861 0.684875
0.0517342 0.0617905 0.239619 0.0134296 0.633427
0.0885204 0.00627216 0.225368 0.0223158 0.657524
0.0148275 0.0598223 0.28463 0.0389203 0.6018
0.0121508 9.9982E-05 0.979473 0.00817629 9.9982E-05
0.00138662 9.9973E-05 0.998313 9.9973E-05 9.9973E-05
9.997E-05 9.997E-05 0.9996 9.997E-05 9.997E-05
9.9973E-05 0.0236639 0.976036 9.9973E-05 9.9973E-05
9.9982E-05 0.0142035 0.943949 0.0416472 9.9982E-05
9.9982E-05 0.0340438 0.894281 0.0714748 9.9982E-05
9.9991E-05 0.00497262 0.936947 0.034823 0.0231574
0.00368198 0.0231788 0.961939 0.00345073 0.00774962
0.000429697 9.9973E-05 0.99927 9.9973E-05 9.9973E-05
0.0193561 9.9973E-05 0.980344 9.9973E-05 9.9973E-05
9.997E-05 9.997E-05 0.9996 9.997E-05 9.997E-05
9.9982E-05 0.0110543 0.950569 0.0381768 9.9982E-05
0.646657 0.153872 0.0429353 0.0600994 0.0964363
0.70897 0.157333 0.0279407 0.0430364 0.0627197
0.841234 0.0968816 0.0397722 9.9991E-05 0.0220122
0.636239 0.176077 0.0790856 0.0463374 0.0622603
0.666886 0.12575 0.0136745 0.0834723 0.110218
0.622699 0.153597 0.130403 0.0776157 0.0156852
0.799109 0.0753917 0.0787288 0.0466702 9.9991E-05
0.760556 0.0904721 0.0796053 0.0692662 9.9991E-05
0.857805 0.0820467 0.000454266 9.9991E-05 0.0595943
0.746498 0.105044 0.0953359 0.0530213 9.9991E-05
0.809115 0.126645 0.0588388 9.9991E-05 0.00530197
0.870799 0.089142 0.0398586 9.9982E-05 9.9982E-05
0.80317 0.114082 0.0292785 0.0120852 0.0413847
0.884783 0.0565492 9.9982E-05 9.9982E-05 0.0584678
0.644351 0.122915 0.0946446 0.137989 9.9991E-05
0.128932 0.00280763 0.128334 0.00570478 0.734222
0.0545945 0.0582508 0.40657 0.0982352 0.38235
0.107206 0.0295225 0.144579 0.00486543 0.713827
0.106984 0.0269465 0.14958 0.0406273 0.675863
0.116081 0.0172202 0.254642 0.0994875 0.512569
0.0547557 0.0557266 0.327745 0.0163239 0.545449
0.149566 0.00176557 0.2039 0.019245 0.625523
0.041649 0.0389481 0.173387 0.0258699 0.720146
0.352133 0.0936548 0.0984405 0.323765 0.132006
0.513967 0.00957592 0.00643071 0.350409 0.119616
0.541074 9.9982E-05 9.9982E-05 0.357443 0.101283
0.407487 0.0648869 0.0732972 0.224425 0.229905
0.479087 0.0197036 0.0979725 0.276214 0.127023
0.449036 0.040669 0.0314121 0.352602 0.126281
0.531514 9.9982E-05 9.9982E-05 0.323274 0.145012
0.459722 0.0161567 0.0212997 0.366153 0.136669
0.408075 0.045045 0.03485 0.347031 0.164998
0.396554 0.0672104 0.0491255 0.334238 0.152872
0.424417 0.0623293 0.0560474 0.320776 0.136431
0.424107 0.0475967 0.0701505 0.379232 0.0789138
0.436294 0.0191235 0.0512532 0.360063 0.133265
0.304177 0.071573 0.111785 0.448576 0.0638891
0.397694 0.0286271 0.0856136 0.470515 0.0175502
0.339505 0.0696143 0.0381112 0.45488 0.0978895
0.448411 0.019598 0.0648314 0.431444 0.0357147
0.426069 0.0722204 0.0520615 0.3715 0.078149
0.399122 0.0522675 0.0414803 0.388417 0.118714
0.371254 0.0900686 0.0566319 0.397207 0.0848385
0.309367 0.0872932 0.150874 0.430647 0.0218196
0.350876 0.0810303 0.0791511 0.362216 0.126727
0.315706 0.0604975 0.0491616 0.485626 0.0890087
